0.3622 0.0001
0.7192 0.0001
1.0831 0.0001
1.4404 0.0002
1.8028 0.0002
2.1649 0.0003
2.5220 0.0003
2.8859 0.0004
3.2429 0.0005
3.6056 0.0005
3.9677 0.0007
4.3249 0.0007
4.6888 0.0009
5.0453 0.0010
5.4085 0.0010
5.7706 0.0012
6.1278 0.0013
6.4916 0.0015
6.8478 0.0016
7.2115 0.0017
7.5735 0.0019
7.9307 0.0020
8.2946 0.0022
8.6504 0.0024
9.0144 0.0025
9.3764 0.0028
9.7337 0.0030
10.0975 0.0032
10.4533 0.0034
10.8174 0.0036
11.1789 0.0039
11.5367 0.0040
11.9005 0.0043
12.2563 0.0046
12.6203 0.0048
12.9813 0.0051
13.3395 0.0053
13.7031 0.0056
14.0589 0.0059
14.4229 0.0061
14.7831 0.0065
15.1420 0.0067
15.5054 0.0070
15.8612 0.0073
16.2251 0.0076
16.5844 0.0080
16.9440 0.0082
17.3073 0.0086
17.6631 0.0089
18.0269 0.0092
18.3853 0.0096
18.7457 0.0098
19.1088 0.0102
19.4645 0.0105
19.8283 0.0108
20.1857 0.0112
20.5469 0.0114
20.9099 0.0119
21.2657 0.0122
21.6293 0.0125
21.9855 0.0129
22.3478 0.0131
22.7106 0.0136
23.0664 0.0139
23.4299 0.0142
23.7857 0.0146
24.1484 0.0148
24.5104 0.0153
24.8669 0.0155
25.2305 0.0159
25.5862 0.0163
25.9490 0.0165
26.3098 0.0170
26.6675 0.0172
27.0310 0.0176
27.3867 0.0180
27.7496 0.0182
28.1093 0.0187
28.4680 0.0189
28.8316 0.0193
29.1871 0.0197
29.5502 0.0200
29.9087 0.0204
30.2686 0.0206
30.6321 0.0210
30.9876 0.0214
31.3507 0.0217
31.7082 0.0221
32.0691 0.0223
32.4327 0.0227
32.7881 0.0231
33.1513 0.0234
33.5083 0.0238
33.8696 0.0240
34.2326 0.0245
34.5886 0.0248
34.9519 0.0251
35.3087 0.0255
35.6702 0.0257
36.0322 0.0262
36.3890 0.0265
36.7524 0.0268
37.1091 0.0272
37.4707 0.0274
37.8319 0.0279
38.1895 0.0281
38.5529 0.0285
38.9095 0.0289
39.2712 0.0292
39.6316 0.0296
39.9900 0.0298
40.3535 0.0302
40.7099 0.0306
41.0718 0.0309
41.4312 0.0313
41.7904 0.0315
42.1540 0.0319
42.5102 0.0323
42.8723 0.0326
43.2310 0.0330
43.5909 0.0332
43.9545 0.0336
44.3106 0.0340
44.6728 0.0343
45.0313 0.0347
45.3914 0.0349
45.7544 0.0353
46.1110 0.0357
46.4733 0.0360
46.8316 0.0364
47.1918 0.0367
47.4504 0.0371
47.6583 0.0374
47.9114 0.0374
48.2738 0.0377
48.6319 0.0381
48.9923 0.0384
49.3543 0.0388
49.7118 0.0391
50.0743 0.0394
50.4323 0.0398
50.7928 0.0401
51.1542 0.0405
51.5122 0.0408
51.8748 0.0411
52.2326 0.0415
52.5932 0.0418
52.9541 0.0422
53.3125 0.0425
53.6753 0.0428
54.0329 0.0432
54.3937 0.0435
54.7541 0.0439
55.1129 0.0442
55.4758 0.0445
55.8333 0.0449
56.1941 0.0452
56.5542 0.0456
56.9133 0.0459
57.2762 0.0463
57.6336 0.0466
57.9946 0.0469
58.3545 0.0473
58.7137 0.0476
59.0763 0.0480
59.4339 0.0483
59.7950 0.0486
60.1548 0.0490
60.5141 0.0493
60.8765 0.0497
61.2343 0.0500
61.5954 0.0503
61.9551 0.0507
62.3144 0.0510
62.6766 0.0514
63.0346 0.0517
63.3959 0.0520
63.7554 0.0524
64.1148 0.0527
64.4768 0.0531
64.8349 0.0534
65.1963 0.0537
65.5557 0.0541
65.9152 0.0544
66.2769 0.0548
66.6353 0.0551
66.9967 0.0554
67.3560 0.0558
67.7156 0.0561
68.0771 0.0565
68.4356 0.0568
68.7972 0.0572
69.1563 0.0575
69.5159 0.0578
69.8773 0.0582
70.2359 0.0585
70.5976 0.0589
70.9566 0.0592
71.3163 0.0595
71.6775 0.0599
72.0362 0.0602
72.3980 0.0606
72.7569 0.0609
73.1167 0.0612
73.4778 0.0616
73.8366 0.0619
74.1983 0.0623
74.5572 0.0626
74.9170 0.0629
75.2781 0.0633
75.6369 0.0636
75.9986 0.0640
76.3575 0.0643
76.7174 0.0647
77.0784 0.0650
77.4372 0.0653
77.7989 0.0657
78.1578 0.0660
78.5178 0.0664
78.8787 0.0667
79.2375 0.0670
79.5992 0.0674
79.9581 0.0678
80.3181 0.0681
80.6790 0.0684
81.0378 0.0688
81.3995 0.0691
81.7585 0.0695
82.1185 0.0698
82.4793 0.0701
82.8382 0.0705
83.1998 0.0708
83.5588 0.0712
83.9189 0.0715
84.2796 0.0718
84.6385 0.0722
85.0001 0.0725
85.3591 0.0729
85.7192 0.0732
86.0799 0.0735
86.4388 0.0739
86.8004 0.0742
87.1594 0.0746
87.5196 0.0749
87.8802 0.0752
88.2391 0.0756
88.6008 0.0759
88.9597 0.0763
89.3200 0.0766
89.6805 0.0769
90.0395 0.0773
90.4011 0.0776
90.7600 0.0780
91.1203 0.0783
91.4808 0.0786
91.8398 0.0790
92.2014 0.0793
92.5603 0.0797
92.9207 0.0800
93.2811 0.0804
93.6401 0.0807
94.0017 0.0810
94.3606 0.0814
94.7210 0.0817
95.0814 0.0821
95.4404 0.0824
95.8020 0.0827
96.1610 0.0831
96.5214 0.0834
96.8817 0.0838
97.2408 0.0841
97.6023 0.0844
97.9613 0.0848
98.3217 0.0851
98.6820 0.0855
99.0411 0.0858
99.4026 0.0861
99.7616 0.0865
100.1221 0.0868
100.4824 0.0872
100.8414 0.0875
101.2029 0.0878
101.5619 0.0882
101.9224 0.0885
102.2827 0.0889
102.6417 0.0892
103.0032 0.0895
103.3622 0.0899
103.7227 0.0902
104.0830 0.0906
104.4421 0.0909
104.8036 0.0912
105.1625 0.0916
105.5231 0.0919
105.8833 0.0923
106.2424 0.0926
106.6039 0.0929
106.9628 0.0933
107.3234 0.0936
107.6836 0.0940
108.0427 0.0943
108.4042 0.0946
108.7631 0.0950
109.1237 0.0953
109.4839 0.0957
109.8430 0.0960
110.2045 0.0963
110.5634 0.0967
110.9241 0.0970
111.2842 0.0974
111.6434 0.0977
112.0048 0.0980
112.3638 0.0984
112.7244 0.0987
113.0846 0.0991
113.4437 0.0994
113.8052 0.0997
114.1641 0.1001
114.5247 0.1004
114.8849 0.1008
115.2440 0.1011
115.6055 0.1014
115.9644 0.1018
116.3251 0.1021
116.6852 0.1025
117.0443 0.1028
117.4058 0.1031
117.7647 0.1035
118.1254 0.1038
118.4855 0.1042
118.8447 0.1045
119.2061 0.1048
119.5650 0.1052
119.9257 0.1055
120.2858 0.1059
120.6450 0.1062
121.0064 0.1065
121.3654 0.1069
121.7260 0.1072
122.0862 0.1076
122.4453 0.1079
122.8068 0.1082
123.1657 0.1086
123.5264 0.1089
123.8865 0.1093
124.2456 0.1096
124.6071 0.1099
124.9660 0.1103
125.3267 0.1106
125.6868 0.1110
126.0459 0.1113
126.4074 0.1116
126.7663 0.1120
127.1270 0.1123
127.4871 0.1127
127.8463 0.1130
128.2077 0.1133
128.5666 0.1137
128.9273 0.1140
129.2875 0.1144
129.6466 0.1147
130.0081 0.1150
130.3670 0.1154
130.7276 0.1157
131.0878 0.1161
131.4469 0.1164
131.8084 0.1167
132.1673 0.1171
132.5279 0.1174
132.8881 0.1178
133.2472 0.1181
133.6087 0.1184
133.9676 0.1188
134.3282 0.1191
134.6884 0.1195
135.0475 0.1198
135.4090 0.1201
135.7680 0.1205
136.1285 0.1208
136.4888 0.1212
136.8478 0.1215
137.2094 0.1218
137.5683 0.1222
137.9288 0.1225
138.2891 0.1229
138.6482 0.1232
139.0097 0.1235
139.3686 0.1239
139.7291 0.1242
140.0894 0.1246
140.4485 0.1249
140.8100 0.1252
141.1690 0.1256
141.5294 0.1259
141.8898 0.1263
142.2488 0.1266
142.6103 0.1269
142.9693 0.1273
143.3297 0.1276
143.6901 0.1280
144.0491 0.1283
144.4107 0.1286
144.7696 0.1290
145.1300 0.1293
145.4904 0.1297
145.8494 0.1300
146.2110 0.1303
146.5699 0.1307
146.9303 0.1310
147.2907 0.1314
147.6497 0.1317
148.0113 0.1320
148.3703 0.1324
148.7306 0.1327
149.0911 0.1331
149.4501 0.1334
149.8117 0.1337
150.1706 0.1341
150.5309 0.1344
150.8914 0.1348
151.2504 0.1351
151.6120 0.1354
151.9709 0.1358
152.3312 0.1361
152.6918 0.1365
153.0507 0.1368
153.4123 0.1371
153.7713 0.1375
154.1315 0.1378
154.4921 0.1382
154.8510 0.1385
155.2127 0.1388
155.5716 0.1392
155.9317 0.1395
156.2924 0.1398
156.6513 0.1402
157.0130 0.1405
157.3719 0.1409
157.7320 0.1412
158.0928 0.1415
158.4516 0.1419
158.8133 0.1422
159.1723 0.1426
159.5323 0.1429
159.8931 0.1432
160.2520 0.1436
160.6137 0.1439
160.9726 0.1443
161.3326 0.1446
161.6934 0.1449
162.0523 0.1453
162.4140 0.1456
162.7729 0.1460
163.1328 0.1463
163.4938 0.1466
163.8526 0.1470
164.2143 0.1473
164.5732 0.1477
164.9331 0.1480
165.2941 0.1483
165.6529 0.1487
166.0147 0.1490
166.3736 0.1494
166.7334 0.1497
167.0945 0.1500
167.4532 0.1503
167.8150 0.1507
168.1739 0.1511
168.5336 0.1514
168.8949 0.1517
169.2535 0.1520
169.6153 0.1524
169.9742 0.1527
170.3339 0.1530
170.6953 0.1534
171.0539 0.1537
171.4155 0.1541
171.7746 0.1544
172.1342 0.1547
172.4958 0.1551
172.8542 0.1554
173.2157 0.1558
173.5749 0.1561
173.9345 0.1564
174.2962 0.1568
174.6545 0.1571
175.0159 0.1575
175.3752 0.1578
175.7347 0.1581
176.0967 0.1585
176.4548 0.1588
176.8162 0.1592
177.1756 0.1595
177.5350 0.1598
177.8972 0.1602
178.2551 0.1605
178.6164 0.1608
178.9759 0.1612
179.3352 0.1615
179.6977 0.1619
180.0554 0.1622
180.4166 0.1625
180.7762 0.1629
181.1355 0.1632
181.4982 0.1636
181.8557 0.1639
182.2168 0.1642
182.5766 0.1646
182.9358 0.1649
183.2986 0.1653
183.6560 0.1656
184.0170 0.1659
184.3770 0.1663
184.7360 0.1666
185.0991 0.1670
185.4563 0.1673
185.8172 0.1676
186.1777 0.1680
186.5363 0.1683
186.8992 0.1687
187.2566 0.1690
187.6173 0.1693
187.9784 0.1697
188.3365 0.1700
188.6994 0.1703
189.0569 0.1707
189.4175 0.1710
189.7791 0.1714
190.1368 0.1717
190.4995 0.1720
190.8572 0.1724
191.2177 0.1727
191.5798 0.1731
191.9370 0.1734
192.2996 0.1737
192.6575 0.1741
193.0179 0.1744
193.3805 0.1748
193.7373 0.1751
194.0998 0.1754
194.4578 0.1758
194.8180 0.1761
195.1812 0.1765
195.5375 0.1768
195.8999 0.1771
196.2581 0.1775
196.6182 0.1778
196.9820 0.1782
197.3378 0.1785
197.7000 0.1788
198.0590 0.1792
198.4184 0.1795
198.7822 0.1799
199.1380 0.1802
199.5001 0.1805
199.8599 0.1809
200.2186 0.1812
200.5823 0.1815
200.9383 0.1819
201.3002 0.1822
201.6609 0.1826
202.0187 0.1829
202.3824 0.1832
202.7385 0.1836
203.1004 0.1839
203.4619 0.1843
203.8189 0.1846
204.1825 0.1849
204.5388 0.1853
204.9005 0.1856
205.2629 0.1860
205.6191 0.1863
205.9826 0.1866
206.3390 0.1870
206.7005 0.1872
207.0639 0.1877
207.4192 0.1880
207.7826 0.1883
208.1396 0.1887
208.5006 0.1889
208.8643 0.1894
209.2192 0.1897
209.5824 0.1900
209.9402 0.1904
210.3002 0.1906
210.6639 0.1910
211.0187 0.1914
211.3818 0.1916
211.7404 0.1920
212.0994 0.1923
212.4630 0.1927
212.8178 0.1930
213.1807 0.1932
213.5400 0.1936
213.8982 0.1938
214.2617 0.1942
214.6165 0.1945
214.9793 0.1947
215.3391 0.1951
215.6966 0.1953
216.0600 0.1956
216.4148 0.1959
216.7774 0.1961
217.1377 0.1965
217.4946 0.1966
217.8579 0.1969
218.2126 0.1972
218.5751 0.1973
218.9358 0.1977
219.2921 0.1978
219.6553 0.1981
220.0100 0.1983
220.3723 0.1984
220.7333 0.1987
221.0893 0.1988
221.4523 0.1990
221.8070 0.1992
222.1691 0.1993
222.5303 0.1995
222.8859 0.1996
223.2488 0.1998
223.6035 0.1999
223.9655 0.1999
224.3267 0.2002
224.6821 0.2002
225.0449 0.2003
225.3995 0.2004
225.7615 0.2003
226.1226 0.2005
226.4780 0.2005
226.8404 0.2005
227.1992 0.2006
227.5558 0.2006
227.9129 0.2005
228.2739 0.2005
228.6365 0.2005
228.9910 0.2005
229.3530 0.2003
229.7142 0.2003
230.0694 0.2002
230.4322 0.2002
230.7867 0.2001
231.1487 0.1999
231.5100 0.1999
231.8651 0.1997
232.2279 0.1996
232.5824 0.1995
232.9443 0.1992
233.3057 0.1992
233.6607 0.1989
234.0234 0.1987
234.3780 0.1986
234.7398 0.1983
235.1013 0.1982
235.4562 0.1979
235.8190 0.1976
236.1735 0.1974
236.5354 0.1970
236.8969 0.1969
237.2517 0.1965
237.6145 0.1963
237.9690 0.1960
238.3308 0.1956
238.6924 0.1953
239.0472 0.1949
239.4099 0.1946
239.7644 0.1943
240.1262 0.1938
240.4879 0.1935
240.8426 0.1931
241.2053 0.1927
241.5598 0.1923
241.9216 0.1918
242.2833 0.1914
242.6379 0.1909
243.0007 0.1905
243.3552 0.1901
243.7170 0.1895
244.0789 0.1891
244.4335 0.1885
244.7963 0.1880
245.1509 0.1876
245.5128 0.1869
245.8748 0.1865
246.2293 0.1859
246.5923 0.1853
246.9473 0.1848
247.3089 0.1841
247.6710 0.1837
248.0256 0.1830
248.3886 0.1824
248.7440 0.1819
249.1053 0.1812
249.4676 0.1807
249.8222 0.1800
250.1853 0.1794
250.5413 0.1788
250.9022 0.1780
251.2646 0.1775
251.6192 0.1768
251.9824 0.1761
252.3390 0.1755
252.6994 0.1748
253.0619 0.1742
253.4166 0.1735
253.7798 0.1727
254.1372 0.1721
254.4970 0.1714
254.8597 0.1707
255.2143 0.1700
255.5777 0.1693
255.9358 0.1687
256.2949 0.1679
256.6578 0.1672
257.0125 0.1665
257.3759 0.1657
257.7350 0.1651
258.0933 0.1643
258.4563 0.1637
258.8110 0.1630
259.1745 0.1622
259.5346 0.1615
259.8921 0.1607
260.2552 0.1601
260.6099 0.1594
260.9735 0.1585
261.3346 0.1579
261.6911 0.1572
262.0544 0.1565
262.4097 0.1558
262.7726 0.1549
263.1340 0.1543
263.4902 0.1536
263.8535 0.1528
264.2096 0.1522
264.5717 0.1514
264.9333 0.1507
265.2893 0.1500
265.6527 0.1492
266.0094 0.1486
266.3708 0.1478
266.7325 0.1471
267.0884 0.1464
267.4519 0.1456
267.8093 0.1450
268.1700 0.1442
268.5317 0.1435
268.8876 0.1428
269.2510 0.1420
269.6091 0.1414
269.9691 0.1406
270.3309 0.1399
270.6867 0.1392
271.0502 0.1384
271.4089 0.1378
271.7682 0.1370
272.1302 0.1363
272.4859 0.1356
272.8494 0.1348
273.2087 0.1342
273.5674 0.1334
273.9294 0.1327
274.2850 0.1320
274.6486 0.1312
275.0084 0.1306
275.3666 0.1298
275.7287 0.1291
276.0845 0.1284
276.4478 0.1276
276.8077 0.1270
277.1657 0.1262
277.5279 0.1255
277.8841 0.1248
278.2470 0.1240
278.6070 0.1234
278.9649 0.1226
279.3272 0.1219
279.6836 0.1212
280.0462 0.1204
280.4063 0.1198
280.7641 0.1190
281.1264 0.1183
281.4832 0.1176
281.8454 0.1168
282.2056 0.1162
282.5633 0.1154
282.9257 0.1147
283.2826 0.1140
283.6447 0.1132
284.0049 0.1126
284.3626 0.1118
284.7250 0.1111
285.0821 0.1104
285.4439 0.1096
285.8042 0.1090
286.1618 0.1082
286.5242 0.1075
286.8816 0.1068
287.2431 0.1060
287.6035 0.1054
287.9610 0.1046
288.3235 0.1039
288.6810 0.1032
289.0424 0.1024
289.4028 0.1018
289.7603 0.1010
290.1228 0.1003
290.4804 0.0996
290.8417 0.0988
291.2021 0.0982
291.5595 0.0974
291.9220 0.0967
292.2798 0.0960
292.6409 0.0952
293.0013 0.0946
293.3588 0.0938
293.7213 0.0931
294.0792 0.0924
294.4402 0.0916
294.8006 0.0910
295.1581 0.0902
295.5206 0.0895
295.8785 0.0888
296.2395 0.0880
296.5999 0.0874
296.9574 0.0866
297.3199 0.0859
297.6779 0.0852
298.0388 0.0844
298.3992 0.0838
298.7566 0.0830
299.1192 0.0823
299.4772 0.0816
299.8381 0.0808
300.1985 0.0802
300.5559 0.0794
300.9185 0.0787
301.2765 0.0780
301.6374 0.0772
301.9978 0.0766
302.3553 0.0758
302.7178 0.0751
303.0757 0.0744
303.4367 0.0736
303.7971 0.0730
304.1546 0.0722
304.5171 0.0715
304.8750 0.0708
305.2360 0.0700
305.5964 0.0694
305.9539 0.0686
306.3164 0.0679
306.6742 0.0672
307.0353 0.0664
307.3957 0.0658
307.7533 0.0650
308.1157 0.0643
308.4734 0.0636
308.8347 0.0628
309.1950 0.0622
309.5526 0.0614
309.9150 0.0607
310.2726 0.0600
310.6340 0.0592
310.9943 0.0586
311.3520 0.0578
311.7144 0.0571
312.0717 0.0564
312.4333 0.0556
312.7936 0.0550
313.1513 0.0542
313.5137 0.0535
313.8709 0.0528
314.2327 0.0520
314.5929 0.0513
314.9507 0.0506
315.3130 0.0499
315.6700 0.0492
316.0321 0.0484
316.3923 0.0477
316.7502 0.0470
317.1125 0.0463
317.4693 0.0456
317.8317 0.0448
318.1920 0.0442
318.5500 0.0434
318.9124 0.0427
319.2691 0.0420
319.6318 0.0412
319.9921 0.0406
320.3503 0.0398
320.7127 0.0392
321.0694 0.0385
321.4323 0.0377
321.7926 0.0371
322.1509 0.0364
322.5134 0.0357
322.8701 0.0350
323.2332 0.0343
323.5936 0.0337
323.9520 0.0330
324.3146 0.0323
324.6713 0.0317
325.0346 0.0310
325.3951 0.0304
325.7536 0.0297
326.1162 0.0291
326.4731 0.0285
326.8364 0.0278
327.1970 0.0273
327.5555 0.0266
327.9183 0.0260
328.2751 0.0255
328.6385 0.0248
328.9991 0.0243
329.3576 0.0237
329.7204 0.0231
330.0773 0.0226
330.4406 0.0220
330.8012 0.0215
331.1598 0.0209
331.5226 0.0204
331.8794 0.0199
332.2428 0.0193
332.6034 0.0189
332.9620 0.0183
333.3248 0.0179
333.6816 0.0174
334.0451 0.0168
334.4056 0.0164
334.7643 0.0159
335.1270 0.0155
335.4838 0.0150
335.8473 0.0145
336.2079 0.0141
336.5665 0.0137
336.9293 0.0133
337.2860 0.0128
337.6496 0.0124
338.0102 0.0120
338.3689 0.0116
338.7316 0.0112
339.0882 0.0108
339.4520 0.0104
339.8125 0.0101
340.1713 0.0097
340.5340 0.0093
340.8905 0.0090
341.2544 0.0086
341.6149 0.0083
341.9737 0.0079
342.3363 0.0076
342.6927 0.0073
343.0568 0.0069
343.4173 0.0067
343.7761 0.0064
344.1388 0.0061
344.4952 0.0058
344.8593 0.0055
345.2195 0.0053
345.5786 0.0050
345.9412 0.0048
346.2977 0.0045
346.6618 0.0042
347.0218 0.0041
347.3812 0.0038
347.7437 0.0036
348.1002 0.0034
348.4643 0.0031
348.8240 0.0030
349.1837 0.0027
349.5462 0.0026
349.9028 0.0024
350.2669 0.0022
350.6263 0.0021
350.9863 0.0018
351.3488 0.0017
351.7055 0.0016
352.0695 0.0014
352.4286 0.0013
352.7890 0.0011
353.1514 0.0011
353.5081 0.0009
353.8721 0.0008
354.2309 0.0008
354.5917 0.0006
354.9540 0.0006
355.3108 0.0005
355.6748 0.0004
356.0332 0.0004
356.3944 0.0002
356.7567 0.0003
357.1136 0.0002
357.4775 0.0001
357.8356 0.0002
358.1972 0.0000
358.5594 0.0001
358.9163 0.0001
359.2803 0.0000
359.6380 0.0001
360.0000 0.0000
