0.0000 0.0000
0.5000 0.0001
1.0000 0.0001
1.5000 0.0002
2.0000 0.0003
2.5000 0.0003
3.0000 0.0004
3.5000 0.0005
4.0000 0.0007
4.5000 0.0008
5.0000 0.0010
5.5000 0.0011
6.0000 0.0013
6.5000 0.0015
7.0000 0.0017
7.5000 0.0019
8.0000 0.0021
8.5000 0.0024
9.0000 0.0025
9.5000 0.0029
10.0000 0.0031
10.5000 0.0034
11.0000 0.0037
11.5000 0.0040
12.0000 0.0044
12.5000 0.0047
13.0000 0.0051
13.5000 0.0054
14.0000 0.0058
14.5000 0.0062
15.0000 0.0066
15.5000 0.0070
16.0000 0.0074
16.5000 0.0079
17.0000 0.0083
17.5000 0.0087
18.0000 0.0091
18.5000 0.0096
19.0000 0.0101
19.5000 0.0105
20.0000 0.0110
20.5000 0.0114
21.0000 0.0119
21.5000 0.0124
22.0000 0.0129
22.5000 0.0133
23.0000 0.0138
23.5000 0.0143
24.0000 0.0147
24.5000 0.0153
25.0000 0.0157
25.5000 0.0162
26.0000 0.0166
26.5000 0.0171
27.0000 0.0176
27.5000 0.0181
28.0000 0.0185
28.5000 0.0190
29.0000 0.0195
29.5000 0.0199
30.0000 0.0204
30.5000 0.0209
31.0000 0.0214
31.5000 0.0218
32.0000 0.0223
32.5000 0.0228
33.0000 0.0232
33.5000 0.0238
34.0000 0.0242
34.5000 0.0247
35.0000 0.0251
35.5000 0.0256
36.0000 0.0261
36.5000 0.0266
37.0000 0.0271
37.5000 0.0275
38.0000 0.0280
38.5000 0.0285
39.0000 0.0289
39.5000 0.0294
40.0000 0.0299
40.5000 0.0304
41.0000 0.0308
41.5000 0.0313
42.0000 0.0318
42.5000 0.0323
43.0000 0.0327
43.5000 0.0332
44.0000 0.0337
44.5000 0.0341
45.0000 0.0346
45.5000 0.0351
46.0000 0.0356
46.5000 0.0360
47.0000 0.0365
47.5000 0.0372
48.0000 0.0375
48.5000 0.0380
49.0000 0.0384
49.5000 0.0389
50.0000 0.0393
50.5000 0.0398
51.0000 0.0403
51.5000 0.0408
52.0000 0.0413
52.5000 0.0417
53.0000 0.0422
53.5000 0.0427
54.0000 0.0432
54.5000 0.0436
55.0000 0.0441
55.5000 0.0446
56.0000 0.0450
56.5000 0.0455
57.0000 0.0460
57.5000 0.0465
58.0000 0.0469
58.5000 0.0474
59.0000 0.0479
59.5000 0.0484
60.0000 0.0488
60.5000 0.0493
61.0000 0.0498
61.5000 0.0502
62.0000 0.0507
62.5000 0.0512
63.0000 0.0517
63.5000 0.0521
64.0000 0.0526
64.5000 0.0531
65.0000 0.0536
65.5000 0.0541
66.0000 0.0545
66.5000 0.0550
67.0000 0.0555
67.5000 0.0559
68.0000 0.0564
68.5000 0.0569
69.0000 0.0574
69.5000 0.0578
70.0000 0.0583
70.5000 0.0588
71.0000 0.0593
71.5000 0.0597
72.0000 0.0602
72.5000 0.0607
73.0000 0.0611
73.5000 0.0616
74.0000 0.0621
74.5000 0.0626
75.0000 0.0630
75.5000 0.0635
76.0000 0.0640
76.5000 0.0645
77.0000 0.0649
77.5000 0.0654
78.0000 0.0659
78.5000 0.0663
79.0000 0.0668
79.5000 0.0673
80.0000 0.0678
80.5000 0.0682
81.0000 0.0687
81.5000 0.0692
82.0000 0.0697
82.5000 0.0701
83.0000 0.0706
83.5000 0.0711
84.0000 0.0716
84.5000 0.0720
85.0000 0.0725
85.5000 0.0730
86.0000 0.0735
86.5000 0.0739
87.0000 0.0744
87.5000 0.0749
88.0000 0.0754
88.5000 0.0758
89.0000 0.0763
89.5000 0.0768
90.0000 0.0772
90.5000 0.0777
91.0000 0.0782
91.5000 0.0787
92.0000 0.0791
92.5000 0.0796
93.0000 0.0801
93.5000 0.0805
94.0000 0.0810
94.5000 0.0815
95.0000 0.0820
95.5000 0.0824
96.0000 0.0829
96.5000 0.0834
97.0000 0.0839
97.5000 0.0843
98.0000 0.0848
98.5000 0.0853
99.0000 0.0857
99.5000 0.0862
100.0000 0.0867
100.5000 0.0872
101.0000 0.0876
101.5000 0.0881
102.0000 0.0886
102.5000 0.0891
103.0000 0.0895
103.5000 0.0900
104.0000 0.0905
104.5000 0.0909
105.0000 0.0914
105.5000 0.0919
106.0000 0.0924
106.5000 0.0928
107.0000 0.0933
107.5000 0.0938
108.0000 0.0942
108.5000 0.0947
109.0000 0.0952
109.5000 0.0957
110.0000 0.0961
110.5000 0.0966
111.0000 0.0971
111.5000 0.0976
112.0000 0.0980
112.5000 0.0985
113.0000 0.0990
113.5000 0.0994
114.0000 0.0999
114.5000 0.1004
115.0000 0.1009
115.5000 0.1013
116.0000 0.1018
116.5000 0.1023
117.0000 0.1028
117.5000 0.1032
118.0000 0.1037
118.5000 0.1042
119.0000 0.1046
119.5000 0.1051
120.0000 0.1056
120.5000 0.1061
121.0000 0.1065
121.5000 0.1070
122.0000 0.1075
122.5000 0.1079
123.0000 0.1084
123.5000 0.1089
124.0000 0.1094
124.5000 0.1098
125.0000 0.1103
125.5000 0.1108
126.0000 0.1113
126.5000 0.1117
127.0000 0.1122
127.5000 0.1127
128.0000 0.1131
128.5000 0.1136
129.0000 0.1141
129.5000 0.1146
130.0000 0.1150
130.5000 0.1155
131.0000 0.1160
131.5000 0.1164
132.0000 0.1169
132.5000 0.1174
133.0000 0.1179
133.5000 0.1183
134.0000 0.1188
134.5000 0.1193
135.0000 0.1197
135.5000 0.1202
136.0000 0.1207
136.5000 0.1212
137.0000 0.1216
137.5000 0.1221
138.0000 0.1226
138.5000 0.1231
139.0000 0.1235
139.5000 0.1240
140.0000 0.1245
140.5000 0.1249
141.0000 0.1254
141.5000 0.1259
142.0000 0.1264
142.5000 0.1268
143.0000 0.1273
143.5000 0.1278
144.0000 0.1282
144.5000 0.1287
145.0000 0.1292
145.5000 0.1297
146.0000 0.1301
146.5000 0.1306
147.0000 0.1311
147.5000 0.1315
148.0000 0.1320
148.5000 0.1325
149.0000 0.1330
149.5000 0.1334
150.0000 0.1339
150.5000 0.1344
151.0000 0.1349
151.5000 0.1353
152.0000 0.1358
152.5000 0.1363
153.0000 0.1367
153.5000 0.1372
154.0000 0.1377
154.5000 0.1382
155.0000 0.1386
155.5000 0.1391
156.0000 0.1396
156.5000 0.1400
157.0000 0.1405
157.5000 0.1410
158.0000 0.1414
158.5000 0.1419
159.0000 0.1424
159.5000 0.1428
160.0000 0.1433
160.5000 0.1438
161.0000 0.1443
161.5000 0.1447
162.0000 0.1452
162.5000 0.1457
163.0000 0.1462
163.5000 0.1466
164.0000 0.1471
164.5000 0.1476
165.0000 0.1480
165.5000 0.1485
166.0000 0.1490
166.5000 0.1495
167.0000 0.1499
167.5000 0.1504
168.0000 0.1509
168.5000 0.1513
169.0000 0.1518
169.5000 0.1523
170.0000 0.1528
170.5000 0.1532
171.0000 0.1537
171.5000 0.1542
172.0000 0.1546
172.5000 0.1551
173.0000 0.1556
173.5000 0.1561
174.0000 0.1565
174.5000 0.1570
175.0000 0.1574
175.5000 0.1579
176.0000 0.1584
176.5000 0.1589
177.0000 0.1593
177.5000 0.1598
178.0000 0.1603
178.5000 0.1607
179.0000 0.1612
179.5000 0.1617
180.0000 0.1622
180.5000 0.1626
181.0000 0.1631
181.5000 0.1636
182.0000 0.1641
182.5000 0.1645
183.0000 0.1650
183.5000 0.1655
184.0000 0.1659
184.5000 0.1664
185.0000 0.1669
185.5000 0.1674
186.0000 0.1678
186.5000 0.1683
187.0000 0.1688
187.5000 0.1692
188.0000 0.1697
188.5000 0.1702
189.0000 0.1707
189.5000 0.1711
190.0000 0.1716
190.5000 0.1720
191.0000 0.1725
191.5000 0.1730
192.0000 0.1735
192.5000 0.1739
193.0000 0.1744
193.5000 0.1749
194.0000 0.1753
194.5000 0.1758
195.0000 0.1763
195.5000 0.1768
196.0000 0.1772
196.5000 0.1777
197.0000 0.1782
197.5000 0.1786
198.0000 0.1791
198.5000 0.1796
199.0000 0.1801
199.5000 0.1805
200.0000 0.1810
200.5000 0.1815
201.0000 0.1820
201.5000 0.1824
202.0000 0.1829
202.5000 0.1834
203.0000 0.1838
203.5000 0.1843
204.0000 0.1848
204.5000 0.1853
205.0000 0.1857
205.5000 0.1862
206.0000 0.1866
206.5000 0.1871
207.0000 0.1876
207.5000 0.1881
208.0000 0.1885
208.5000 0.1889
209.0000 0.1895
209.5000 0.1899
210.0000 0.1904
210.5000 0.1909
211.0000 0.1913
211.5000 0.1918
212.0000 0.1922
212.5000 0.1927
213.0000 0.1931
213.5000 0.1936
214.0000 0.1939
214.5000 0.1944
215.0000 0.1947
215.5000 0.1952
216.0000 0.1956
216.5000 0.1960
217.0000 0.1963
217.5000 0.1966
218.0000 0.1970
218.5000 0.1973
219.0000 0.1977
219.5000 0.1980
220.0000 0.1983
220.5000 0.1985
221.0000 0.1988
221.5000 0.1991
222.0000 0.1993
222.5000 0.1995
223.0000 0.1997
223.5000 0.1999
224.0000 0.2000
224.5000 0.2002
225.0000 0.2003
225.5000 0.2004
226.0000 0.2004
226.5000 0.2005
227.0000 0.2005
227.5000 0.2006
228.0000 0.2005
228.5000 0.2005
229.0000 0.2004
229.5000 0.2003
230.0000 0.2002
230.5000 0.2001
231.0000 0.2000
231.5000 0.1999
232.0000 0.1997
232.5000 0.1995
233.0000 0.1992
233.5000 0.1990
234.0000 0.1988
234.5000 0.1985
235.0000 0.1982
235.5000 0.1978
236.0000 0.1975
236.5000 0.1971
237.0000 0.1968
237.5000 0.1963
238.0000 0.1960
238.5000 0.1955
239.0000 0.1950
239.5000 0.1945
240.0000 0.1940
240.5000 0.1935
241.0000 0.1929
241.5000 0.1924
242.0000 0.1917
242.5000 0.1911
243.0000 0.1905
243.5000 0.1898
244.0000 0.1892
244.5000 0.1884
245.0000 0.1878
245.5000 0.1869
246.0000 0.1863
246.5000 0.1855
247.0000 0.1847
247.5000 0.1839
248.0000 0.1831
248.5000 0.1823
249.0000 0.1814
249.5000 0.1806
250.0000 0.1797
250.5000 0.1788
251.0000 0.1779
251.5000 0.1770
252.0000 0.1761
252.5000 0.1752
253.0000 0.1743
253.5000 0.1733
254.0000 0.1724
254.5000 0.1714
255.0000 0.1705
255.5000 0.1694
256.0000 0.1685
256.5000 0.1675
257.0000 0.1665
257.5000 0.1655
258.0000 0.1645
258.5000 0.1636
259.0000 0.1625
259.5000 0.1616
260.0000 0.1605
260.5000 0.1596
261.0000 0.1585
261.5000 0.1576
262.0000 0.1566
262.5000 0.1556
263.0000 0.1546
263.5000 0.1535
264.0000 0.1526
264.5000 0.1515
265.0000 0.1506
265.5000 0.1495
266.0000 0.1486
266.5000 0.1475
267.0000 0.1466
267.5000 0.1455
268.0000 0.1446
268.5000 0.1436
269.0000 0.1426
269.5000 0.1416
270.0000 0.1405
270.5000 0.1396
271.0000 0.1385
271.5000 0.1376
272.0000 0.1366
272.5000 0.1356
273.0000 0.1345
273.5000 0.1335
274.0000 0.1326
274.5000 0.1315
275.0000 0.1306
275.5000 0.1295
276.0000 0.1286
276.5000 0.1275
277.0000 0.1266
277.5000 0.1256
278.0000 0.1246
278.5000 0.1236
279.0000 0.1225
279.5000 0.1216
280.0000 0.1205
280.5000 0.1196
281.0000 0.1186
281.5000 0.1176
282.0000 0.1166
282.5000 0.1156
283.0000 0.1146
283.5000 0.1135
284.0000 0.1126
284.5000 0.1115
285.0000 0.1106
285.5000 0.1095
286.0000 0.1086
286.5000 0.1076
287.0000 0.1066
287.5000 0.1056
288.0000 0.1045
288.5000 0.1036
289.0000 0.1025
289.5000 0.1016
290.0000 0.1005
290.5000 0.0996
291.0000 0.0985
291.5000 0.0975
292.0000 0.0966
292.5000 0.0955
293.0000 0.0946
293.5000 0.0935
294.0000 0.0926
294.5000 0.0915
295.0000 0.0906
295.5000 0.0895
296.0000 0.0886
296.5000 0.0876
297.0000 0.0865
297.5000 0.0855
298.0000 0.0845
298.5000 0.0836
299.0000 0.0825
299.5000 0.0816
300.0000 0.0805
300.5000 0.0795
301.0000 0.0785
301.5000 0.0775
302.0000 0.0766
302.5000 0.0755
303.0000 0.0745
303.5000 0.0735
304.0000 0.0725
304.5000 0.0715
305.0000 0.0705
305.5000 0.0695
306.0000 0.0685
306.5000 0.0675
307.0000 0.0665
307.5000 0.0655
308.0000 0.0645
308.5000 0.0635
309.0000 0.0625
309.5000 0.0615
310.0000 0.0605
310.5000 0.0595
311.0000 0.0585
311.5000 0.0575
312.0000 0.0565
312.5000 0.0555
313.0000 0.0545
313.5000 0.0535
314.0000 0.0525
314.5000 0.0515
315.0000 0.0505
315.5000 0.0495
316.0000 0.0485
316.5000 0.0475
317.0000 0.0465
317.5000 0.0455
318.0000 0.0445
318.5000 0.0435
319.0000 0.0425
319.5000 0.0415
320.0000 0.0406
320.5000 0.0396
321.0000 0.0386
321.5000 0.0376
322.0000 0.0367
322.5000 0.0357
323.0000 0.0348
323.5000 0.0339
324.0000 0.0329
324.5000 0.0320
325.0000 0.0311
325.5000 0.0302
326.0000 0.0293
326.5000 0.0285
327.0000 0.0276
327.5000 0.0267
328.0000 0.0259
328.5000 0.0251
329.0000 0.0243
329.5000 0.0235
330.0000 0.0227
330.5000 0.0219
331.0000 0.0212
331.5000 0.0204
332.0000 0.0197
332.5000 0.0190
333.0000 0.0183
333.5000 0.0176
334.0000 0.0169
334.5000 0.0163
335.0000 0.0156
335.5000 0.0150
336.0000 0.0144
336.5000 0.0137
337.0000 0.0132
337.5000 0.0126
338.0000 0.0120
338.5000 0.0114
339.0000 0.0109
339.5000 0.0103
340.0000 0.0099
340.5000 0.0094
341.0000 0.0089
341.5000 0.0084
342.0000 0.0079
342.5000 0.0075
343.0000 0.0070
343.5000 0.0066
344.0000 0.0062
344.5000 0.0058
345.0000 0.0054
345.5000 0.0050
346.0000 0.0047
346.5000 0.0043
347.0000 0.0041
347.5000 0.0037
348.0000 0.0034
348.5000 0.0031
349.0000 0.0028
349.5000 0.0026
350.0000 0.0023
350.5000 0.0021
351.0000 0.0018
351.5000 0.0017
352.0000 0.0014
352.5000 0.0013
353.0000 0.0011
353.5000 0.0009
354.0000 0.0008
354.5000 0.0006
355.0000 0.0006
355.5000 0.0004
356.0000 0.0004
356.5000 0.0002
357.0000 0.0002
357.5000 0.0001
358.0000 0.0001
358.5000 0.0001
359.0000 0.0001
359.5000 0.0001
