B,46.667 #基圆半径
G,0 #测杆滚轮半径 如果是平面随动件则可以近似设置为10倍基圆半径的滚子

A,0,359.5,0.5 #角度范围及角度步距
2.3691
2.3696
2.371
2.3733
2.3765
2.3803
2.3849
2.3899
2.396
2.4027
2.4101
2.4184
2.4277
2.4381
2.4496
2.462
2.4757
2.4905
2.5061
2.5228
2.5406
2.5594
2.5793
2.6002
2.6222
2.6451
2.6692
2.6944
2.7206
2.7482
2.7771
2.8074
2.8391
2.8722
2.9065
2.9424
2.9796
3.0183
3.0584
3.0997
3.1424
3.1867
3.2324
3.2794
3.3277
3.3776
3.4289
3.4821
3.5368
3.5932
3.6512
3.7108
3.7722
3.8352
3.8999
3.9662
4.0343
4.104
4.1755
4.2488
4.3236
4.4006
4.479
4.559
4.6408
4.7244
4.8095
4.8963
4.9848
5.0753
5.1674
5.2612
5.3568
5.4545
5.554
5.6554
5.7588
5.8639
5.971
6.0802
6.1913
6.3041
6.419
6.5362
6.6551
6.7758
6.8988
7.0237
7.1506
7.2796
7.4103
7.5432
7.6784
7.8155
7.955
8.0968
8.2406
8.3868
8.5351
8.6858
8.8389
8.994
9.1515
9.3111
9.4731
9.6374
9.804
9.9728
10.1446
10.3185
10.4948
10.6736
10.8544
11.0381
11.224
11.4124
11.6028
11.796
11.9916
12.1895
12.3899
12.5924
12.7974
13.005
13.2151
13.4275
13.6422
13.8593
14.0792
14.3011
14.5258
14.7526
14.9816
15.2135
15.4474
15.684
15.9228
16.1646
16.4083
16.6551
16.9041
17.155
17.409
17.6656
17.9236
18.1849
18.4477
18.7126
18.9804
19.2498
19.5215
19.796
20.072
20.3504
20.6314
20.9142
21.1998
21.4867
21.7764
22.0677
22.3617
22.6571
22.9549
23.2541
23.5551
23.8578
24.1622
24.4681
24.7752
25.0845
25.395
25.7075
26.0218
26.3368
26.6534
26.9717
27.2903
27.6103
27.9319
28.2538
28.5769
28.9014
29.2267
29.5525
29.8788
30.2058
30.5334
30.8613
31.1896
31.5179
31.8463
32.1752
32.504
32.8326
33.1617
33.4911
33.8202
34.1489
34.4772
34.8049
35.1317
35.4577
35.7826
36.1065
36.4291
36.7507
37.0714
37.391
37.7093
38.0262
38.3411
38.654
38.9651
39.2745
39.5812
39.8854
40.1881
40.4886
40.7868
41.0826
41.3752
41.666
41.9545
42.24
42.5229
42.8021
43.0783
43.352
43.6216
43.8886
44.1516
44.4112
44.6674
44.9206
45.1693
45.415
45.6557
45.8932
46.1263
46.356
46.5806
46.8013
47.0177
47.2297
47.4378
47.6421
47.8418
48.0372
48.228
48.414
48.5954
48.7716
48.943
49.1104
49.273
49.4304
49.5826
49.7301
49.8727
50.0101
50.1425
50.2701
50.3929
50.5105
50.6233
50.731
50.8338
50.9315
51.024
51.1113
51.1935
51.2705
51.3424
51.4092
51.471
51.5276
51.5791
51.6256
51.6674
51.7045
51.737
51.7647
51.7877
51.8058
51.819
51.8277
51.8315
51.8301
51.8235
51.8123
51.7957
51.774
51.747
51.7153
51.6781
51.6361
51.5896
51.5386
51.4829
51.4229
51.358
51.2889
51.2156
51.1384
51.0565
50.9708
50.8808
50.7866
50.6888
50.5862
50.4798
50.3691
50.254
50.1348
50.0117
49.8848
49.7536
49.6186
49.4795
49.3363
49.1893
49.0383
48.8829
48.7236
48.5605
48.3934
48.2228
48.0483
47.8701
47.688
47.5019
47.3122
47.1188
46.9217
46.7208
46.5165
46.3089
46.098
45.884
45.6666
45.4461
45.2226
44.996
44.7672
44.5356
44.3009
44.0637
43.8237
43.5814
43.3369
43.0888
42.838
42.5854
42.3301
42.0724
41.8132
41.5517
41.2872
41.0208
40.7523
40.4817
40.2091
39.9346
39.6585
39.3798
39.0995
38.817
38.5332
38.248
37.9608
37.6713
37.3801
37.0877
36.7941
36.4993
36.2026
35.9051
35.6067
35.3079
35.0079
34.7068
34.4045
34.1017
33.799
33.494
33.1903
32.8851
32.5795
32.2734
31.9675
31.6613
31.3545
31.0483
30.7416
30.4343
30.1281
29.823
29.5168
29.2093
28.903
28.5983
28.2943
27.9902
27.6856
27.3822
27.08
26.7773
26.4741
26.1714
25.8703
25.5696
25.2687
24.9693
24.6712
24.3745
24.08
23.7868
23.4935
23.2016
22.9113
22.6218
22.334
22.0478
21.7632
21.4804
21.1992
20.92
20.6422
20.3659
20.0918
19.819
19.5476
19.2786
19.0118
18.7475
18.4857
18.2258
17.9676
17.7115
17.4571
17.2051
16.9552
16.7066
16.4603
16.2159
15.9738
15.7342
15.496
15.2604
15.0275
14.797
14.569
14.3436
14.1207
13.8995
13.6809
13.4651
13.2512
13.0394
12.8304
12.6238
12.4194
12.2174
12.0178
11.8207
11.6262
11.4341
11.2443
11.0569
10.8717
10.689
10.5085
10.3301
10.154
9.9801
9.8085
9.6396
9.4729
9.3088
9.1473
8.988
8.8312
8.677
8.5249
8.3748
8.2268
8.0813
7.9382
7.7971
7.6583
7.5213
7.3869
7.2546
7.1245
6.9965
6.8704
6.7466
6.6249
6.5054
6.3876
6.2721
6.1583
6.0469
5.9376
5.83
5.7245
5.6213
5.5196
5.4202
5.3229
5.2275
5.1337
5.0421
4.9525
4.8647
4.7787
4.6945
4.6123
4.5318
4.4529
4.3762
4.301
4.2277
4.1564
4.0867
4.0187
3.9524
3.8879
3.8251
3.7638
3.7041
3.6459
3.5894
3.5344
3.4809
3.429
3.3785
3.3297
3.2823
3.2363
3.1916
3.1482
3.1064
3.066
3.0268
2.9892
2.9528
2.9179
2.8843
2.852
2.821
2.7909
2.7621
2.7347
2.7082
2.6832
2.6593
2.6368
2.6151
2.5945
2.5749
2.5565
2.5392
2.523
2.5078
2.4937
2.4806
2.4686
2.4575
2.4473
2.4382
2.4297
2.4221
2.4154
2.4095
2.4044
2.4001
2.3966
2.3941
2.3924
2.3914
2.3908
2.3909
2.3914
2.3924
2.3941
2.3963
2.3991
2.4026
2.4066
2.4111
2.416
2.4214
2.4271
2.4333
2.4398
2.4465
2.4535
2.4609
2.4687
2.4767
2.4852
2.494
2.5029
2.5124
2.5221
2.5321
2.5423
2.553
2.5636
2.5741
2.5847
2.5952
2.6057
2.6162
2.6265
2.6369
2.6472
2.6575
2.6679
2.6782
2.6885
2.6984
2.7084
2.7181
2.7273
2.7362
2.7447
2.7531
2.7612
2.7687
2.7759
2.7826
2.789
2.7954
2.8013
2.8067
2.8118
2.8164
2.8209
2.8247
2.8285
2.8316
2.8347
2.837
2.8391
2.8408
2.8422
2.843
2.8434
2.8434
2.8431
2.8422
2.8411
2.8396
2.8373
2.8345
2.8316
2.8287
2.8252
2.8211
2.8166
2.8119
2.8066
2.801
2.795
2.7889
2.7823
2.7753
2.7681
2.7603
2.7521
2.7438
2.7353
2.7263
2.7175
2.7082
2.6986
2.689
2.6795
2.6699
2.6599
2.6497
2.6394
2.6288
2.6182
2.6076
2.5972
2.5869
2.5763
2.5659
2.5557
2.5452
2.535
2.5247
2.5147
2.5049
2.4955
2.4861
2.477
2.4679
2.4594
2.451
2.4429
2.435
2.4274
2.42
2.4132
2.407
2.4032
2.3956
2.3907
2.3864
2.3822
2.3785
2.3752
2.3723
2.3702
2.3692
2.3688