0.0000 0.0003
0.5000 0.0008
1.0000 0.0022
1.5000 0.0045
2.0000 0.0077
2.5000 0.0115
3.0000 0.0161
3.5000 0.0211
4.0000 0.0272
4.5000 0.0339
5.0000 0.0413
5.5000 0.0496
6.0000 0.0589
6.5000 0.0693
7.0000 0.0808
7.5000 0.0932
8.0000 0.1069
8.5000 0.1217
9.0000 0.1373
9.5000 0.1540
10.0000 0.1718
10.5000 0.1906
11.0000 0.2105
11.5000 0.2314
12.0000 0.2534
12.5000 0.2763
13.0000 0.3004
13.5000 0.3256
14.0000 0.3518
14.5000 0.3794
15.0000 0.4083
15.5000 0.4386
16.0000 0.4703
16.5000 0.5034
17.0000 0.5377
17.5000 0.5736
18.0000 0.6108
18.5000 0.6495
19.0000 0.6896
19.5000 0.7309
20.0000 0.7736
20.5000 0.8179
21.0000 0.8636
21.5000 0.9106
22.0000 0.9589
22.5000 1.0088
23.0000 1.0601
23.5000 1.1133
24.0000 1.1680
24.5000 1.2244
25.0000 1.2824
25.5000 1.3420
26.0000 1.4034
26.5000 1.4664
27.0000 1.5311
27.5000 1.5974
28.0000 1.6655
28.5000 1.7352
29.0000 1.8067
29.5000 1.8800
30.0000 1.9548
30.5000 2.0318
31.0000 2.1102
31.5000 2.1902
32.0000 2.2720
32.5000 2.3556
33.0000 2.4407
33.5000 2.5275
34.0000 2.6160
34.5000 2.7065
35.0000 2.7986
35.5000 2.8924
36.0000 2.9880
36.5000 3.0857
37.0000 3.1852
37.5000 3.2866
38.0000 3.3900
38.5000 3.4951
39.0000 3.6022
39.5000 3.7114
40.0000 3.8225
40.5000 3.9353
41.0000 4.0502
41.5000 4.1674
42.0000 4.2863
42.5000 4.4070
43.0000 4.5300
43.5000 4.6549
44.0000 4.7818
44.5000 4.9108
45.0000 5.0415
45.5000 5.1744
46.0000 5.3096
46.5000 5.4467
47.0000 5.5862
47.5000 5.7280
48.0000 5.8718
48.5000 6.0180
49.0000 6.1663
49.5000 6.3170
50.0000 6.4701
50.5000 6.6252
51.0000 6.7827
51.5000 6.9423
52.0000 7.1043
52.5000 7.2686
53.0000 7.4352
53.5000 7.6040
54.0000 7.7758
54.5000 7.9497
55.0000 8.1260
55.5000 8.3048
56.0000 8.4856
56.5000 8.6693
57.0000 8.8552
57.5000 9.0436
58.0000 9.2340
58.5000 9.4272
59.0000 9.6228
59.5000 9.8207
60.0000 10.0211
60.5000 10.2236
61.0000 10.4286
61.5000 10.6362
62.0000 10.8463
62.5000 11.0587
63.0000 11.2734
63.5000 11.4905
64.0000 11.7104
64.5000 11.9323
65.0000 12.1570
65.5000 12.3838
66.0000 12.6128
66.5000 12.8447
67.0000 13.0786
67.5000 13.3152
68.0000 13.5540
68.5000 13.7958
69.0000 14.0395
69.5000 14.2863
70.0000 14.5353
70.5000 14.7862
71.0000 15.0402
71.5000 15.2968
72.0000 15.5548
72.5000 15.8161
73.0000 16.0789
73.5000 16.3438
74.0000 16.6116
74.5000 16.8810
75.0000 17.1527
75.5000 17.4272
76.0000 17.7032
76.5000 17.9816
77.0000 18.2626
77.5000 18.5454
78.0000 18.8310
78.5000 19.1179
79.0000 19.4076
79.5000 19.6989
80.0000 19.9929
80.5000 20.2883
81.0000 20.5861
81.5000 20.8853
82.0000 21.1863
82.5000 21.4890
83.0000 21.7934
83.5000 22.0993
84.0000 22.4064
84.5000 22.7157
85.0000 23.0262
85.5000 23.3387
86.0000 23.6530
86.5000 23.9680
87.0000 24.2846
87.5000 24.6029
88.0000 24.9215
88.5000 25.2415
89.0000 25.5631
89.5000 25.8850
90.0000 26.2081
90.5000 26.5326
91.0000 26.8579
91.5000 27.1837
92.0000 27.5100
92.5000 27.8370
93.0000 28.1646
93.5000 28.4925
94.0000 28.8208
94.5000 29.1491
95.0000 29.4775
95.5000 29.8064
96.0000 30.1352
96.5000 30.4638
97.0000 30.7929
97.5000 31.1223
98.0000 31.4514
98.5000 31.7801
99.0000 32.1084
99.5000 32.4361
100.0000 32.7629
100.5000 33.0889
101.0000 33.4138
101.5000 33.7377
102.0000 34.0603
102.5000 34.3819
103.0000 34.7026
103.5000 35.0222
104.0000 35.3405
104.5000 35.6574
105.0000 35.9723
105.5000 36.2852
106.0000 36.5963
106.5000 36.9057
107.0000 37.2124
107.5000 37.5166
108.0000 37.8193
108.5000 38.1198
109.0000 38.4180
109.5000 38.7138
110.0000 39.0064
110.5000 39.2972
111.0000 39.5857
111.5000 39.8712
112.0000 40.1541
112.5000 40.4333
113.0000 40.7095
113.5000 40.9832
114.0000 41.2528
114.5000 41.5198
115.0000 41.7828
115.5000 42.0424
116.0000 42.2986
116.5000 42.5518
117.0000 42.8005
117.5000 43.0462
118.0000 43.2869
118.5000 43.5244
119.0000 43.7575
119.5000 43.9872
120.0000 44.2118
120.5000 44.4325
121.0000 44.6489
121.5000 44.8609
122.0000 45.0690
122.5000 45.2733
123.0000 45.4730
123.5000 45.6684
124.0000 45.8592
124.5000 46.0452
125.0000 46.2266
125.5000 46.4028
126.0000 46.5742
126.5000 46.7416
127.0000 46.9042
127.5000 47.0616
128.0000 47.2138
128.5000 47.3613
129.0000 47.5039
129.5000 47.6413
130.0000 47.7737
130.5000 47.9013
131.0000 48.0241
131.5000 48.1417
132.0000 48.2545
132.5000 48.3622
133.0000 48.4650
133.5000 48.5627
134.0000 48.6552
134.5000 48.7425
135.0000 48.8247
135.5000 48.9017
136.0000 48.9736
136.5000 49.0404
137.0000 49.1022
137.5000 49.1588
138.0000 49.2103
138.5000 49.2568
139.0000 49.2986
139.5000 49.3357
140.0000 49.3682
140.5000 49.3959
141.0000 49.4189
141.5000 49.4370
142.0000 49.4502
142.5000 49.4589
143.0000 49.4627
143.5000 49.4613
144.0000 49.4547
144.5000 49.4435
145.0000 49.4269
145.5000 49.4052
146.0000 49.3782
146.5000 49.3465
147.0000 49.3093
147.5000 49.2673
148.0000 49.2208
148.5000 49.1698
149.0000 49.1141
149.5000 49.0541
150.0000 48.9892
150.5000 48.9201
151.0000 48.8468
151.5000 48.7696
152.0000 48.6877
152.5000 48.6020
153.0000 48.5120
153.5000 48.4178
154.0000 48.3200
154.5000 48.2174
155.0000 48.1110
155.5000 48.0003
156.0000 47.8852
156.5000 47.7660
157.0000 47.6429
157.5000 47.5160
158.0000 47.3848
158.5000 47.2498
159.0000 47.1107
159.5000 46.9675
160.0000 46.8205
160.5000 46.6695
161.0000 46.5141
161.5000 46.3548
162.0000 46.1917
162.5000 46.0246
163.0000 45.8540
163.5000 45.6795
164.0000 45.5013
164.5000 45.3192
165.0000 45.1331
165.5000 44.9434
166.0000 44.7500
166.5000 44.5529
167.0000 44.3520
167.5000 44.1477
168.0000 43.9401
168.5000 43.7292
169.0000 43.5152
169.5000 43.2978
170.0000 43.0773
170.5000 42.8538
171.0000 42.6272
171.5000 42.3984
172.0000 42.1668
172.5000 41.9321
173.0000 41.6949
173.5000 41.4549
174.0000 41.2126
174.5000 40.9681
175.0000 40.7200
175.5000 40.4692
176.0000 40.2166
176.5000 39.9613
177.0000 39.7036
177.5000 39.4444
178.0000 39.1829
178.5000 38.9184
179.0000 38.6520
179.5000 38.3835
180.0000 38.1129
180.5000 37.8403
181.0000 37.5658
181.5000 37.2897
182.0000 37.0110
182.5000 36.7307
183.0000 36.4482
183.5000 36.1644
184.0000 35.8792
184.5000 35.5920
185.0000 35.3025
185.5000 35.0113
186.0000 34.7189
186.5000 34.4253
187.0000 34.1305
187.5000 33.8338
188.0000 33.5363
188.5000 33.2379
189.0000 32.9391
189.5000 32.6391
190.0000 32.3380
190.5000 32.0357
191.0000 31.7329
191.5000 31.4302
192.0000 31.1252
192.5000 30.8215
193.0000 30.5163
193.5000 30.2107
194.0000 29.9046
194.5000 29.5987
195.0000 29.2925
195.5000 28.9857
196.0000 28.6795
196.5000 28.3728
197.0000 28.0655
197.5000 27.7593
198.0000 27.4542
198.5000 27.1480
199.0000 26.8405
199.5000 26.5342
200.0000 26.2295
200.5000 25.9255
201.0000 25.6214
201.5000 25.3168
202.0000 25.0134
202.5000 24.7112
203.0000 24.4085
203.5000 24.1053
204.0000 23.8026
204.5000 23.5015
205.0000 23.2008
205.5000 22.8999
206.0000 22.6005
206.5000 22.3024
207.0000 22.0057
207.5000 21.7112
208.0000 21.4180
208.5000 21.1247
209.0000 20.8328
209.5000 20.5425
210.0000 20.2530
210.5000 19.9652
211.0000 19.6790
211.5000 19.3944
212.0000 19.1116
212.5000 18.8304
213.0000 18.5512
213.5000 18.2734
214.0000 17.9971
214.5000 17.7230
215.0000 17.4502
215.5000 17.1788
216.0000 16.9098
216.5000 16.6430
217.0000 16.3787
217.5000 16.1169
218.0000 15.8570
218.5000 15.5988
219.0000 15.3427
219.5000 15.0883
220.0000 14.8363
220.5000 14.5864
221.0000 14.3378
221.5000 14.0915
222.0000 13.8471
222.5000 13.6050
223.0000 13.3654
223.5000 13.1272
224.0000 12.8916
224.5000 12.6587
225.0000 12.4282
225.5000 12.2002
226.0000 11.9748
226.5000 11.7519
227.0000 11.5307
227.5000 11.3121
228.0000 11.0963
228.5000 10.8824
229.0000 10.6706
229.5000 10.4616
230.0000 10.2550
230.5000 10.0506
231.0000 9.8486
231.5000 9.6490
232.0000 9.4519
232.5000 9.2574
233.0000 9.0653
233.5000 8.8755
234.0000 8.6881
234.5000 8.5029
235.0000 8.3202
235.5000 8.1397
236.0000 7.9613
236.5000 7.7852
237.0000 7.6113
237.5000 7.4397
238.0000 7.2708
238.5000 7.1041
239.0000 6.9400
239.5000 6.7785
240.0000 6.6192
240.5000 6.4624
241.0000 6.3082
241.5000 6.1561
242.0000 6.0060
242.5000 5.8580
243.0000 5.7125
243.5000 5.5694
244.0000 5.4283
244.5000 5.2895
245.0000 5.1525
245.5000 5.0181
246.0000 4.8858
246.5000 4.7557
247.0000 4.6277
247.5000 4.5016
248.0000 4.3778
248.5000 4.2561
249.0000 4.1366
249.5000 4.0188
250.0000 3.9033
250.5000 3.7895
251.0000 3.6781
251.5000 3.5688
252.0000 3.4612
252.5000 3.3557
253.0000 3.2525
253.5000 3.1508
254.0000 3.0514
254.5000 2.9541
255.0000 2.8587
255.5000 2.7649
256.0000 2.6733
256.5000 2.5837
257.0000 2.4959
257.5000 2.4099
258.0000 2.3257
258.5000 2.2435
259.0000 2.1630
259.5000 2.0841
260.0000 2.0074
260.5000 1.9322
261.0000 1.8589
261.5000 1.7876
262.0000 1.7179
262.5000 1.6499
263.0000 1.5836
263.5000 1.5191
264.0000 1.4563
264.5000 1.3950
265.0000 1.3353
265.5000 1.2771
266.0000 1.2206
266.5000 1.1656
267.0000 1.1121
267.5000 1.0602
268.0000 1.0097
268.5000 0.9609
269.0000 0.9135
269.5000 0.8675
270.0000 0.8228
270.5000 0.7794
271.0000 0.7376
271.5000 0.6972
272.0000 0.6580
272.5000 0.6204
273.0000 0.5840
273.5000 0.5491
274.0000 0.5155
274.5000 0.4832
275.0000 0.4522
275.5000 0.4221
276.0000 0.3933
276.5000 0.3659
277.0000 0.3394
277.5000 0.3144
278.0000 0.2905
278.5000 0.2680
279.0000 0.2463
279.5000 0.2257
280.0000 0.2061
280.5000 0.1877
281.0000 0.1704
281.5000 0.1542
282.0000 0.1390
282.5000 0.1249
283.0000 0.1118
283.5000 0.0998
284.0000 0.0887
284.5000 0.0785
285.0000 0.0694
285.5000 0.0609
286.0000 0.0533
286.5000 0.0466
287.0000 0.0407
287.5000 0.0356
288.0000 0.0313
288.5000 0.0278
289.0000 0.0253
289.5000 0.0236
290.0000 0.0226
290.5000 0.0220
291.0000 0.0221
291.5000 0.0226
292.0000 0.0236
292.5000 0.0253
293.0000 0.0275
293.5000 0.0303
294.0000 0.0338
294.5000 0.0378
295.0000 0.0423
295.5000 0.0472
296.0000 0.0526
296.5000 0.0583
297.0000 0.0645
297.5000 0.0710
298.0000 0.0777
298.5000 0.0847
299.0000 0.0921
299.5000 0.0999
300.0000 0.1079
300.5000 0.1164
301.0000 0.1252
301.5000 0.1341
302.0000 0.1436
302.5000 0.1533
303.0000 0.1633
303.5000 0.1735
304.0000 0.1842
304.5000 0.1948
305.0000 0.2053
305.5000 0.2159
306.0000 0.2264
306.5000 0.2369
307.0000 0.2474
307.5000 0.2577
308.0000 0.2681
308.5000 0.2784
309.0000 0.2887
309.5000 0.2991
310.0000 0.3094
310.5000 0.3197
311.0000 0.3296
311.5000 0.3396
312.0000 0.3493
312.5000 0.3585
313.0000 0.3674
313.5000 0.3759
314.0000 0.3843
314.5000 0.3924
315.0000 0.3999
315.5000 0.4071
316.0000 0.4138
316.5000 0.4202
317.0000 0.4266
317.5000 0.4325
318.0000 0.4379
318.5000 0.4430
319.0000 0.4476
319.5000 0.4521
320.0000 0.4559
320.5000 0.4597
321.0000 0.4628
321.5000 0.4659
322.0000 0.4682
322.5000 0.4703
323.0000 0.4720
323.5000 0.4734
324.0000 0.4742
324.5000 0.4746
325.0000 0.4746
325.5000 0.4743
326.0000 0.4734
326.5000 0.4723
327.0000 0.4708
327.5000 0.4685
328.0000 0.4657
328.5000 0.4628
329.0000 0.4599
329.5000 0.4564
330.0000 0.4523
330.5000 0.4478
331.0000 0.4431
331.5000 0.4378
332.0000 0.4322
332.5000 0.4262
333.0000 0.4201
333.5000 0.4135
334.0000 0.4065
334.5000 0.3993
335.0000 0.3915
335.5000 0.3833
336.0000 0.3750
336.5000 0.3665
337.0000 0.3575
337.5000 0.3487
338.0000 0.3394
338.5000 0.3298
339.0000 0.3202
339.5000 0.3107
340.0000 0.3011
340.5000 0.2911
341.0000 0.2809
341.5000 0.2706
342.0000 0.2600
342.5000 0.2494
343.0000 0.2388
343.5000 0.2284
344.0000 0.2181
344.5000 0.2075
345.0000 0.1971
345.5000 0.1869
346.0000 0.1764
346.5000 0.1662
347.0000 0.1559
347.5000 0.1459
348.0000 0.1361
348.5000 0.1267
349.0000 0.1173
349.5000 0.1082
350.0000 0.0991
350.5000 0.0906
351.0000 0.0822
351.5000 0.0741
352.0000 0.0662
352.5000 0.0586
353.0000 0.0512
353.5000 0.0444
354.0000 0.0382
354.5000 0.0344
355.0000 0.0268
355.5000 0.0219
356.0000 0.0176
356.5000 0.0134
357.0000 0.0097
357.5000 0.0064
358.0000 0.0035
358.5000 0.0014
359.0000 0.0004
359.5000 0.0000
