0.0000 0.0003
0.5000 0.0014
1.0000 0.0031
1.5000 0.0056
2.0000 0.0088
2.5000 0.0128
3.0000 0.0176
3.5000 0.0233
4.0000 0.0297
4.5000 0.0370
5.0000 0.0452
5.5000 0.0543
6.0000 0.0643
6.5000 0.0753
7.0000 0.0872
7.5000 0.1001
8.0000 0.1140
8.5000 0.1289
9.0000 0.1448
9.5000 0.1618
10.0000 0.1799
10.5000 0.1991
11.0000 0.2193
11.5000 0.2407
12.0000 0.2633
12.5000 0.2870
13.0000 0.3119
13.5000 0.3380
14.0000 0.3654
14.5000 0.3940
15.0000 0.4239
15.5000 0.4550
16.0000 0.4875
16.5000 0.5213
17.0000 0.5564
17.5000 0.5929
18.0000 0.6308
18.5000 0.6701
19.0000 0.7109
19.5000 0.7530
20.0000 0.7966
20.5000 0.8417
21.0000 0.8883
21.5000 0.9364
22.0000 0.9860
22.5000 1.0371
23.0000 1.0898
23.5000 1.1441
24.0000 1.1999
24.5000 1.2574
25.0000 1.3165
25.5000 1.3772
26.0000 1.4395
26.5000 1.5035
27.0000 1.5691
27.5000 1.6364
28.0000 1.7054
28.5000 1.7761
29.0000 1.8485
29.5000 1.9226
30.0000 1.9984
30.5000 2.0760
31.0000 2.1552
31.5000 2.2362
32.0000 2.3190
32.5000 2.4035
33.0000 2.4898
33.5000 2.5779
34.0000 2.6677
34.5000 2.7594
35.0000 2.8529
35.5000 2.9482
36.0000 3.0453
36.5000 3.1443
37.0000 3.2452
37.5000 3.3479
38.0000 3.4525
38.5000 3.5590
39.0000 3.6675
39.5000 3.7778
40.0000 3.8901
40.5000 4.0044
41.0000 4.1206
41.5000 4.2389
42.0000 4.3591
42.5000 4.4813
43.0000 4.6056
43.5000 4.7319
44.0000 4.8602
44.5000 4.9907
45.0000 5.1232
45.5000 5.2579
46.0000 5.3947
46.5000 5.5336
47.0000 5.6748
47.5000 5.8181
48.0000 5.9636
48.5000 6.1113
49.0000 6.2613
49.5000 6.4135
50.0000 6.5680
50.5000 6.7248
51.0000 6.8838
51.5000 7.0452
52.0000 7.2089
52.5000 7.3749
53.0000 7.5433
53.5000 7.7140
54.0000 7.8871
54.5000 8.0626
55.0000 8.2404
55.5000 8.4206
56.0000 8.6032
56.5000 8.7882
57.0000 8.9756
57.5000 9.1654
58.0000 9.3576
58.5000 9.5522
59.0000 9.7492
59.5000 9.9486
60.0000 10.1505
60.5000 10.3548
61.0000 10.5615
61.5000 10.7706
62.0000 10.9821
62.5000 11.1961
63.0000 11.4125
63.5000 11.6314
64.0000 11.8526
64.5000 12.0763
65.0000 12.3025
65.5000 12.5310
66.0000 12.7620
66.5000 12.9954
67.0000 13.2313
67.5000 13.4695
68.0000 13.7102
68.5000 13.9532
69.0000 14.1987
69.5000 14.4466
70.0000 14.6968
70.5000 14.9495
71.0000 15.2044
71.5000 15.4618
72.0000 15.7214
72.5000 15.9834
73.0000 16.2477
73.5000 16.5142
74.0000 16.7830
74.5000 17.0541
75.0000 17.3274
75.5000 17.6029
76.0000 17.8806
76.5000 18.1604
77.0000 18.4424
77.5000 18.7265
78.0000 19.0126
78.5000 19.3008
79.0000 19.5911
79.5000 19.8832
80.0000 20.1774
80.5000 20.4734
81.0000 20.7713
81.5000 21.0709
82.0000 21.3724
82.5000 21.6756
83.0000 21.9805
83.5000 22.2870
84.0000 22.5951
84.5000 22.9047
85.0000 23.2158
85.5000 23.5283
86.0000 23.8423
86.5000 24.1575
87.0000 24.4740
87.5000 24.7917
88.0000 25.1106
88.5000 25.4305
89.0000 25.7514
89.5000 26.0733
90.0000 26.3961
90.5000 26.7197
91.0000 27.0440
91.5000 27.3690
92.0000 27.6947
92.5000 28.0208
93.0000 28.3474
93.5000 28.6744
94.0000 29.0017
94.5000 29.3292
95.0000 29.6568
95.5000 29.9845
96.0000 30.3123
96.5000 30.6399
97.0000 30.9673
97.5000 31.2945
98.0000 31.6213
98.5000 31.9476
99.0000 32.2734
99.5000 32.5986
100.0000 32.9230
100.5000 33.2466
101.0000 33.5692
101.5000 33.8908
102.0000 34.2113
102.5000 34.5306
103.0000 34.8485
103.5000 35.1651
104.0000 35.4801
104.5000 35.7935
105.0000 36.1052
105.5000 36.4151
106.0000 36.7231
106.5000 37.0291
107.0000 37.3330
107.5000 37.6348
108.0000 37.9343
108.5000 38.2314
109.0000 38.5261
109.5000 38.8183
110.0000 39.1078
110.5000 39.3947
111.0000 39.6788
111.5000 39.9600
112.0000 40.2382
112.5000 40.5134
113.0000 40.7855
113.5000 41.0544
114.0000 41.3199
114.5000 41.5821
115.0000 41.8408
115.5000 42.0960
116.0000 42.3476
116.5000 42.5954
117.0000 42.8396
117.5000 43.0799
118.0000 43.3163
118.5000 43.5487
119.0000 43.7771
119.5000 44.0015
120.0000 44.2216
120.5000 44.4376
121.0000 44.6493
121.5000 44.8567
122.0000 45.0598
122.5000 45.2584
123.0000 45.4526
123.5000 45.6423
124.0000 45.8274
124.5000 46.0079
125.0000 46.1838
125.5000 46.3549
126.0000 46.5214
126.5000 46.6831
127.0000 46.8400
127.5000 46.9922
128.0000 47.1394
128.5000 47.2818
129.0000 47.4193
129.5000 47.5518
130.0000 47.6794
130.5000 47.8021
131.0000 47.9197
131.5000 48.0324
132.0000 48.1401
132.5000 48.2428
133.0000 48.3404
133.5000 48.4330
134.0000 48.5206
134.5000 48.6031
135.0000 48.6805
135.5000 48.7530
136.0000 48.8203
136.5000 48.8827
137.0000 48.9400
137.5000 48.9923
138.0000 49.0397
138.5000 49.0820
139.0000 49.1193
139.5000 49.1517
140.0000 49.1791
140.5000 49.2016
141.0000 49.2191
141.5000 49.2317
142.0000 49.2394
142.5000 49.2422
143.0000 49.2401
143.5000 49.2331
144.0000 49.2212
144.5000 49.2045
145.0000 49.1830
145.5000 49.1566
146.0000 49.1255
146.5000 49.0897
147.0000 49.0492
147.5000 49.0040
148.0000 48.9542
148.5000 48.8998
149.0000 48.8409
149.5000 48.7775
150.0000 48.7096
150.5000 48.6374
151.0000 48.5607
151.5000 48.4797
152.0000 48.3944
152.5000 48.3048
153.0000 48.2110
153.5000 48.1130
154.0000 48.0107
154.5000 47.9043
155.0000 47.7938
155.5000 47.6792
156.0000 47.5604
156.5000 47.4376
157.0000 47.3107
157.5000 47.1798
158.0000 47.0448
158.5000 46.9059
159.0000 46.7629
159.5000 46.6160
160.0000 46.4652
160.5000 46.3104
161.0000 46.1517
161.5000 45.9892
162.0000 45.8228
162.5000 45.6526
163.0000 45.4786
163.5000 45.3009
164.0000 45.1195
164.5000 44.9345
165.0000 44.7458
165.5000 44.5536
166.0000 44.3578
166.5000 44.1586
167.0000 43.9560
167.5000 43.7500
168.0000 43.5407
168.5000 43.3282
169.0000 43.1125
169.5000 42.8937
170.0000 42.6719
170.5000 42.4470
171.0000 42.2192
171.5000 41.9886
172.0000 41.7551
172.5000 41.5188
173.0000 41.2798
173.5000 41.0382
174.0000 40.7939
174.5000 40.5471
175.0000 40.2978
175.5000 40.0460
176.0000 39.7918
176.5000 39.5352
177.0000 39.2764
177.5000 39.0152
178.0000 38.7519
178.5000 38.4864
179.0000 38.2187
179.5000 37.9490
180.0000 37.6772
180.5000 37.4035
181.0000 37.1278
181.5000 36.8502
182.0000 36.5708
182.5000 36.2896
183.0000 36.0067
183.5000 35.7222
184.0000 35.4360
184.5000 35.1482
185.0000 34.8590
185.5000 34.5683
186.0000 34.2763
186.5000 33.9829
187.0000 33.6884
187.5000 33.3926
188.0000 33.0957
188.5000 32.7979
189.0000 32.4990
189.5000 32.1993
190.0000 31.8987
190.5000 31.5973
191.0000 31.2953
191.5000 30.9926
192.0000 30.6894
192.5000 30.3857
193.0000 30.0815
193.5000 29.7770
194.0000 29.4721
194.5000 29.1670
195.0000 28.8617
195.5000 28.5562
196.0000 28.2507
196.5000 27.9451
197.0000 27.6395
197.5000 27.3341
198.0000 27.0287
198.5000 26.7236
199.0000 26.4187
199.5000 26.1140
200.0000 25.8097
200.5000 25.5058
201.0000 25.2024
201.5000 24.8994
202.0000 24.5969
202.5000 24.2950
203.0000 23.9937
203.5000 23.6932
204.0000 23.3933
204.5000 23.0943
205.0000 22.7961
205.5000 22.4989
206.0000 22.2026
206.5000 21.9073
207.0000 21.6132
207.5000 21.3202
208.0000 21.0283
208.5000 20.7378
209.0000 20.4485
209.5000 20.1607
210.0000 19.8742
210.5000 19.5892
211.0000 19.3057
211.5000 19.0238
212.0000 18.7435
212.5000 18.4649
213.0000 18.1879
213.5000 17.9127
214.0000 17.6393
214.5000 17.3677
215.0000 17.0979
215.5000 16.8300
216.0000 16.5641
216.5000 16.3001
217.0000 16.0380
217.5000 15.7780
218.0000 15.5200
218.5000 15.2640
219.0000 15.0101
219.5000 14.7583
220.0000 14.5087
220.5000 14.2611
221.0000 14.0157
221.5000 13.7725
222.0000 13.5314
222.5000 13.2926
223.0000 13.0560
223.5000 12.8217
224.0000 12.5897
224.5000 12.3599
225.0000 12.1324
225.5000 11.9073
226.0000 11.6845
226.5000 11.4640
227.0000 11.2459
227.5000 11.0301
228.0000 10.8167
228.5000 10.6057
229.0000 10.3970
229.5000 10.1907
230.0000 9.9868
230.5000 9.7853
231.0000 9.5862
231.5000 9.3895
232.0000 9.1951
232.5000 9.0031
233.0000 8.8136
233.5000 8.6263
234.0000 8.4415
234.5000 8.2590
235.0000 8.0789
235.5000 7.9012
236.0000 7.7258
236.5000 7.5528
237.0000 7.3821
237.5000 7.2138
238.0000 7.0478
238.5000 6.8841
239.0000 6.7228
239.5000 6.5638
240.0000 6.4071
240.5000 6.2527
241.0000 6.1006
241.5000 5.9507
242.0000 5.8032
242.5000 5.6578
243.0000 5.5148
243.5000 5.3739
244.0000 5.2353
244.5000 5.0988
245.0000 4.9646
245.5000 4.8325
246.0000 4.7026
246.5000 4.5748
247.0000 4.4491
247.5000 4.3256
248.0000 4.2042
248.5000 4.0848
249.0000 3.9676
249.5000 3.8524
250.0000 3.7393
250.5000 3.6282
251.0000 3.5191
251.5000 3.4121
252.0000 3.3071
252.5000 3.2041
253.0000 3.1030
253.5000 3.0040
254.0000 2.9069
254.5000 2.8117
255.0000 2.7185
255.5000 2.6271
256.0000 2.5377
256.5000 2.4502
257.0000 2.3646
257.5000 2.2808
258.0000 2.1988
258.5000 2.1187
259.0000 2.0404
259.5000 1.9639
260.0000 1.8891
260.5000 1.8162
261.0000 1.7449
261.5000 1.6755
262.0000 1.6077
262.5000 1.5416
263.0000 1.4772
263.5000 1.4145
264.0000 1.3534
264.5000 1.2939
265.0000 1.2361
265.5000 1.1798
266.0000 1.1251
266.5000 1.0720
267.0000 1.0204
267.5000 0.9703
268.0000 0.9217
268.5000 0.8746
269.0000 0.8290
269.5000 0.7848
270.0000 0.7420
270.5000 0.7006
271.0000 0.6606
271.5000 0.6220
272.0000 0.5848
272.5000 0.5488
273.0000 0.5142
273.5000 0.4809
274.0000 0.4489
274.5000 0.4182
275.0000 0.3887
275.5000 0.3605
276.0000 0.3334
276.5000 0.3076
277.0000 0.2830
277.5000 0.2595
278.0000 0.2372
278.5000 0.2160
279.0000 0.1960
279.5000 0.1770
280.0000 0.1591
280.5000 0.1423
281.0000 0.1266
281.5000 0.1118
282.0000 0.0981
282.5000 0.0854
283.0000 0.0737
283.5000 0.0629
284.0000 0.0530
284.5000 0.0441
285.0000 0.0360
285.5000 0.0288
286.0000 0.0225
286.5000 0.0170
287.0000 0.0123
287.5000 0.0084
288.0000 0.0053
288.5000 0.0029
289.0000 0.0013
289.5000 0.0003
290.0000 0.0000
290.5000 0.0000
291.0000 0.0000
291.5000 0.0000
292.0000 0.0000
292.5000 0.0000
293.0000 0.0000
293.5000 0.0000
294.0000 0.0000
294.5000 0.0000
295.0000 0.0000
295.5000 0.0000
296.0000 0.0000
296.5000 0.0000
297.0000 0.0000
297.5000 0.0000
298.0000 0.0000
298.5000 0.0000
299.0000 0.0000
299.5000 0.0000
300.0000 0.0000
300.5000 0.0000
301.0000 0.0000
301.5000 0.0000
302.0000 0.0000
302.5000 0.0000
303.0000 0.0000
303.5000 0.0000
304.0000 0.0000
304.5000 0.0000
305.0000 0.0000
305.5000 0.0000
306.0000 0.0000
306.5000 0.0000
307.0000 0.0000
307.5000 0.0000
308.0000 0.0000
308.5000 0.0000
309.0000 0.0000
309.5000 0.0000
310.0000 0.0000
310.5000 0.0000
311.0000 0.0000
311.5000 0.0000
312.0000 0.0000
312.5000 0.0000
313.0000 0.0000
313.5000 0.0000
314.0000 0.0000
314.5000 0.0000
315.0000 0.0000
315.5000 0.0000
316.0000 0.0000
316.5000 0.0000
317.0000 0.0000
317.5000 0.0000
318.0000 0.0000
318.5000 0.0000
319.0000 0.0000
319.5000 0.0000
320.0000 0.0000
320.5000 0.0000
321.0000 0.0000
321.5000 0.0000
322.0000 0.0000
322.5000 0.0000
323.0000 0.0000
323.5000 0.0000
324.0000 0.0000
324.5000 0.0000
325.0000 0.0000
325.5000 0.0000
326.0000 0.0000
326.5000 0.0000
327.0000 0.0000
327.5000 0.0000
328.0000 0.0000
328.5000 0.0000
329.0000 0.0000
329.5000 0.0000
330.0000 0.0000
330.5000 0.0000
331.0000 0.0000
331.5000 0.0000
332.0000 0.0000
332.5000 0.0000
333.0000 0.0000
333.5000 0.0000
334.0000 0.0000
334.5000 0.0000
335.0000 0.0000
335.5000 0.0000
336.0000 0.0000
336.5000 0.0000
337.0000 0.0000
337.5000 0.0000
338.0000 0.0000
338.5000 0.0000
339.0000 0.0000
339.5000 0.0000
340.0000 0.0000
340.5000 0.0000
341.0000 0.0000
341.5000 0.0000
342.0000 0.0000
342.5000 0.0000
343.0000 0.0000
343.5000 0.0000
344.0000 0.0000
344.5000 0.0000
345.0000 0.0000
345.5000 0.0000
346.0000 0.0000
346.5000 0.0000
347.0000 0.0000
347.5000 0.0000
348.0000 0.0000
348.5000 0.0000
349.0000 0.0000
349.5000 0.0000
350.0000 0.0000
350.5000 0.0000
351.0000 0.0000
351.5000 0.0000
352.0000 0.0000
352.5000 0.0000
353.0000 0.0000
353.5000 0.0000
354.0000 0.0000
354.5000 0.0000
355.0000 0.0000
355.5000 0.0000
356.0000 0.0000
356.5000 0.0000
357.0000 0.0000
357.5000 0.0000
358.0000 0.0000
358.5000 0.0000
359.0000 0.0000
359.5000 0.0000
