0.0000 0.0000
0.5000 0.0000
1.0000 0.0001
1.5000 0.0001
2.0000 0.0001
2.5000 0.0002
3.0000 0.0003
3.5000 0.0003
4.0000 0.0004
4.5000 0.0005
5.0000 0.0007
5.5000 0.0008
6.0000 0.0009
6.5000 0.0011
7.0000 0.0013
7.5000 0.0014
8.0000 0.0016
8.5000 0.0018
9.0000 0.0021
9.5000 0.0023
10.0000 0.0025
10.5000 0.0028
11.0000 0.0031
11.5000 0.0033
12.0000 0.0036
12.5000 0.0039
13.0000 0.0043
13.5000 0.0046
14.0000 0.0049
14.5000 0.0053
15.0000 0.0057
15.5000 0.0060
16.0000 0.0064
16.5000 0.0068
17.0000 0.0073
17.5000 0.0077
18.0000 0.0081
18.5000 0.0086
19.0000 0.0090
19.5000 0.0095
20.0000 0.0100
20.5000 0.0105
21.0000 0.0110
21.5000 0.0115
22.0000 0.0120
22.5000 0.0125
23.0000 0.0130
23.5000 0.0136
24.0000 0.0141
24.5000 0.0146
25.0000 0.0152
25.5000 0.0158
26.0000 0.0163
26.5000 0.0169
27.0000 0.0175
27.5000 0.0180
28.0000 0.0186
28.5000 0.0192
29.0000 0.0198
29.5000 0.0204
30.0000 0.0210
30.5000 0.0216
31.0000 0.0222
31.5000 0.0228
32.0000 0.0233
32.5000 0.0239
33.0000 0.0245
33.5000 0.0251
34.0000 0.0257
34.5000 0.0263
35.0000 0.0269
35.5000 0.0275
36.0000 0.0281
36.5000 0.0287
37.0000 0.0293
37.5000 0.0299
38.0000 0.0305
38.5000 0.0311
39.0000 0.0317
39.5000 0.0323
40.0000 0.0329
40.5000 0.0335
41.0000 0.0341
41.5000 0.0347
42.0000 0.0353
42.5000 0.0359
43.0000 0.0365
43.5000 0.0371
44.0000 0.0377
44.5000 0.0383
45.0000 0.0389
45.5000 0.0395
46.0000 0.0401
46.5000 0.0407
47.0000 0.0413
47.5000 0.0419
48.0000 0.0425
48.5000 0.0431
49.0000 0.0437
49.5000 0.0443
50.0000 0.0449
50.5000 0.0455
51.0000 0.0461
51.5000 0.0467
52.0000 0.0473
52.5000 0.0479
53.0000 0.0485
53.5000 0.0491
54.0000 0.0497
54.5000 0.0503
55.0000 0.0509
55.5000 0.0515
56.0000 0.0521
56.5000 0.0527
57.0000 0.0533
57.5000 0.0539
58.0000 0.0545
58.5000 0.0551
59.0000 0.0557
59.5000 0.0563
60.0000 0.0569
60.5000 0.0575
61.0000 0.0581
61.5000 0.0587
62.0000 0.0593
62.5000 0.0599
63.0000 0.0605
63.5000 0.0611
64.0000 0.0617
64.5000 0.0623
65.0000 0.0629
65.5000 0.0635
66.0000 0.0641
66.5000 0.0647
67.0000 0.0653
67.5000 0.0659
68.0000 0.0665
68.5000 0.0671
69.0000 0.0677
69.5000 0.0683
70.0000 0.0689
70.5000 0.0695
71.0000 0.0701
71.5000 0.0707
72.0000 0.0713
72.5000 0.0719
73.0000 0.0725
73.5000 0.0731
74.0000 0.0737
74.5000 0.0743
75.0000 0.0749
75.5000 0.0755
76.0000 0.0761
76.5000 0.0767
77.0000 0.0773
77.5000 0.0779
78.0000 0.0785
78.5000 0.0791
79.0000 0.0797
79.5000 0.0803
80.0000 0.0809
80.5000 0.0815
81.0000 0.0821
81.5000 0.0827
82.0000 0.0833
82.5000 0.0839
83.0000 0.0845
83.5000 0.0851
84.0000 0.0857
84.5000 0.0863
85.0000 0.0869
85.5000 0.0875
86.0000 0.0881
86.5000 0.0887
87.0000 0.0893
87.5000 0.0899
88.0000 0.0905
88.5000 0.0911
89.0000 0.0917
89.5000 0.0923
90.0000 0.0929
90.5000 0.0935
91.0000 0.0941
91.5000 0.0947
92.0000 0.0952
92.5000 0.0958
93.0000 0.0964
93.5000 0.0970
94.0000 0.0976
94.5000 0.0982
95.0000 0.0987
95.5000 0.0993
96.0000 0.0999
96.5000 0.1004
97.0000 0.1010
97.5000 0.1015
98.0000 0.1020
98.5000 0.1026
99.0000 0.1031
99.5000 0.1036
100.0000 0.1041
100.5000 0.1046
101.0000 0.1051
101.5000 0.1056
102.0000 0.1061
102.5000 0.1065
103.0000 0.1070
103.5000 0.1074
104.0000 0.1079
104.5000 0.1083
105.0000 0.1088
105.5000 0.1092
106.0000 0.1096
106.5000 0.1100
107.0000 0.1104
107.5000 0.1108
108.0000 0.1112
108.5000 0.1115
109.0000 0.1119
109.5000 0.1122
110.0000 0.1126
110.5000 0.1129
111.0000 0.1133
111.5000 0.1136
112.0000 0.1139
112.5000 0.1142
113.0000 0.1145
113.5000 0.1148
114.0000 0.1151
114.5000 0.1154
115.0000 0.1156
115.5000 0.1159
116.0000 0.1162
116.5000 0.1164
117.0000 0.1166
117.5000 0.1169
118.0000 0.1171
118.5000 0.1173
119.0000 0.1175
119.5000 0.1177
120.0000 0.1179
120.5000 0.1181
121.0000 0.1183
121.5000 0.1184
122.0000 0.1186
122.5000 0.1187
123.0000 0.1189
123.5000 0.1190
124.0000 0.1191
124.5000 0.1192
125.0000 0.1194
125.5000 0.1195
126.0000 0.1196
126.5000 0.1196
127.0000 0.1197
127.5000 0.1198
128.0000 0.1198
128.5000 0.1199
129.0000 0.1199
129.5000 0.1200
130.0000 0.1200
130.5000 0.1200
131.0000 0.1201
131.5000 0.1201
132.0000 0.1201
132.5000 0.1201
133.0000 0.1200
133.5000 0.1200
134.0000 0.1200
134.5000 0.1199
135.0000 0.1199
135.5000 0.1198
136.0000 0.1198
136.5000 0.1197
137.0000 0.1196
137.5000 0.1195
138.0000 0.1194
138.5000 0.1193
139.0000 0.1192
139.5000 0.1191
140.0000 0.1190
140.5000 0.1188
141.0000 0.1187
141.5000 0.1185
142.0000 0.1184
142.5000 0.1182
143.0000 0.1180
143.5000 0.1178
144.0000 0.1176
144.5000 0.1174
145.0000 0.1172
145.5000 0.1170
146.0000 0.1168
146.5000 0.1166
147.0000 0.1163
147.5000 0.1161
148.0000 0.1159
148.5000 0.1156
149.0000 0.1153
149.5000 0.1151
150.0000 0.1148
150.5000 0.1146
151.0000 0.1143
151.5000 0.1140
152.0000 0.1137
152.5000 0.1135
153.0000 0.1132
153.5000 0.1129
154.0000 0.1126
154.5000 0.1123
155.0000 0.1121
155.5000 0.1118
156.0000 0.1115
156.5000 0.1112
157.0000 0.1109
157.5000 0.1106
158.0000 0.1104
158.5000 0.1101
159.0000 0.1098
159.5000 0.1095
160.0000 0.1092
160.5000 0.1090
161.0000 0.1087
161.5000 0.1084
162.0000 0.1081
162.5000 0.1078
163.0000 0.1075
163.5000 0.1073
164.0000 0.1070
164.5000 0.1067
165.0000 0.1064
165.5000 0.1061
166.0000 0.1058
166.5000 0.1056
167.0000 0.1053
167.5000 0.1050
168.0000 0.1047
168.5000 0.1044
169.0000 0.1041
169.5000 0.1039
170.0000 0.1036
170.5000 0.1033
171.0000 0.1030
171.5000 0.1027
172.0000 0.1024
172.5000 0.1022
173.0000 0.1019
173.5000 0.1016
174.0000 0.1013
174.5000 0.1010
175.0000 0.1008
175.5000 0.1005
176.0000 0.1002
176.5000 0.0999
177.0000 0.0996
177.5000 0.0993
178.0000 0.0991
178.5000 0.0988
179.0000 0.0985
179.5000 0.0982
180.0000 0.0979
180.5000 0.0976
181.0000 0.0974
181.5000 0.0971
182.0000 0.0968
182.5000 0.0965
183.0000 0.0962
183.5000 0.0959
184.0000 0.0957
184.5000 0.0954
185.0000 0.0951
185.5000 0.0948
186.0000 0.0945
186.5000 0.0942
187.0000 0.0940
187.5000 0.0937
188.0000 0.0934
188.5000 0.0931
189.0000 0.0928
189.5000 0.0926
190.0000 0.0923
190.5000 0.0920
191.0000 0.0917
191.5000 0.0914
192.0000 0.0911
192.5000 0.0909
193.0000 0.0906
193.5000 0.0903
194.0000 0.0900
194.5000 0.0897
195.0000 0.0894
195.5000 0.0892
196.0000 0.0889
196.5000 0.0886
197.0000 0.0883
197.5000 0.0880
198.0000 0.0877
198.5000 0.0875
199.0000 0.0872
199.5000 0.0869
200.0000 0.0866
200.5000 0.0863
201.0000 0.0860
201.5000 0.0858
202.0000 0.0855
202.5000 0.0852
203.0000 0.0849
203.5000 0.0846
204.0000 0.0844
204.5000 0.0841
205.0000 0.0838
205.5000 0.0835
206.0000 0.0832
206.5000 0.0829
207.0000 0.0827
207.5000 0.0824
208.0000 0.0821
208.5000 0.0818
209.0000 0.0815
209.5000 0.0812
210.0000 0.0810
210.5000 0.0807
211.0000 0.0804
211.5000 0.0801
212.0000 0.0798
212.5000 0.0795
213.0000 0.0793
213.5000 0.0790
214.0000 0.0787
214.5000 0.0784
215.0000 0.0781
215.5000 0.0778
216.0000 0.0776
216.5000 0.0773
217.0000 0.0770
217.5000 0.0767
218.0000 0.0764
218.5000 0.0762
219.0000 0.0759
219.5000 0.0756
220.0000 0.0753
220.5000 0.0750
221.0000 0.0747
221.5000 0.0745
222.0000 0.0742
222.5000 0.0739
223.0000 0.0736
223.5000 0.0733
224.0000 0.0730
224.5000 0.0728
225.0000 0.0725
225.5000 0.0722
226.0000 0.0719
226.5000 0.0716
227.0000 0.0713
227.5000 0.0711
228.0000 0.0708
228.5000 0.0705
229.0000 0.0702
229.5000 0.0699
230.0000 0.0696
230.5000 0.0694
231.0000 0.0691
231.5000 0.0688
232.0000 0.0685
232.5000 0.0682
233.0000 0.0680
233.5000 0.0677
234.0000 0.0674
234.5000 0.0671
235.0000 0.0668
235.5000 0.0665
236.0000 0.0663
236.5000 0.0660
237.0000 0.0657
237.5000 0.0654
238.0000 0.0651
238.5000 0.0648
239.0000 0.0646
239.5000 0.0643
240.0000 0.0640
240.5000 0.0637
241.0000 0.0634
241.5000 0.0631
242.0000 0.0629
242.5000 0.0626
243.0000 0.0623
243.5000 0.0620
244.0000 0.0617
244.5000 0.0614
245.0000 0.0612
245.5000 0.0609
246.0000 0.0606
246.5000 0.0603
247.0000 0.0600
247.5000 0.0597
248.0000 0.0595
248.5000 0.0592
249.0000 0.0589
249.5000 0.0586
250.0000 0.0583
250.5000 0.0581
251.0000 0.0578
251.5000 0.0575
252.0000 0.0572
252.5000 0.0569
253.0000 0.0566
253.5000 0.0564
254.0000 0.0561
254.5000 0.0558
255.0000 0.0555
255.5000 0.0552
256.0000 0.0549
256.5000 0.0547
257.0000 0.0544
257.5000 0.0541
258.0000 0.0538
258.5000 0.0535
259.0000 0.0532
259.5000 0.0530
260.0000 0.0527
260.5000 0.0524
261.0000 0.0521
261.5000 0.0518
262.0000 0.0515
262.5000 0.0513
263.0000 0.0510
263.5000 0.0507
264.0000 0.0504
264.5000 0.0501
265.0000 0.0499
265.5000 0.0496
266.0000 0.0493
266.5000 0.0490
267.0000 0.0487
267.5000 0.0484
268.0000 0.0482
268.5000 0.0479
269.0000 0.0476
269.5000 0.0473
270.0000 0.0470
270.5000 0.0467
271.0000 0.0465
271.5000 0.0462
272.0000 0.0459
272.5000 0.0456
273.0000 0.0453
273.5000 0.0450
274.0000 0.0448
274.5000 0.0445
275.0000 0.0442
275.5000 0.0439
276.0000 0.0436
276.5000 0.0433
277.0000 0.0431
277.5000 0.0428
278.0000 0.0425
278.5000 0.0422
279.0000 0.0419
279.5000 0.0417
280.0000 0.0414
280.5000 0.0411
281.0000 0.0408
281.5000 0.0405
282.0000 0.0402
282.5000 0.0400
283.0000 0.0397
283.5000 0.0394
284.0000 0.0391
284.5000 0.0388
285.0000 0.0385
285.5000 0.0383
286.0000 0.0380
286.5000 0.0377
287.0000 0.0374
287.5000 0.0371
288.0000 0.0368
288.5000 0.0366
289.0000 0.0363
289.5000 0.0360
290.0000 0.0357
290.5000 0.0354
291.0000 0.0351
291.5000 0.0349
292.0000 0.0346
292.5000 0.0343
293.0000 0.0340
293.5000 0.0337
294.0000 0.0335
294.5000 0.0332
295.0000 0.0329
295.5000 0.0326
296.0000 0.0323
296.5000 0.0320
297.0000 0.0318
297.5000 0.0315
298.0000 0.0312
298.5000 0.0309
299.0000 0.0306
299.5000 0.0303
300.0000 0.0301
300.5000 0.0298
301.0000 0.0295
301.5000 0.0292
302.0000 0.0289
302.5000 0.0286
303.0000 0.0284
303.5000 0.0281
304.0000 0.0278
304.5000 0.0275
305.0000 0.0272
305.5000 0.0269
306.0000 0.0267
306.5000 0.0264
307.0000 0.0261
307.5000 0.0258
308.0000 0.0255
308.5000 0.0253
309.0000 0.0250
309.5000 0.0247
310.0000 0.0244
310.5000 0.0241
311.0000 0.0238
311.5000 0.0236
312.0000 0.0233
312.5000 0.0230
313.0000 0.0227
313.5000 0.0224
314.0000 0.0221
314.5000 0.0219
315.0000 0.0216
315.5000 0.0213
316.0000 0.0210
316.5000 0.0207
317.0000 0.0204
317.5000 0.0202
318.0000 0.0199
318.5000 0.0196
319.0000 0.0193
319.5000 0.0190
320.0000 0.0187
320.5000 0.0185
321.0000 0.0182
321.5000 0.0179
322.0000 0.0176
322.5000 0.0173
323.0000 0.0171
323.5000 0.0168
324.0000 0.0165
324.5000 0.0162
325.0000 0.0159
325.5000 0.0156
326.0000 0.0154
326.5000 0.0151
327.0000 0.0148
327.5000 0.0145
328.0000 0.0142
328.5000 0.0139
329.0000 0.0137
329.5000 0.0134
330.0000 0.0131
330.5000 0.0128
331.0000 0.0125
331.5000 0.0122
332.0000 0.0120
332.5000 0.0117
333.0000 0.0114
333.5000 0.0111
334.0000 0.0108
334.5000 0.0105
335.0000 0.0103
335.5000 0.0100
336.0000 0.0097
336.5000 0.0094
337.0000 0.0091
337.5000 0.0089
338.0000 0.0086
338.5000 0.0083
339.0000 0.0080
339.5000 0.0077
340.0000 0.0074
340.5000 0.0072
341.0000 0.0069
341.5000 0.0066
342.0000 0.0063
342.5000 0.0060
343.0000 0.0058
343.5000 0.0055
344.0000 0.0052
344.5000 0.0049
345.0000 0.0047
345.5000 0.0044
346.0000 0.0042
346.5000 0.0039
347.0000 0.0037
347.5000 0.0034
348.0000 0.0032
348.5000 0.0029
349.0000 0.0027
349.5000 0.0025
350.0000 0.0023
350.5000 0.0021
351.0000 0.0019
351.5000 0.0017
352.0000 0.0015
352.5000 0.0013
353.0000 0.0012
353.5000 0.0010
354.0000 0.0009
354.5000 0.0007
355.0000 0.0006
355.5000 0.0005
356.0000 0.0004
356.5000 0.0003
357.0000 0.0002
357.5000 0.0002
358.0000 0.0001
358.5000 0.0001
359.0000 0.0000
359.5000 0.0000
