B,15 #基圆半径
G,9.525 #测杆滚轮半径  平面随动件可以近似为 10倍基圆半径的滚子

A,0,359,1 #角度范围及角度步距
0
0.00492455
0.00761805
0.02343816
0.04290888
0.06640395
0.09429305
0.12693683
0.16468199
0.20785626
0.25676363
0.31167966
0.37284719
0.44047233
0.51472092
0.59571549
0.68353277
0.77820173
0.87970234
0.98796486
1.10286976
1.22424835
1.35188395
1.48551359
1.62483032
1.76948599
1.91909444
2.07323509
2.23145681
2.39328215
2.55821161
2.72572817
2.89530181
3.06639408
3.23846257
3.41096535
3.58336517
3.75513354
3.92575455
4.09472835
4.26157446
4.42583463
4.58707542
4.74489038
4.89890191
5.04876262
5.19415643
5.3347992
5.47043899
5.60085592
5.7258617
5.84529873
5.9590389
6.06698208
6.16905421
6.2652052
6.35540653
6.43964861
6.517938
6.59029442
6.65674767
6.71733452
6.77209551
6.8210718
6.86430217
6.90182005
6.9336508
6.95980921
6.98029732
6.99510256
7.00419632
7.00753287
7.00504892
6.99666355
6.98227873
6.96178042
6.93504022
6.90191759
6.86226259
6.81591919
6.76272905
6.70253573
6.63518931
6.56055132
6.47849981
6.38893469
6.291783
6.18700417
6.07459502
5.95459456
5.82708834
5.69221222
5.55015562
5.40116402
5.24554059
5.08364703
4.91590342
4.74278712
4.56483069
4.38261877
4.19678403
4.00800216
3.816986
3.62447888
3.43124729
3.23807298
3.04574459
2.85504905
2.66676281
2.4816431
2.30041939
2.12378517
1.95239026
1.7868337
1.62765746
1.47534101
1.33029686
1.19286712
1.06332124
0.94185477
0.82858929
0.72357351
0.62678528
0.53813477
0.45746843
0.38457385
0.31918521
0.26098947
0.20963279
0.1647274
0.12585857
0.09259157
0.06447859
0.04106537
0.02189751
0.00652634
0.00548578
0.00000000
