0.0000 0.0001
0.5000 0.0019
1.0000 0.0052
1.5000 0.0051
2.0000 0.0066
2.5000 0.0094
3.0000 0.0138
3.5000 0.0201
4.0000 0.0277
4.5000 0.0367
5.0000 0.0462
5.5000 0.0560
6.0000 0.0665
6.5000 0.0779
7.0000 0.0901
7.5000 0.1032
8.0000 0.1170
8.5000 0.1317
9.0000 0.1472
9.5000 0.1637
10.0000 0.1810
10.5000 0.1993
11.0000 0.2185
11.5000 0.2387
12.0000 0.2598
12.5000 0.2819
13.0000 0.3051
13.5000 0.3293
14.0000 0.3545
14.5000 0.3807
15.0000 0.4081
15.5000 0.4365
16.0000 0.4661
16.5000 0.4967
17.0000 0.5285
17.5000 0.5615
18.0000 0.5956
18.5000 0.6310
19.0000 0.6676
19.5000 0.7053
20.0000 0.7443
20.5000 0.7846
21.0000 0.8260
21.5000 0.8688
22.0000 0.9128
22.5000 0.9582
23.0000 1.0048
23.5000 1.0528
24.0000 1.1021
24.5000 1.1527
25.0000 1.2047
25.5000 1.2580
26.0000 1.3128
26.5000 1.3689
27.0000 1.4263
27.5000 1.4852
28.0000 1.5455
28.5000 1.6071
29.0000 1.6702
29.5000 1.7346
30.0000 1.8004
30.5000 1.8676
31.0000 1.9363
31.5000 2.0064
32.0000 2.0779
32.5000 2.1506
33.0000 2.2247
33.5000 2.3002
34.0000 2.3769
34.5000 2.4550
35.0000 2.5344
35.5000 2.6149
36.0000 2.6966
36.5000 2.7796
37.0000 2.8636
37.5000 2.9487
38.0000 3.0349
38.5000 3.1221
39.0000 3.2101
39.5000 3.2990
40.0000 3.3887
40.5000 3.4791
41.0000 3.5702
41.5000 3.6618
42.0000 3.7539
42.5000 3.8464
43.0000 3.9391
43.5000 4.0321
44.0000 4.1251
44.5000 4.2182
45.0000 4.3111
45.5000 4.4038
46.0000 4.4961
46.5000 4.5879
47.0000 4.6792
47.5000 4.7698
48.0000 4.8596
48.5000 4.9484
49.0000 5.0362
49.5000 5.1228
50.0000 5.2082
50.5000 5.2922
51.0000 5.3747
51.5000 5.4556
52.0000 5.5349
52.5000 5.6124
53.0000 5.6880
53.5000 5.7618
54.0000 5.8336
54.5000 5.9033
55.0000 5.9710
55.5000 6.0365
56.0000 6.0999
56.5000 6.1611
57.0000 6.2200
57.5000 6.2767
58.0000 6.3312
58.5000 6.3835
59.0000 6.4335
59.5000 6.4813
60.0000 6.5269
60.5000 6.5702
61.0000 6.6114
61.5000 6.6504
62.0000 6.6873
62.5000 6.7221
63.0000 6.7547
63.5000 6.7853
64.0000 6.8138
64.5000 6.8403
65.0000 6.8648
65.5000 6.8873
66.0000 6.9079
66.5000 6.9265
67.0000 6.9432
67.5000 6.9580
68.0000 6.9708
68.5000 6.9817
69.0000 6.9907
69.5000 6.9978
70.0000 7.0030
70.5000 7.0062
71.0000 7.0075
71.5000 7.0068
72.0000 7.0041
72.5000 6.9994
73.0000 6.9926
73.5000 6.9837
74.0000 6.9727
74.5000 6.9595
75.0000 6.9441
75.5000 6.9263
76.0000 6.9062
76.5000 6.8837
77.0000 6.8587
77.5000 6.8310
78.0000 6.8008
78.5000 6.7678
79.0000 6.7320
79.5000 6.6934
80.0000 6.6517
80.5000 6.6069
81.0000 6.5591
81.5000 6.5081
82.0000 6.4539
82.5000 6.3964
83.0000 6.3355
83.5000 6.2714
84.0000 6.2040
84.5000 6.1333
85.0000 6.0593
85.5000 5.9822
86.0000 5.9020
86.5000 5.8189
87.0000 5.7330
87.5000 5.6443
88.0000 5.5531
88.5000 5.4597
89.0000 5.3640
89.5000 5.2664
90.0000 5.1671
90.5000 5.0662
91.0000 4.9640
91.5000 4.8606
92.0000 4.7563
92.5000 4.6514
93.0000 4.5458
93.5000 4.4400
94.0000 4.3340
94.5000 4.2280
95.0000 4.1222
95.5000 4.0167
96.0000 3.9117
96.5000 3.8073
97.0000 3.7037
97.5000 3.6010
98.0000 3.4992
98.5000 3.3986
99.0000 3.2990
99.5000 3.2008
100.0000 3.1039
100.5000 3.0084
101.0000 2.9142
101.5000 2.8217
102.0000 2.7307
102.5000 2.6412
103.0000 2.5533
103.5000 2.4670
104.0000 2.3824
104.5000 2.2996
105.0000 2.2185
105.5000 2.1390
106.0000 2.0612
106.5000 1.9852
107.0000 1.9108
107.5000 1.8382
108.0000 1.7672
108.5000 1.6980
109.0000 1.6304
109.5000 1.5645
110.0000 1.5003
110.5000 1.4377
111.0000 1.3768
111.5000 1.3174
112.0000 1.2597
112.5000 1.2036
113.0000 1.1490
113.5000 1.0960
114.0000 1.0445
114.5000 0.9945
115.0000 0.9460
115.5000 0.8990
116.0000 0.8536
116.5000 0.8095
117.0000 0.7669
117.5000 0.7257
118.0000 0.6858
118.5000 0.6472
119.0000 0.6100
119.5000 0.5741
120.0000 0.5395
120.5000 0.5061
121.0000 0.4741
121.5000 0.4433
122.0000 0.4137
122.5000 0.3854
123.0000 0.3581
123.5000 0.3321
124.0000 0.3071
124.5000 0.2833
125.0000 0.2605
125.5000 0.2388
126.0000 0.2181
126.5000 0.1985
127.0000 0.1799
127.5000 0.1623
128.0000 0.1456
128.5000 0.1299
129.0000 0.1151
129.5000 0.1012
130.0000 0.0881
130.5000 0.0759
131.0000 0.0645
131.5000 0.0541
132.0000 0.0445
132.5000 0.0351
133.0000 0.0263
133.5000 0.0183
134.0000 0.0129
134.5000 0.0083
135.0000 0.0064
135.5000 0.0055
136.0000 0.0044
136.5000 0.0016
137.0000 -0.0003
137.5000 -0.0006
138.0000 -0.0001
138.5000 0.0001
139.0000 0.0000
139.5000 0.0000
140.0000 0.0000
140.5000 0.0000
141.0000 0.0000
141.5000 0.0000
142.0000 0.0000
142.5000 0.0000
143.0000 0.0000
143.5000 0.0000
144.0000 0.0000
144.5000 0.0000
145.0000 0.0000
145.5000 0.0000
146.0000 0.0000
146.5000 0.0000
147.0000 0.0000
147.5000 0.0000
148.0000 0.0000
148.5000 0.0000
149.0000 0.0000
149.5000 0.0000
150.0000 0.0000
150.5000 0.0000
151.0000 0.0000
151.5000 0.0000
152.0000 0.0000
152.5000 0.0000
153.0000 0.0000
153.5000 0.0000
154.0000 0.0000
154.5000 0.0000
155.0000 0.0000
155.5000 0.0000
156.0000 0.0000
156.5000 0.0000
157.0000 0.0000
157.5000 0.0000
158.0000 0.0000
158.5000 0.0000
159.0000 0.0000
159.5000 0.0000
160.0000 0.0000
160.5000 0.0000
161.0000 0.0000
161.5000 0.0000
162.0000 0.0000
162.5000 0.0000
163.0000 0.0000
163.5000 0.0000
164.0000 0.0000
164.5000 0.0000
165.0000 0.0000
165.5000 0.0000
166.0000 0.0000
166.5000 0.0000
167.0000 0.0000
167.5000 0.0000
168.0000 0.0000
168.5000 0.0000
169.0000 0.0000
169.5000 0.0000
170.0000 0.0000
170.5000 0.0000
171.0000 0.0000
171.5000 0.0000
172.0000 0.0000
172.5000 0.0000
173.0000 0.0000
173.5000 0.0000
174.0000 0.0000
174.5000 0.0000
175.0000 0.0000
175.5000 0.0000
176.0000 0.0000
176.5000 0.0000
177.0000 0.0000
177.5000 0.0000
178.0000 0.0000
178.5000 0.0000
179.0000 0.0000
179.5000 0.0000
180.0000 0.0000
180.5000 0.0000
181.0000 0.0000
181.5000 0.0000
182.0000 0.0000
182.5000 0.0000
183.0000 0.0000
183.5000 0.0000
184.0000 0.0000
184.5000 0.0000
185.0000 0.0000
185.5000 0.0000
186.0000 0.0000
186.5000 0.0000
187.0000 0.0000
187.5000 0.0000
188.0000 0.0000
188.5000 0.0000
189.0000 0.0000
189.5000 0.0000
190.0000 0.0000
190.5000 0.0000
191.0000 0.0000
191.5000 0.0000
192.0000 0.0000
192.5000 0.0000
193.0000 0.0000
193.5000 0.0000
194.0000 0.0000
194.5000 0.0000
195.0000 0.0000
195.5000 0.0000
196.0000 0.0000
196.5000 0.0000
197.0000 0.0000
197.5000 0.0000
198.0000 0.0000
198.5000 0.0000
199.0000 0.0000
199.5000 0.0000
200.0000 0.0000
200.5000 0.0000
201.0000 0.0000
201.5000 0.0000
202.0000 0.0000
202.5000 0.0000
203.0000 0.0000
203.5000 0.0000
204.0000 0.0000
204.5000 0.0000
205.0000 0.0000
205.5000 0.0000
206.0000 0.0000
206.5000 0.0000
207.0000 0.0000
207.5000 0.0000
208.0000 0.0000
208.5000 0.0000
209.0000 0.0000
209.5000 0.0000
210.0000 0.0000
210.5000 0.0000
211.0000 0.0000
211.5000 0.0000
212.0000 0.0000
212.5000 0.0000
213.0000 0.0000
213.5000 0.0000
214.0000 0.0000
214.5000 0.0000
215.0000 0.0000
215.5000 0.0000
216.0000 0.0000
216.5000 0.0000
217.0000 0.0000
217.5000 0.0000
218.0000 0.0000
218.5000 0.0000
219.0000 0.0000
219.5000 0.0000
220.0000 0.0000
220.5000 0.0000
221.0000 0.0000
221.5000 0.0000
222.0000 0.0000
222.5000 0.0000
223.0000 0.0000
223.5000 0.0000
224.0000 0.0000
224.5000 0.0000
225.0000 0.0000
225.5000 0.0000
226.0000 0.0000
226.5000 0.0000
227.0000 0.0000
227.5000 0.0000
228.0000 0.0000
228.5000 0.0000
229.0000 0.0000
229.5000 0.0000
230.0000 0.0000
230.5000 0.0000
231.0000 0.0000
231.5000 0.0000
232.0000 0.0000
232.5000 0.0000
233.0000 0.0000
233.5000 0.0000
234.0000 0.0000
234.5000 0.0000
235.0000 0.0000
235.5000 0.0000
236.0000 0.0000
236.5000 0.0000
237.0000 0.0000
237.5000 0.0000
238.0000 0.0000
238.5000 0.0000
239.0000 0.0000
239.5000 0.0000
240.0000 0.0000
240.5000 0.0000
241.0000 0.0000
241.5000 0.0000
242.0000 0.0000
242.5000 0.0000
243.0000 0.0000
243.5000 0.0000
244.0000 0.0000
244.5000 0.0000
245.0000 0.0000
245.5000 0.0000
246.0000 0.0000
246.5000 0.0000
247.0000 0.0000
247.5000 0.0000
248.0000 0.0000
248.5000 0.0000
249.0000 0.0000
249.5000 0.0000
250.0000 0.0000
250.5000 0.0000
251.0000 0.0000
251.5000 0.0000
252.0000 0.0000
252.5000 0.0000
253.0000 0.0000
253.5000 0.0000
254.0000 0.0000
254.5000 0.0000
255.0000 0.0000
255.5000 0.0000
256.0000 0.0000
256.5000 0.0000
257.0000 0.0000
257.5000 0.0000
258.0000 0.0000
258.5000 0.0000
259.0000 0.0000
259.5000 0.0000
260.0000 0.0000
260.5000 0.0000
261.0000 0.0000
261.5000 0.0000
262.0000 0.0000
262.5000 0.0000
263.0000 0.0000
263.5000 0.0000
264.0000 0.0000
264.5000 0.0000
265.0000 0.0000
265.5000 0.0000
266.0000 0.0000
266.5000 0.0000
267.0000 0.0000
267.5000 0.0000
268.0000 0.0000
268.5000 0.0000
269.0000 0.0000
269.5000 0.0000
270.0000 0.0000
270.5000 0.0000
271.0000 0.0000
271.5000 0.0000
272.0000 0.0000
272.5000 0.0000
273.0000 0.0000
273.5000 0.0000
274.0000 0.0000
274.5000 0.0000
275.0000 0.0000
275.5000 0.0000
276.0000 0.0000
276.5000 0.0000
277.0000 0.0000
277.5000 0.0000
278.0000 0.0000
278.5000 0.0000
279.0000 0.0000
279.5000 0.0000
280.0000 0.0000
280.5000 0.0000
281.0000 0.0000
281.5000 0.0000
282.0000 0.0000
282.5000 0.0000
283.0000 0.0000
283.5000 0.0000
284.0000 0.0000
284.5000 0.0000
285.0000 0.0000
285.5000 0.0000
286.0000 0.0000
286.5000 0.0000
287.0000 0.0000
287.5000 0.0000
288.0000 0.0000
288.5000 0.0000
289.0000 0.0000
289.5000 0.0000
290.0000 0.0000
290.5000 0.0000
291.0000 0.0000
291.5000 0.0000
292.0000 0.0000
292.5000 0.0000
293.0000 0.0000
293.5000 0.0000
294.0000 0.0000
294.5000 0.0000
295.0000 0.0000
295.5000 0.0000
296.0000 0.0000
296.5000 0.0000
297.0000 0.0000
297.5000 0.0000
298.0000 0.0000
298.5000 0.0000
299.0000 0.0000
299.5000 0.0000
300.0000 0.0000
300.5000 0.0000
301.0000 0.0000
301.5000 0.0000
302.0000 0.0000
302.5000 0.0000
303.0000 0.0000
303.5000 0.0000
304.0000 0.0000
304.5000 0.0000
305.0000 0.0000
305.5000 0.0000
306.0000 0.0000
306.5000 0.0000
307.0000 0.0000
307.5000 0.0000
308.0000 0.0000
308.5000 0.0000
309.0000 0.0000
309.5000 0.0000
310.0000 0.0000
310.5000 0.0000
311.0000 0.0000
311.5000 0.0000
312.0000 0.0000
312.5000 0.0000
313.0000 0.0000
313.5000 0.0000
314.0000 0.0000
314.5000 0.0000
315.0000 0.0000
315.5000 0.0000
316.0000 0.0000
316.5000 0.0000
317.0000 0.0000
317.5000 0.0000
318.0000 0.0000
318.5000 0.0000
319.0000 0.0000
319.5000 0.0000
320.0000 0.0000
320.5000 0.0000
321.0000 0.0000
321.5000 0.0000
322.0000 0.0000
322.5000 0.0000
323.0000 0.0000
323.5000 0.0000
324.0000 0.0000
324.5000 0.0000
325.0000 0.0000
325.5000 0.0000
326.0000 0.0000
326.5000 0.0000
327.0000 0.0000
327.5000 0.0000
328.0000 0.0000
328.5000 0.0000
329.0000 0.0000
329.5000 0.0000
330.0000 0.0000
330.5000 0.0000
331.0000 0.0000
331.5000 0.0000
332.0000 0.0000
332.5000 0.0000
333.0000 0.0000
333.5000 0.0000
334.0000 0.0000
334.5000 0.0000
335.0000 0.0000
335.5000 0.0000
336.0000 0.0000
336.5000 0.0000
337.0000 0.0000
337.5000 0.0000
338.0000 0.0000
338.5000 0.0000
339.0000 0.0000
339.5000 0.0000
340.0000 0.0000
340.5000 0.0000
341.0000 0.0000
341.5000 0.0000
342.0000 0.0000
342.5000 0.0000
343.0000 0.0000
343.5000 0.0000
344.0000 0.0000
344.5000 0.0000
345.0000 0.0000
345.5000 0.0000
346.0000 0.0000
346.5000 0.0000
347.0000 0.0000
347.5000 0.0000
348.0000 0.0000
348.5000 0.0000
349.0000 0.0000
349.5000 0.0000
350.0000 0.0000
350.5000 0.0000
351.0000 0.0000
351.5000 0.0000
352.0000 0.0000
352.5000 0.0000
353.0000 0.0000
353.5000 0.0000
354.0000 0.0000
354.5000 0.0000
355.0000 0.0000
355.5000 0.0000
356.0000 0.0000
356.5000 0.0000
357.0000 0.0000
357.5000 0.0000
358.0000 0.0000
358.5000 0.0000
359.0000 0.0000
359.5000 0.0000
