0.1143 0.0001
0.7019 0.0029
0.8925 0.0049
0.9202 0.0053
1.1146 0.0049
1.5869 0.0052
2.3057 0.0077
3.1589 0.0152
3.9134 0.0261
4.4462 0.0357
4.8460 0.0432
5.2557 0.0511
5.7275 0.0606
6.2307 0.0716
6.7296 0.0833
7.2173 0.0956
7.7035 0.1086
8.1963 0.1226
8.6957 0.1376
9.1988 0.1536
9.7039 0.1705
10.2109 0.1885
10.7205 0.2075
11.2329 0.2277
11.7478 0.2489
12.2647 0.2713
12.7835 0.2948
13.3040 0.3195
13.8259 0.3454
14.3493 0.3726
14.8737 0.4010
15.3989 0.4306
15.9249 0.4615
16.4512 0.4936
16.9777 0.5270
17.5042 0.5617
18.0304 0.5977
18.5561 0.6350
19.0810 0.6735
19.6049 0.7133
20.1277 0.7544
20.6491 0.7967
21.1687 0.8402
21.6866 0.8849
22.2023 0.9309
22.7158 0.9780
23.2269 1.0263
23.7353 1.0756
24.2408 1.1261
24.7434 1.1777
25.2428 1.2303
25.7389 1.2839
26.2315 1.3384
26.7205 1.3939
27.2059 1.4502
27.6874 1.5075
28.1649 1.5655
28.6385 1.6243
29.1079 1.6838
29.5731 1.7441
30.0341 1.8049
30.4908 1.8664
30.9431 1.9284
31.3911 1.9909
31.8345 2.0540
32.2736 2.1174
32.7082 2.1812
33.1383 2.2454
33.5640 2.3099
33.9852 2.3746
34.4020 2.4395
34.8143 2.5047
35.2222 2.5699
35.6258 2.6353
36.0250 2.7007
36.4199 2.7662
36.8106 2.8316
37.1971 2.8970
37.5793 2.9623
37.9575 3.0275
38.3316 3.0926
38.7018 3.1574
39.0680 3.2221
39.4303 3.2865
39.7888 3.3507
40.1436 3.4146
40.4947 3.4781
40.8421 3.5413
41.1861 3.6042
41.5265 3.6667
41.8636 3.7287
42.1973 3.7903
42.5278 3.8515
42.8551 3.9122
43.1792 3.9724
43.5003 4.0321
43.8184 4.0913
44.1336 4.1500
44.4460 4.2081
44.7555 4.2657
45.0624 4.3227
45.3667 4.3791
45.6684 4.4349
45.9676 4.4901
46.2643 4.5447
46.5587 4.5987
46.8508 4.6521
47.1407 4.7048
47.4285 4.7569
47.7141 4.8084
47.9977 4.8592
48.2794 4.9094
48.5591 4.9589
48.8371 5.0077
49.1132 5.0560
49.3877 5.1035
49.6605 5.1504
49.9318 5.1967
50.2015 5.2422
50.4698 5.2872
50.7367 5.3315
51.0023 5.3751
51.2666 5.4181
51.5298 5.4604
51.7918 5.5021
52.0527 5.5432
52.3126 5.5836
52.5716 5.6234
52.8296 5.6625
53.0868 5.7010
53.3433 5.7389
53.5990 5.7762
53.8541 5.8129
54.1085 5.8489
54.3624 5.8844
54.6158 5.9192
54.8688 5.9535
55.1214 5.9872
55.3737 6.0202
55.6257 6.0527
55.8774 6.0846
56.1290 6.1159
56.3804 6.1467
56.6318 6.1769
56.8831 6.2065
57.1345 6.2356
57.3859 6.2641
57.6374 6.2920
57.8890 6.3194
58.1408 6.3462
58.3928 6.3725
58.6451 6.3983
58.8976 6.4235
59.1505 6.4482
59.4037 6.4723
59.6573 6.4959
59.9112 6.5190
60.1656 6.5415
60.4205 6.5635
60.6758 6.5850
60.9316 6.6059
61.1879 6.6264
61.4447 6.6462
61.7020 6.6656
61.9599 6.6844
62.2183 6.7028
62.4772 6.7205
62.7367 6.7378
62.9967 6.7545
63.2573 6.7707
63.5184 6.7864
63.7800 6.8015
64.0422 6.8162
64.3048 6.8303
64.5680 6.8438
64.8316 6.8568
65.0957 6.8693
65.3602 6.8813
65.6252 6.8927
65.8905 6.9036
66.1562 6.9140
66.4223 6.9238
66.6886 6.9331
66.9552 6.9418
67.2220 6.9500
67.4891 6.9577
67.7563 6.9648
68.0236 6.9714
68.2911 6.9774
68.5585 6.9829
68.8260 6.9878
69.0935 6.9922
69.3608 6.9961
69.6281 6.9994
69.8951 7.0021
70.1619 7.0043
70.4285 7.0059
70.6948 7.0070
70.9606 7.0075
71.2261 7.0075
71.4912 7.0069
71.7557 7.0057
72.0197 7.0040
72.2830 7.0017
72.5458 6.9989
72.8078 6.9955
73.0691 6.9916
73.3297 6.9871
73.5894 6.9820
73.8483 6.9764
74.1063 6.9702
74.3633 6.9634
74.6194 6.9561
74.8745 6.9482
75.1286 6.9398
75.3816 6.9308
75.6336 6.9213
75.8844 6.9112
76.1341 6.9005
76.3827 6.8893
76.6301 6.8775
76.8763 6.8652
77.1214 6.8523
77.3653 6.8388
77.6080 6.8248
77.8495 6.8103
78.0898 6.7951
78.3290 6.7795
78.5670 6.7632
78.8039 6.7465
79.0396 6.7291
79.2743 6.7112
79.5079 6.6927
79.7404 6.6737
79.9720 6.6541
80.2026 6.6340
80.4323 6.6132
80.6611 6.5919
80.8891 6.5701
81.1163 6.5476
81.3428 6.5245
81.5687 6.5009
81.7940 6.4767
82.0188 6.4518
82.2431 6.4264
82.4671 6.4003
82.6907 6.3736
82.9142 6.3463
83.1375 6.3183
83.3608 6.2896
83.5841 6.2603
83.8075 6.2304
84.0312 6.1997
84.2551 6.1683
84.4794 6.1363
84.7043 6.1035
84.9297 6.0699
85.1558 6.0357
85.3826 6.0006
85.6104 5.9648
85.8391 5.9282
86.0688 5.8908
86.2998 5.8526
86.5319 5.8135
86.7655 5.7736
87.0005 5.7329
87.2370 5.6913
87.4753 5.6488
87.7152 5.6054
87.9570 5.5611
88.2007 5.5159
88.4465 5.4698
88.6944 5.4228
88.9445 5.3748
89.1969 5.3258
89.4517 5.2760
89.7091 5.2251
89.9690 5.1733
90.2316 5.1206
90.4970 5.0668
90.7653 5.0122
91.0365 4.9565
91.3108 4.8999
91.5882 4.8423
91.8689 4.7838
92.1528 4.7244
92.4402 4.6640
92.7311 4.6027
93.0256 4.5404
93.3238 4.4773
93.6258 4.4133
93.9316 4.3485
94.2414 4.2828
94.5553 4.2162
94.8733 4.1489
95.1955 4.0808
95.5221 4.0120
95.8531 3.9425
96.1886 3.8722
96.5288 3.8013
96.8736 3.7298
97.2231 3.6577
97.5776 3.5851
97.9370 3.5120
98.3014 3.4384
98.6710 3.3644
99.0457 3.2900
99.4257 3.2153
99.8110 3.1403
100.2017 3.0651
100.5979 2.9897
100.9996 2.9142
101.4069 2.8387
101.8198 2.7632
102.2383 2.6877
102.6626 2.6123
103.0925 2.5371
103.5281 2.4622
103.9694 2.3875
104.4165 2.3133
104.8692 2.2394
105.3276 2.1661
105.7916 2.0933
106.2612 2.0211
106.7362 1.9496
107.2167 1.8789
107.7025 1.8090
108.1935 1.7400
108.6896 1.6719
109.1906 1.6049
109.6964 1.5389
110.2069 1.4740
110.7218 1.4103
111.2409 1.3478
111.7641 1.2865
112.2912 1.2266
112.8217 1.1681
113.3557 1.1110
113.8927 1.0553
114.4325 1.0011
114.9748 0.9484
115.5194 0.8972
116.0659 0.8476
116.6141 0.7995
117.1636 0.7531
117.7141 0.7082
118.2654 0.6649
118.8170 0.6233
119.3688 0.5833
119.9204 0.5448
120.4714 0.5079
121.0216 0.4727
121.5708 0.4390
122.1185 0.4068
122.6645 0.3761
123.2086 0.3470
123.7505 0.3193
124.2899 0.2930
124.8267 0.2681
125.3607 0.2446
125.8915 0.2224
126.4187 0.2016
126.9420 0.1820
127.4622 0.1635
127.9799 0.1462
128.4945 0.1300
129.0023 0.1150
129.5004 0.1012
129.9937 0.0883
130.4955 0.0760
131.0134 0.0642
131.5191 0.0537
131.9608 0.0453
132.3294 0.0384
132.7650 0.0301
133.4533 0.0188
134.3908 0.0087
135.2514 0.0054
135.7078 0.0056
135.8136 0.0057
135.9360 0.0048
136.3514 0.0022
136.9734 -0.0002
137.5567 -0.0006
137.9680 -0.0001
138.2732 0.0002
138.5832 0.0001
138.9383 0.0000
139.3151 0.0000
139.6857 0.0000
140.0450 0.0000
140.4004 0.0000
140.7583 0.0000
141.1189 0.0000
141.4801 0.0000
141.8405 0.0000
142.2002 0.0000
142.5599 0.0000
142.9199 0.0000
143.2800 0.0000
143.6400 0.0000
144.0000 0.0000
144.3600 0.0000
144.7200 0.0000
145.0800 0.0000
145.4400 0.0000
145.8000 0.0000
146.1600 0.0000
146.5200 0.0000
146.8800 0.0000
147.2400 0.0000
147.6000 0.0000
147.9600 0.0000
148.3200 0.0000
148.6800 0.0000
149.0400 0.0000
149.4000 0.0000
149.7600 0.0000
150.1200 0.0000
150.4800 0.0000
150.8400 0.0000
151.2000 0.0000
151.5600 0.0000
151.9200 0.0000
152.2800 0.0000
152.6400 0.0000
153.0000 0.0000
153.3600 0.0000
153.7200 0.0000
154.0800 0.0000
154.4400 0.0000
154.8000 0.0000
155.1600 0.0000
155.5200 0.0000
155.8800 0.0000
156.2400 0.0000
156.6000 0.0000
156.9600 0.0000
157.3200 0.0000
157.6800 0.0000
158.0400 0.0000
158.4000 0.0000
158.7600 0.0000
159.1200 0.0000
159.4800 0.0000
159.8400 0.0000
160.2000 0.0000
160.5600 0.0000
160.9200 0.0000
161.2800 0.0000
161.6400 0.0000
162.0000 0.0000
162.3600 0.0000
162.7200 0.0000
163.0800 0.0000
163.4400 0.0000
163.8000 0.0000
164.1600 0.0000
164.5200 0.0000
164.8800 0.0000
165.2400 0.0000
165.6000 0.0000
165.9600 0.0000
166.3200 0.0000
166.6800 0.0000
167.0400 0.0000
167.4000 0.0000
167.7600 0.0000
168.1200 0.0000
168.4800 0.0000
168.8400 0.0000
169.2000 0.0000
169.5600 0.0000
169.9200 0.0000
170.2800 0.0000
170.6400 0.0000
171.0000 0.0000
171.3600 0.0000
171.7200 0.0000
172.0800 0.0000
172.4400 0.0000
172.8000 0.0000
173.1600 0.0000
173.5200 0.0000
173.8800 0.0000
174.2400 0.0000
174.6000 0.0000
174.9600 0.0000
175.3200 0.0000
175.6800 0.0000
176.0400 0.0000
176.4000 0.0000
176.7600 0.0000
177.1200 0.0000
177.4800 0.0000
177.8400 0.0000
178.2000 0.0000
178.5600 0.0000
178.9200 0.0000
179.2800 0.0000
179.6400 0.0000
180.0000 0.0000
180.3600 0.0000
180.7200 0.0000
181.0800 0.0000
181.4400 0.0000
181.8000 0.0000
182.1600 0.0000
182.5200 0.0000
182.8800 0.0000
183.2400 0.0000
183.6000 0.0000
183.9600 0.0000
184.3200 0.0000
184.6800 0.0000
185.0400 0.0000
185.4000 0.0000
185.7600 0.0000
186.1200 0.0000
186.4800 0.0000
186.8400 0.0000
187.2000 0.0000
187.5600 0.0000
187.9200 0.0000
188.2800 0.0000
188.6400 0.0000
189.0000 0.0000
189.3600 0.0000
189.7200 0.0000
190.0800 0.0000
190.4400 0.0000
190.8000 0.0000
191.1600 0.0000
191.5200 0.0000
191.8800 0.0000
192.2400 0.0000
192.6000 0.0000
192.9600 0.0000
193.3200 0.0000
193.6800 0.0000
194.0400 0.0000
194.4000 0.0000
194.7600 0.0000
195.1200 0.0000
195.4800 0.0000
195.8400 0.0000
196.2000 0.0000
196.5600 0.0000
196.9200 0.0000
197.2800 0.0000
197.6400 0.0000
198.0000 0.0000
198.3600 0.0000
198.7200 0.0000
199.0800 0.0000
199.4400 0.0000
199.8000 0.0000
200.1600 0.0000
200.5200 0.0000
200.8800 0.0000
201.2400 0.0000
201.6000 0.0000
201.9600 0.0000
202.3200 0.0000
202.6800 0.0000
203.0400 0.0000
203.4000 0.0000
203.7600 0.0000
204.1200 0.0000
204.4800 0.0000
204.8400 0.0000
205.2000 0.0000
205.5600 0.0000
205.9200 0.0000
206.2800 0.0000
206.6400 0.0000
207.0000 0.0000
207.3600 0.0000
207.7200 0.0000
208.0800 0.0000
208.4400 0.0000
208.8000 0.0000
209.1600 0.0000
209.5200 0.0000
209.8800 0.0000
210.2400 0.0000
210.6000 0.0000
210.9600 0.0000
211.3200 0.0000
211.6800 0.0000
212.0400 0.0000
212.4000 0.0000
212.7600 0.0000
213.1200 0.0000
213.4800 0.0000
213.8400 0.0000
214.2000 0.0000
214.5600 0.0000
214.9200 0.0000
215.2800 0.0000
215.6400 0.0000
216.0000 0.0000
216.3600 0.0000
216.7200 0.0000
217.0800 0.0000
217.4400 0.0000
217.8000 0.0000
218.1600 0.0000
218.5200 0.0000
218.8800 0.0000
219.2400 0.0000
219.6000 0.0000
219.9600 0.0000
220.3200 0.0000
220.6800 0.0000
221.0400 0.0000
221.4000 0.0000
221.7600 0.0000
222.1200 0.0000
222.4800 0.0000
222.8400 0.0000
223.2000 0.0000
223.5600 0.0000
223.9200 0.0000
224.2800 0.0000
224.6400 0.0000
225.0000 0.0000
225.3600 0.0000
225.7200 0.0000
226.0800 0.0000
226.4400 0.0000
226.8000 0.0000
227.1600 0.0000
227.5200 0.0000
227.8800 0.0000
228.2400 0.0000
228.6000 0.0000
228.9600 0.0000
229.3200 0.0000
229.6800 0.0000
230.0400 0.0000
230.4000 0.0000
230.7600 0.0000
231.1200 0.0000
231.4800 0.0000
231.8400 0.0000
232.2000 0.0000
232.5600 0.0000
232.9200 0.0000
233.2800 0.0000
233.6400 0.0000
234.0000 0.0000
234.3600 0.0000
234.7200 0.0000
235.0800 0.0000
235.4400 0.0000
235.8000 0.0000
236.1600 0.0000
236.5200 0.0000
236.8800 0.0000
237.2400 0.0000
237.6000 0.0000
237.9600 0.0000
238.3200 0.0000
238.6800 0.0000
239.0400 0.0000
239.4000 0.0000
239.7600 0.0000
240.1200 0.0000
240.4800 0.0000
240.8400 0.0000
241.2000 0.0000
241.5600 0.0000
241.9200 0.0000
242.2800 0.0000
242.6400 0.0000
243.0000 0.0000
243.3600 0.0000
243.7200 0.0000
244.0800 0.0000
244.4400 0.0000
244.8000 0.0000
245.1600 0.0000
245.5200 0.0000
245.8800 0.0000
246.2400 0.0000
246.6000 0.0000
246.9600 0.0000
247.3200 0.0000
247.6800 0.0000
248.0400 0.0000
248.4000 0.0000
248.7600 0.0000
249.1200 0.0000
249.4800 0.0000
249.8400 0.0000
250.2000 0.0000
250.5600 0.0000
250.9200 0.0000
251.2800 0.0000
251.6400 0.0000
252.0000 0.0000
252.3600 0.0000
252.7200 0.0000
253.0800 0.0000
253.4400 0.0000
253.8000 0.0000
254.1600 0.0000
254.5200 0.0000
254.8800 0.0000
255.2400 0.0000
255.6000 0.0000
255.9600 0.0000
256.3200 0.0000
256.6800 0.0000
257.0400 0.0000
257.4000 0.0000
257.7600 0.0000
258.1200 0.0000
258.4800 0.0000
258.8400 0.0000
259.2000 0.0000
259.5600 0.0000
259.9200 0.0000
260.2800 0.0000
260.6400 0.0000
261.0000 0.0000
261.3600 0.0000
261.7200 0.0000
262.0800 0.0000
262.4400 0.0000
262.8000 0.0000
263.1600 0.0000
263.5200 0.0000
263.8800 0.0000
264.2400 0.0000
264.6000 0.0000
264.9600 0.0000
265.3200 0.0000
265.6800 0.0000
266.0400 0.0000
266.4000 0.0000
266.7600 0.0000
267.1200 0.0000
267.4800 0.0000
267.8400 0.0000
268.2000 0.0000
268.5600 0.0000
268.9200 0.0000
269.2800 0.0000
269.6400 0.0000
270.0000 0.0000
270.3600 0.0000
270.7200 0.0000
271.0800 0.0000
271.4400 0.0000
271.8000 0.0000
272.1600 0.0000
272.5200 0.0000
272.8800 0.0000
273.2400 0.0000
273.6000 0.0000
273.9600 0.0000
274.3200 0.0000
274.6800 0.0000
275.0400 0.0000
275.4000 0.0000
275.7600 0.0000
276.1200 0.0000
276.4800 0.0000
276.8400 0.0000
277.2000 0.0000
277.5600 0.0000
277.9200 0.0000
278.2800 0.0000
278.6400 0.0000
279.0000 0.0000
279.3600 0.0000
279.7200 0.0000
280.0800 0.0000
280.4400 0.0000
280.8000 0.0000
281.1600 0.0000
281.5200 0.0000
281.8800 0.0000
282.2400 0.0000
282.6000 0.0000
282.9600 0.0000
283.3200 0.0000
283.6800 0.0000
284.0400 0.0000
284.4000 0.0000
284.7600 0.0000
285.1200 0.0000
285.4800 0.0000
285.8400 0.0000
286.2000 0.0000
286.5600 0.0000
286.9200 0.0000
287.2800 0.0000
287.6400 0.0000
288.0000 0.0000
288.3600 0.0000
288.7200 0.0000
289.0800 0.0000
289.4400 0.0000
289.8000 0.0000
290.1600 0.0000
290.5200 0.0000
290.8800 0.0000
291.2400 0.0000
291.6000 0.0000
291.9600 0.0000
292.3200 0.0000
292.6800 0.0000
293.0400 0.0000
293.4000 0.0000
293.7600 0.0000
294.1200 0.0000
294.4800 0.0000
294.8400 0.0000
295.2000 0.0000
295.5600 0.0000
295.9200 0.0000
296.2800 0.0000
296.6400 0.0000
297.0000 0.0000
297.3600 0.0000
297.7200 0.0000
298.0800 0.0000
298.4400 0.0000
298.8000 0.0000
299.1600 0.0000
299.5200 0.0000
299.8800 0.0000
300.2400 0.0000
300.6000 0.0000
300.9600 0.0000
301.3200 0.0000
301.6800 0.0000
302.0400 0.0000
302.4000 0.0000
302.7600 0.0000
303.1200 0.0000
303.4800 0.0000
303.8400 0.0000
304.2000 0.0000
304.5600 0.0000
304.9200 0.0000
305.2800 0.0000
305.6400 0.0000
306.0000 0.0000
306.3600 0.0000
306.7200 0.0000
307.0800 0.0000
307.4400 0.0000
307.8000 0.0000
308.1600 0.0000
308.5200 0.0000
308.8800 0.0000
309.2400 0.0000
309.6000 0.0000
309.9600 0.0000
310.3200 0.0000
310.6800 0.0000
311.0400 0.0000
311.4000 0.0000
311.7600 0.0000
312.1200 0.0000
312.4800 0.0000
312.8400 0.0000
313.2000 0.0000
313.5600 0.0000
313.9200 0.0000
314.2800 0.0000
314.6400 0.0000
315.0000 0.0000
315.3600 0.0000
315.7200 0.0000
316.0800 0.0000
316.4400 0.0000
316.8000 0.0000
317.1600 0.0000
317.5200 0.0000
317.8800 0.0000
318.2400 0.0000
318.6000 0.0000
318.9600 0.0000
319.3200 0.0000
319.6800 0.0000
320.0400 0.0000
320.4000 0.0000
320.7600 0.0000
321.1200 0.0000
321.4800 0.0000
321.8400 0.0000
322.2000 0.0000
322.5600 0.0000
322.9200 0.0000
323.2800 0.0000
323.6400 0.0000
324.0000 0.0000
324.3600 0.0000
324.7200 0.0000
325.0800 0.0000
325.4400 0.0000
325.8000 0.0000
326.1600 0.0000
326.5200 0.0000
326.8800 0.0000
327.2400 0.0000
327.6000 0.0000
327.9600 0.0000
328.3200 0.0000
328.6800 0.0000
329.0400 0.0000
329.4000 0.0000
329.7600 0.0000
330.1200 0.0000
330.4800 0.0000
330.8400 0.0000
331.2000 0.0000
331.5600 0.0000
331.9200 0.0000
332.2800 0.0000
332.6400 0.0000
333.0000 0.0000
333.3600 0.0000
333.7200 0.0000
334.0800 0.0000
334.4400 0.0000
334.8000 0.0000
335.1600 0.0000
335.5200 0.0000
335.8800 0.0000
336.2400 0.0000
336.6000 0.0000
336.9600 0.0000
337.3200 0.0000
337.6800 0.0000
338.0400 0.0000
338.4000 0.0000
338.7600 0.0000
339.1200 0.0000
339.4800 0.0000
339.8400 0.0000
340.2000 0.0000
340.5600 0.0000
340.9200 0.0000
341.2800 0.0000
341.6400 0.0000
342.0000 0.0000
342.3600 0.0000
342.7200 0.0000
343.0800 0.0000
343.4400 0.0000
343.8000 0.0000
344.1600 0.0000
344.5200 0.0000
344.8800 0.0000
345.2400 0.0000
345.6000 0.0000
345.9600 0.0000
346.3200 0.0000
346.6800 0.0000
347.0400 0.0000
347.4000 0.0000
347.7600 0.0000
348.1200 0.0000
348.4800 0.0000
348.8400 0.0000
349.2000 0.0000
349.5600 0.0000
349.9200 0.0000
350.2800 0.0000
350.6400 0.0000
351.0000 0.0000
351.3600 0.0000
351.7200 0.0000
352.0800 0.0000
352.4400 0.0000
352.8000 0.0000
353.1600 0.0000
353.5200 0.0000
353.8800 0.0000
354.2400 0.0000
354.6000 0.0000
354.9600 0.0000
355.3200 0.0000
355.6800 0.0000
356.0400 0.0000
356.4000 0.0000
356.7600 0.0000
357.1200 0.0000
357.4800 0.0000
357.8400 0.0000
358.2000 0.0000
358.5600 0.0000
358.9200 0.0000
359.2800 0.0000
359.6400 0.0000
