0.0000 0.0000
0.5000 0.0027
1.0000 0.0053
1.5000 0.0120
2.0000 0.0212
2.5000 0.0332
3.0000 0.0478
3.5000 0.0650
4.0000 0.0849
4.5000 0.1075
5.0000 0.1327
5.5000 0.1605
6.0000 0.1910
6.5000 0.2242
7.0000 0.2600
7.5000 0.2985
8.0000 0.3397
8.5000 0.3835
9.0000 0.4300
9.5000 0.4791
10.0000 0.5310
10.5000 0.5855
11.0000 0.6428
11.5000 0.7027
12.0000 0.7653
12.5000 0.8307
13.0000 0.8987
13.5000 0.9695
14.0000 1.0431
14.5000 1.1193
15.0000 1.1983
15.5000 1.2801
16.0000 1.3646
16.5000 1.4518
17.0000 1.5419
17.5000 1.6347
18.0000 1.7303
18.5000 1.8288
19.0000 1.9300
19.5000 2.0340
20.0000 2.1409
20.5000 2.2505
21.0000 2.3630
21.5000 2.4784
22.0000 2.5966
22.5000 2.7176
23.0000 2.8416
23.5000 2.9684
24.0000 3.0980
24.5000 3.2306
25.0000 3.3660
25.5000 3.5044
26.0000 3.6456
26.5000 3.7898
27.0000 3.9369
27.5000 4.0870
28.0000 4.2399
28.5000 4.3958
29.0000 4.5547
29.5000 4.7165
30.0000 4.8813
30.5000 5.0490
31.0000 5.2197
31.5000 5.3934
32.0000 5.5700
32.5000 5.7496
33.0000 5.9322
33.5000 6.1177
34.0000 6.3063
34.5000 6.4978
35.0000 6.6923
35.5000 6.8897
36.0000 7.0901
36.5000 7.2935
37.0000 7.4999
37.5000 7.7092
38.0000 7.9215
38.5000 8.1367
39.0000 8.3549
39.5000 8.5760
40.0000 8.8000
40.5000 9.0270
41.0000 9.2568
41.5000 9.4896
42.0000 9.7252
42.5000 9.9637
43.0000 10.2050
43.5000 10.4492
44.0000 10.6962
44.5000 10.9460
45.0000 11.1986
45.5000 11.4539
46.0000 11.7119
46.5000 11.9727
47.0000 12.2361
47.5000 12.5022
48.0000 12.7708
48.5000 13.0421
49.0000 13.3159
49.5000 13.5922
50.0000 13.8710
50.5000 14.1522
51.0000 14.4358
51.5000 14.7218
52.0000 15.0100
52.5000 15.3005
53.0000 15.5933
53.5000 15.8882
54.0000 16.1852
54.5000 16.4842
55.0000 16.7853
55.5000 17.0884
56.0000 17.3933
56.5000 17.7001
57.0000 18.0087
57.5000 18.3190
58.0000 18.6310
58.5000 18.9446
59.0000 19.2597
59.5000 19.5763
60.0000 19.8943
60.5000 20.2136
61.0000 20.5342
61.5000 20.8559
62.0000 21.1787
62.5000 21.5026
63.0000 21.8274
63.5000 22.1531
64.0000 22.4795
64.5000 22.8067
65.0000 23.1344
65.5000 23.4626
66.0000 23.7913
66.5000 24.1204
67.0000 24.4496
67.5000 24.7791
68.0000 25.1086
68.5000 25.4381
69.0000 25.7675
69.5000 26.0967
70.0000 26.4256
70.5000 26.7541
71.0000 27.0822
71.5000 27.4097
72.0000 27.7367
72.5000 28.0629
73.0000 28.3883
73.5000 28.7129
74.0000 29.0365
74.5000 29.3591
75.0000 29.6805
75.5000 30.0007
76.0000 30.3196
76.5000 30.6372
77.0000 30.9532
77.5000 31.2678
78.0000 31.5807
78.5000 31.8919
79.0000 32.2014
79.5000 32.5090
80.0000 32.8147
80.5000 33.1184
81.0000 33.4200
81.5000 33.7195
82.0000 34.0168
82.5000 34.3118
83.0000 34.6045
83.5000 34.8948
84.0000 35.1826
84.5000 35.4678
85.0000 35.7505
85.5000 36.0306
86.0000 36.3079
86.5000 36.5825
87.0000 36.8543
87.5000 37.1233
88.0000 37.3893
88.5000 37.6525
89.0000 37.9127
89.5000 38.1700
90.0000 38.4242
90.5000 38.6753
91.0000 38.9234
91.5000 39.1683
92.0000 39.4101
92.5000 39.6487
93.0000 39.8842
93.5000 40.1164
94.0000 40.3454
94.5000 40.5712
95.0000 40.7937
95.5000 41.0130
96.0000 41.2290
96.5000 41.4417
97.0000 41.6512
97.5000 41.8574
98.0000 42.0602
98.5000 42.2598
99.0000 42.4561
99.5000 42.6490
100.0000 42.8386
100.5000 43.0250
101.0000 43.2079
101.5000 43.3876
102.0000 43.5639
102.5000 43.7370
103.0000 43.9066
103.5000 44.0730
104.0000 44.2361
104.5000 44.3959
105.0000 44.5525
105.5000 44.7058
106.0000 44.8559
106.5000 45.0028
107.0000 45.1466
107.5000 45.2872
108.0000 45.4247
108.5000 45.5592
109.0000 45.6907
109.5000 45.8192
110.0000 45.9448
110.5000 46.0675
111.0000 46.1874
111.5000 46.3044
112.0000 46.4186
112.5000 46.5301
113.0000 46.6388
113.5000 46.7449
114.0000 46.8482
114.5000 46.9490
115.0000 47.0471
115.5000 47.1426
116.0000 47.2355
116.5000 47.3259
117.0000 47.4138
117.5000 47.4992
118.0000 47.5822
118.5000 47.6627
119.0000 47.7408
119.5000 47.8164
120.0000 47.8897
120.5000 47.9606
121.0000 48.0291
121.5000 48.0954
122.0000 48.1593
122.5000 48.2209
123.0000 48.2802
123.5000 48.3374
124.0000 48.3923
124.5000 48.4451
125.0000 48.4957
125.5000 48.5442
126.0000 48.5907
126.5000 48.6352
127.0000 48.6778
127.5000 48.7184
128.0000 48.7571
128.5000 48.7940
129.0000 48.8291
129.5000 48.8624
130.0000 48.8940
130.5000 48.9239
131.0000 48.9522
131.5000 48.9788
132.0000 49.0040
132.5000 49.0276
133.0000 49.0498
133.5000 49.0706
134.0000 49.0900
134.5000 49.1080
135.0000 49.1247
135.5000 49.1402
136.0000 49.1544
136.5000 49.1674
137.0000 49.1792
137.5000 49.1899
138.0000 49.1995
138.5000 49.2080
139.0000 49.2155
139.5000 49.2219
140.0000 49.2275
140.5000 49.2321
141.0000 49.2358
141.5000 49.2386
142.0000 49.2406
142.5000 49.2418
143.0000 49.2422
143.5000 49.2422
144.0000 49.2422
144.5000 49.2422
145.0000 49.2422
145.5000 49.2422
146.0000 49.2422
146.5000 49.2422
147.0000 49.2422
147.5000 49.2422
148.0000 49.2422
148.5000 49.2422
149.0000 49.2422
149.5000 49.2422
150.0000 49.2422
150.5000 49.2422
151.0000 49.2422
151.5000 49.2422
152.0000 49.2422
152.5000 49.2422
153.0000 49.2422
153.5000 49.2422
154.0000 49.2422
154.5000 49.2422
155.0000 49.2422
155.5000 49.2422
156.0000 49.2422
156.5000 49.2422
157.0000 49.2422
157.5000 49.2422
158.0000 49.2422
158.5000 49.2422
159.0000 49.2422
159.5000 49.2422
160.0000 49.2422
160.5000 49.2422
161.0000 49.2422
161.5000 49.2422
162.0000 49.2422
162.5000 49.2422
163.0000 49.2422
163.5000 49.2422
164.0000 49.2422
164.5000 49.2422
165.0000 49.2422
165.5000 49.2422
166.0000 49.2422
166.5000 49.2422
167.0000 49.2422
167.5000 49.2422
168.0000 49.2422
168.5000 49.2422
169.0000 49.2422
169.5000 49.2422
170.0000 49.2422
170.5000 49.2422
171.0000 49.2422
171.5000 49.2422
172.0000 49.2422
172.5000 49.2422
173.0000 49.2422
173.5000 49.2422
174.0000 49.2422
174.5000 49.2422
175.0000 49.2422
175.5000 49.2422
176.0000 49.2422
176.5000 49.2422
177.0000 49.2422
177.5000 49.2422
178.0000 49.2422
178.5000 49.2422
179.0000 49.2422
179.5000 49.2422
180.0000 49.2422
180.5000 49.2422
181.0000 49.2422
181.5000 49.2422
182.0000 49.2422
182.5000 49.2422
183.0000 49.2422
183.5000 49.2422
184.0000 49.2422
184.5000 49.2422
185.0000 49.2422
185.5000 49.2422
186.0000 49.2422
186.5000 49.2422
187.0000 49.2422
187.5000 49.2422
188.0000 49.2422
188.5000 49.2422
189.0000 49.2422
189.5000 49.2422
190.0000 49.2422
190.5000 49.2422
191.0000 49.2422
191.5000 49.2422
192.0000 49.2422
192.5000 49.2422
193.0000 49.2422
193.5000 49.2422
194.0000 49.2422
194.5000 49.2422
195.0000 49.2422
195.5000 49.2422
196.0000 49.2422
196.5000 49.2422
197.0000 49.2422
197.5000 49.2422
198.0000 49.2422
198.5000 49.2422
199.0000 49.2422
199.5000 49.2422
200.0000 49.2422
200.5000 49.2422
201.0000 49.2422
201.5000 49.2422
202.0000 49.2422
202.5000 49.2422
203.0000 49.2422
203.5000 49.2422
204.0000 49.2422
204.5000 49.2422
205.0000 49.2422
205.5000 49.2422
206.0000 49.2422
206.5000 49.2422
207.0000 49.2422
207.5000 49.2422
208.0000 49.2422
208.5000 49.2422
209.0000 49.2422
209.5000 49.2422
210.0000 49.2422
210.5000 49.2422
211.0000 49.2422
211.5000 49.2422
212.0000 49.2422
212.5000 49.2422
213.0000 49.2419
213.5000 49.2409
214.0000 49.2391
214.5000 49.2365
215.0000 49.2331
215.5000 49.2287
216.0000 49.2235
216.5000 49.2174
217.0000 49.2102
217.5000 49.2021
218.0000 49.1929
218.5000 49.1827
219.0000 49.1713
219.5000 49.1588
220.0000 49.1452
220.5000 49.1304
221.0000 49.1143
221.5000 49.0970
222.0000 49.0785
222.5000 49.0586
223.0000 49.0373
223.5000 49.0148
224.0000 48.9908
224.5000 48.9654
225.0000 48.9385
225.5000 48.9102
226.0000 48.8804
226.5000 48.8490
227.0000 48.8160
227.5000 48.7815
228.0000 48.7453
228.5000 48.7075
229.0000 48.6680
229.5000 48.6268
230.0000 48.5838
230.5000 48.5391
231.0000 48.4926
231.5000 48.4442
232.0000 48.3939
232.5000 48.3417
233.0000 48.2876
233.5000 48.2315
234.0000 48.1734
234.5000 48.1133
235.0000 48.0511
235.5000 47.9868
236.0000 47.9203
236.5000 47.8517
237.0000 47.7810
237.5000 47.7080
238.0000 47.6328
238.5000 47.5554
239.0000 47.4756
239.5000 47.3936
240.0000 47.3093
240.5000 47.2226
241.0000 47.1335
241.5000 47.0421
242.0000 46.9483
242.5000 46.8520
243.0000 46.7534
243.5000 46.6523
244.0000 46.5487
244.5000 46.4427
245.0000 46.3343
245.5000 46.2233
246.0000 46.1098
246.5000 45.9938
247.0000 45.8753
247.5000 45.7543
248.0000 45.6306
248.5000 45.5045
249.0000 45.3757
249.5000 45.2443
250.0000 45.1103
250.5000 44.9736
251.0000 44.8343
251.5000 44.6924
252.0000 44.5477
252.5000 44.4004
253.0000 44.2504
253.5000 44.0977
254.0000 43.9423
254.5000 43.7842
255.0000 43.6234
255.5000 43.4600
256.0000 43.2938
256.5000 43.1249
257.0000 42.9534
257.5000 42.7791
258.0000 42.6021
258.5000 42.4225
259.0000 42.2401
259.5000 42.0550
260.0000 41.8672
260.5000 41.6768
261.0000 41.4836
261.5000 41.2877
262.0000 41.0892
262.5000 40.8880
263.0000 40.6842
263.5000 40.4777
264.0000 40.2685
264.5000 40.0568
265.0000 39.8424
265.5000 39.6254
266.0000 39.4059
266.5000 39.1838
267.0000 38.9592
267.5000 38.7321
268.0000 38.5025
268.5000 38.2703
269.0000 38.0357
269.5000 37.7987
270.0000 37.5591
270.5000 37.3172
271.0000 37.0728
271.5000 36.8260
272.0000 36.5769
272.5000 36.3254
273.0000 36.0715
273.5000 35.8154
274.0000 35.5570
274.5000 35.2963
275.0000 35.0335
275.5000 34.7684
276.0000 34.5013
276.5000 34.2320
277.0000 33.9607
277.5000 33.6874
278.0000 33.4121
278.5000 33.1349
279.0000 32.8558
279.5000 32.5748
280.0000 32.2921
280.5000 32.0077
281.0000 31.7215
281.5000 31.4338
282.0000 31.1444
282.5000 30.8535
283.0000 30.5610
283.5000 30.2672
284.0000 29.9719
284.5000 29.6752
285.0000 29.3773
285.5000 29.0780
286.0000 28.7775
286.5000 28.4758
287.0000 28.1729
287.5000 27.8689
288.0000 27.5638
288.5000 27.2577
289.0000 26.9507
289.5000 26.6427
290.0000 26.3339
290.5000 26.0243
291.0000 25.7139
291.5000 25.4029
292.0000 25.0912
292.5000 24.7791
293.0000 24.4664
293.5000 24.1534
294.0000 23.8400
294.5000 23.5263
295.0000 23.2125
295.5000 22.8986
296.0000 22.5847
296.5000 22.2708
297.0000 21.9571
297.5000 21.6436
298.0000 21.3304
298.5000 21.0176
299.0000 20.7053
299.5000 20.3936
300.0000 20.0826
300.5000 19.7722
301.0000 19.4627
301.5000 19.1540
302.0000 18.8464
302.5000 18.5397
303.0000 18.2342
303.5000 17.9298
304.0000 17.6267
304.5000 17.3250
305.0000 17.0246
305.5000 16.7256
306.0000 16.4282
306.5000 16.1323
307.0000 15.8381
307.5000 15.5456
308.0000 15.2549
308.5000 14.9660
309.0000 14.6789
309.5000 14.3939
310.0000 14.1108
310.5000 13.8297
311.0000 13.5508
311.5000 13.2741
312.0000 12.9995
312.5000 12.7273
313.0000 12.4574
313.5000 12.1898
314.0000 11.9247
314.5000 11.6621
315.0000 11.4020
315.5000 11.1445
316.0000 10.8896
316.5000 10.6374
317.0000 10.3878
317.5000 10.1411
318.0000 9.8971
318.5000 9.6559
319.0000 9.4177
319.5000 9.1823
320.0000 8.9498
320.5000 8.7203
321.0000 8.4938
321.5000 8.2703
322.0000 8.0498
322.5000 7.8324
323.0000 7.6180
323.5000 7.4067
324.0000 7.1985
324.5000 6.9935
325.0000 6.7915
325.5000 6.5926
326.0000 6.3969
326.5000 6.2043
327.0000 6.0148
327.5000 5.8284
328.0000 5.6452
328.5000 5.4651
329.0000 5.2881
329.5000 5.1142
330.0000 4.9434
330.5000 4.7757
331.0000 4.6111
331.5000 4.4496
332.0000 4.2911
332.5000 4.1357
333.0000 3.9833
333.5000 3.8340
334.0000 3.6877
334.5000 3.5444
335.0000 3.4041
335.5000 3.2668
336.0000 3.1325
336.5000 3.0011
337.0000 2.8727
337.5000 2.7472
338.0000 2.6247
338.5000 2.5051
339.0000 2.3883
339.5000 2.2745
340.0000 2.1635
340.5000 2.0555
341.0000 1.9502
341.5000 1.8479
342.0000 1.7483
342.5000 1.6516
343.0000 1.5577
343.5000 1.4667
344.0000 1.3784
344.5000 1.2929
345.0000 1.2103
345.5000 1.1304
346.0000 1.0532
346.5000 0.9789
347.0000 0.9073
347.5000 0.8385
348.0000 0.7724
348.5000 0.7090
349.0000 0.6484
349.5000 0.5906
350.0000 0.5354
350.5000 0.4830
351.0000 0.4333
351.5000 0.3864
352.0000 0.3421
352.5000 0.3006
353.0000 0.2617
353.5000 0.2256
354.0000 0.1921
354.5000 0.1614
355.0000 0.1333
355.5000 0.1080
356.0000 0.0853
356.5000 0.0653
357.0000 0.0479
357.5000 0.0333
358.0000 0.0213
358.5000 0.0120
359.0000 0.0053
359.5000 0.0013
