0.0000 0.0000
0.5000 0.0000
1.0000 0.0000
1.5000 0.0000
2.0000 0.0000
2.5000 0.0000
3.0000 0.0000
3.5000 0.0000
4.0000 0.0000
4.5000 0.0000
5.0000 0.0000
5.5000 0.0000
6.0000 0.0000
6.5000 0.0000
7.0000 0.0000
7.5000 0.0000
8.0000 0.0000
8.5000 0.0000
9.0000 0.0000
9.5000 0.0000
10.0000 0.0000
10.5000 0.0000
11.0000 0.0000
11.5000 0.0000
12.0000 0.0000
12.5000 0.0000
13.0000 0.0000
13.5000 0.0000
14.0000 0.0000
14.5000 0.0000
15.0000 0.0000
15.5000 0.0000
16.0000 0.0000
16.5000 0.0000
17.0000 0.0000
17.5000 0.0000
18.0000 0.0000
18.5000 0.0000
19.0000 0.0000
19.5000 0.0000
20.0000 0.0000
20.5000 0.0000
21.0000 0.0000
21.5000 0.0000
22.0000 0.0000
22.5000 0.0000
23.0000 0.0000
23.5000 0.0000
24.0000 0.0000
24.5000 0.0000
25.0000 0.0000
25.5000 0.0000
26.0000 0.0000
26.5000 0.0000
27.0000 0.0000
27.5000 0.0000
28.0000 0.0000
28.5000 0.0000
29.0000 0.0000
29.5000 0.0000
30.0000 0.0000
30.5000 0.0000
31.0000 0.0000
31.5000 0.0000
32.0000 0.0000
32.5000 0.0000
33.0000 0.0000
33.5000 0.0000
34.0000 0.0000
34.5000 0.0000
35.0000 0.0000
35.5000 0.0000
36.0000 0.0000
36.5000 0.0000
37.0000 0.0000
37.5000 0.0000
38.0000 0.0000
38.5000 0.0000
39.0000 0.0000
39.5000 0.0000
40.0000 0.0000
40.5000 0.0000
41.0000 0.0000
41.5000 0.0000
42.0000 0.0000
42.5000 0.0000
43.0000 0.0000
43.5000 0.0000
44.0000 0.0000
44.5000 0.0000
45.0000 0.0000
45.5000 0.0000
46.0000 0.0000
46.5000 0.0000
47.0000 0.0000
47.5000 0.0000
48.0000 0.0000
48.5000 0.0000
49.0000 0.0000
49.5000 0.0000
50.0000 0.0000
50.5000 0.0000
51.0000 0.0000
51.5000 0.0000
52.0000 0.0000
52.5000 0.0000
53.0000 0.0000
53.5000 0.0000
54.0000 0.0000
54.5000 0.0000
55.0000 0.0000
55.5000 0.0000
56.0000 0.0000
56.5000 0.0000
57.0000 0.0000
57.5000 0.0000
58.0000 0.0000
58.5000 0.0000
59.0000 0.0000
59.5000 0.0000
60.0000 0.0000
60.5000 0.0000
61.0000 0.0000
61.5000 0.0000
62.0000 0.0000
62.5000 0.0000
63.0000 0.0000
63.5000 0.0000
64.0000 0.0000
64.5000 0.0000
65.0000 0.0000
65.5000 0.0000
66.0000 0.0000
66.5000 0.0000
67.0000 0.0000
67.5000 0.0000
68.0000 0.0000
68.5000 0.0000
69.0000 0.0000
69.5000 0.0000
70.0000 0.0000
70.5000 0.0000
71.0000 0.0000
71.5000 0.0000
72.0000 0.0000
72.5000 0.0000
73.0000 0.0000
73.5000 0.0000
74.0000 0.0000
74.5000 0.0000
75.0000 0.0000
75.5000 0.0000
76.0000 0.0000
76.5000 0.0000
77.0000 0.0000
77.5000 0.0000
78.0000 0.0000
78.5000 0.0000
79.0000 0.0000
79.5000 0.0000
80.0000 0.0000
80.5000 0.0000
81.0000 0.0000
81.5000 0.0000
82.0000 0.0000
82.5000 0.0000
83.0000 0.0000
83.5000 0.0000
84.0000 0.0000
84.5000 0.0000
85.0000 0.0000
85.5000 0.0000
86.0000 0.0000
86.5000 0.0000
87.0000 0.0000
87.5000 0.0000
88.0000 0.0000
88.5000 0.0000
89.0000 0.0000
89.5000 0.0000
90.0000 0.0000
90.5000 0.0000
91.0000 0.0000
91.5000 0.0000
92.0000 0.0000
92.5000 0.0000
93.0000 0.0000
93.5000 0.0000
94.0000 0.0000
94.5000 0.0001
95.0000 0.0002
95.5000 0.0004
96.0000 0.0007
96.5000 0.0011
97.0000 0.0017
97.5000 0.0025
98.0000 0.0035
98.5000 0.0047
99.0000 0.0063
99.5000 0.0082
100.0000 0.0104
100.5000 0.0131
101.0000 0.0162
101.5000 0.0199
102.0000 0.0241
102.5000 0.0288
103.0000 0.0343
103.5000 0.0404
104.0000 0.0472
104.5000 0.0547
105.0000 0.0632
105.5000 0.0724
106.0000 0.0826
106.5000 0.0937
107.0000 0.1058
107.5000 0.1189
108.0000 0.1331
108.5000 0.1484
109.0000 0.1649
109.5000 0.1826
110.0000 0.2015
110.5000 0.2218
111.0000 0.2433
111.5000 0.2662
112.0000 0.2905
112.5000 0.3162
113.0000 0.3435
113.5000 0.3722
114.0000 0.4024
114.5000 0.4343
115.0000 0.4677
115.5000 0.5029
116.0000 0.5396
116.5000 0.5781
117.0000 0.6184
117.5000 0.6604
118.0000 0.7042
118.5000 0.7499
119.0000 0.7974
119.5000 0.8468
120.0000 0.8981
120.5000 0.9513
121.0000 1.0065
121.5000 1.0637
122.0000 1.1229
122.5000 1.1841
123.0000 1.2474
123.5000 1.3128
124.0000 1.3802
124.5000 1.4498
125.0000 1.5215
125.5000 1.5953
126.0000 1.6713
126.5000 1.7495
127.0000 1.8299
127.5000 1.9125
128.0000 1.9973
128.5000 2.0844
129.0000 2.1737
129.5000 2.2652
130.0000 2.3590
130.5000 2.4551
131.0000 2.5535
131.5000 2.6542
132.0000 2.7572
132.5000 2.8625
133.0000 2.9701
133.5000 3.0800
134.0000 3.1922
134.5000 3.3067
135.0000 3.4236
135.5000 3.5428
136.0000 3.6642
136.5000 3.7880
137.0000 3.9142
137.5000 4.0426
138.0000 4.1733
138.5000 4.3063
139.0000 4.4416
139.5000 4.5791
140.0000 4.7189
140.5000 4.8610
141.0000 5.0053
141.5000 5.1518
142.0000 5.3006
142.5000 5.4515
143.0000 5.6046
143.5000 5.7599
144.0000 5.9173
144.5000 6.0769
145.0000 6.2385
145.5000 6.4020
146.0000 6.5716
146.5000 6.7357
147.0000 6.9055
147.5000 7.0772
148.0000 7.2509
148.5000 7.4264
149.0000 7.6039
149.5000 7.7832
150.0000 7.9643
150.5000 8.1471
151.0000 8.3299
151.5000 8.5180
152.0000 8.7060
152.5000 8.8955
153.0000 9.0867
153.5000 9.2793
154.0000 9.4735
154.5000 9.6691
155.0000 9.8661
155.5000 10.0645
156.0000 10.2641
156.5000 10.4651
157.0000 10.6672
157.5000 10.8705
158.0000 11.0749
158.5000 11.2804
159.0000 11.4869
159.5000 11.6943
160.0000 11.9026
160.5000 12.1118
161.0000 12.3218
161.5000 12.5325
162.0000 12.7439
162.5000 12.9560
163.0000 13.1686
163.5000 13.3818
164.0000 13.5954
164.5000 13.8094
165.0000 14.0238
165.5000 14.2385
166.0000 14.4534
166.5000 14.6685
167.0000 14.8837
167.5000 15.0990
168.0000 15.3144
168.5000 15.5297
169.0000 15.7449
169.5000 15.9599
170.0000 16.1748
170.5000 16.3894
171.0000 16.6037
171.5000 16.8176
172.0000 17.0312
172.5000 17.2443
173.0000 17.4568
173.5000 17.6688
174.0000 17.8801
174.5000 18.0908
175.0000 18.3008
175.5000 18.5100
176.0000 18.7184
176.5000 18.9260
177.0000 19.1326
177.5000 19.3383
178.0000 19.5429
178.5000 19.7465
179.0000 19.9491
179.5000 20.1505
180.0000 20.3507
180.5000 20.5498
181.0000 20.7475
181.5000 20.9440
182.0000 21.1391
182.5000 21.3329
183.0000 21.5252
183.5000 21.7161
184.0000 21.9055
184.5000 22.0934
185.0000 22.2798
185.5000 22.4645
186.0000 22.6477
186.5000 22.8291
187.0000 23.0089
187.5000 23.1870
188.0000 23.3633
188.5000 23.5379
189.0000 23.7106
189.5000 23.8816
190.0000 24.0506
190.5000 24.2178
191.0000 24.3830
191.5000 24.5464
192.0000 24.7077
192.5000 24.8671
193.0000 25.0245
193.5000 25.1798
194.0000 25.3331
194.5000 25.4843
195.0000 25.6334
195.5000 25.7803
196.0000 25.9252
196.5000 26.0679
197.0000 26.2084
197.5000 26.3467
198.0000 26.4828
198.5000 26.6166
199.0000 26.7482
199.5000 26.8815
200.0000 27.0047
200.5000 27.1295
201.0000 27.2519
201.5000 27.3721
202.0000 27.4899
202.5000 27.6053
203.0000 27.7184
203.5000 27.8291
204.0000 27.9375
204.5000 28.0434
205.0000 28.1469
205.5000 28.2480
206.0000 28.3466
206.5000 28.4428
207.0000 28.5365
207.5000 28.6278
208.0000 28.7162
208.5000 28.8029
209.0000 28.8867
209.5000 28.9680
210.0000 29.0468
210.5000 29.1231
211.0000 29.1968
211.5000 29.2680
212.0000 29.3367
212.5000 29.4028
213.0000 29.4663
213.5000 29.5273
214.0000 29.5857
214.5000 29.6416
215.0000 29.6949
215.5000 29.7455
216.0000 29.7936
216.5000 29.8391
217.0000 29.8820
217.5000 29.9223
218.0000 29.9599
218.5000 29.9950
219.0000 30.0274
219.5000 30.0572
220.0000 30.0844
220.5000 30.1090
221.0000 30.1309
221.5000 30.1502
222.0000 30.1669
222.5000 30.1809
223.0000 30.1923
223.5000 30.2010
224.0000 30.2071
224.5000 30.2106
225.0000 30.2114
225.5000 30.2096
226.0000 30.2051
226.5000 30.1980
227.0000 30.1882
227.5000 30.1758
228.0000 30.1607
228.5000 30.1430
229.0000 30.1226
229.5000 30.0996
230.0000 30.0740
230.5000 30.0457
231.0000 30.0148
231.5000 29.9813
232.0000 29.9451
232.5000 29.9063
233.0000 29.8649
233.5000 29.8208
234.0000 29.7742
234.5000 29.7249
235.0000 29.6731
235.5000 29.6186
236.0000 29.5615
236.5000 29.5019
237.0000 29.4396
237.5000 29.3748
238.0000 29.3074
238.5000 29.2375
239.0000 29.1650
239.5000 29.0899
240.0000 29.0123
240.5000 28.9322
241.0000 28.8496
241.5000 28.7645
242.0000 28.6768
242.5000 28.5867
243.0000 28.4941
243.5000 28.3991
244.0000 28.3016
244.5000 28.2016
245.0000 28.0993
245.5000 27.9945
246.0000 27.8874
246.5000 27.7778
247.0000 27.6659
247.5000 27.5517
248.0000 27.4351
248.5000 27.3162
249.0000 27.1950
249.5000 27.0716
250.0000 26.9459
250.5000 26.8179
251.0000 26.6878
251.5000 26.5554
252.0000 26.4209
252.5000 26.2842
253.0000 26.1454
253.5000 26.0045
254.0000 25.8616
254.5000 25.7165
255.0000 25.5694
255.5000 25.4204
256.0000 25.2693
256.5000 25.1163
257.0000 24.9614
257.5000 24.8046
258.0000 24.6460
258.5000 24.4855
259.0000 24.3232
259.5000 24.1591
260.0000 23.9933
260.5000 23.8258
261.0000 23.6566
261.5000 23.4858
262.0000 23.3134
262.5000 23.1394
263.0000 22.9639
263.5000 22.7868
264.0000 22.6083
264.5000 22.4283
265.0000 22.2471
265.5000 22.0645
266.0000 21.8805
266.5000 21.6953
267.0000 21.5088
267.5000 21.3211
268.0000 21.1323
268.5000 20.9424
269.0000 20.7514
269.5000 20.5594
270.0000 20.3663
270.5000 20.1724
271.0000 19.9775
271.5000 19.7818
272.0000 19.5852
272.5000 19.3879
273.0000 19.1898
273.5000 18.9911
274.0000 18.7917
274.5000 18.5918
275.0000 18.3912
275.5000 18.1902
276.0000 17.9887
276.5000 17.7868
277.0000 17.5845
277.5000 17.3819
278.0000 17.1790
278.5000 16.9758
279.0000 16.7725
279.5000 16.5690
280.0000 16.3654
280.5000 16.1617
281.0000 15.9581
281.5000 15.7544
282.0000 15.5508
282.5000 15.3473
283.0000 15.1440
283.5000 14.9409
284.0000 14.7380
284.5000 14.5354
285.0000 14.3332
285.5000 14.1313
286.0000 13.9298
286.5000 13.7288
287.0000 13.5282
287.5000 13.3282
288.0000 13.1288
288.5000 12.9300
289.0000 12.7318
289.5000 12.5344
290.0000 12.3377
290.5000 12.1417
291.0000 11.9466
291.5000 11.7523
292.0000 11.5588
292.5000 11.3663
293.0000 11.1748
293.5000 10.9842
294.0000 10.7947
294.5000 10.6062
295.0000 10.4188
295.5000 10.2325
296.0000 10.0474
296.5000 9.8635
297.0000 9.6807
297.5000 9.4993
298.0000 9.3191
298.5000 9.1402
299.0000 8.9626
299.5000 8.7864
300.0000 8.6116
300.5000 8.4382
301.0000 8.2663
301.5000 8.0958
302.0000 7.9268
302.5000 7.7593
303.0000 7.5934
303.5000 7.4291
304.0000 7.2663
304.5000 7.1051
305.0000 6.9455
305.5000 6.7876
306.0000 6.6314
306.5000 6.4768
307.0000 6.3240
307.5000 6.1729
308.0000 6.0235
308.5000 5.8759
309.0000 5.7300
309.5000 5.5859
310.0000 5.4437
310.5000 5.3032
311.0000 5.1646
311.5000 5.0278
312.0000 4.8929
312.5000 4.7598
313.0000 4.6286
313.5000 4.4994
314.0000 4.3720
314.5000 4.2465
315.0000 4.1229
315.5000 4.0012
316.0000 3.8815
316.5000 3.7638
317.0000 3.6479
317.5000 3.5340
318.0000 3.4221
318.5000 3.3121
319.0000 3.2041
319.5000 3.0981
320.0000 2.9940
320.5000 2.8919
321.0000 2.7917
321.5000 2.6935
322.0000 2.5974
322.5000 2.5031
323.0000 2.4109
323.5000 2.3206
324.0000 2.2323
324.5000 2.1459
325.0000 2.0615
325.5000 1.9791
326.0000 1.8986
326.5000 1.8200
327.0000 1.7434
327.5000 1.6688
328.0000 1.5960
328.5000 1.5252
329.0000 1.4562
329.5000 1.3892
330.0000 1.3241
330.5000 1.2608
331.0000 1.1994
331.5000 1.1398
332.0000 1.0821
332.5000 1.0262
333.0000 0.9721
333.5000 0.9198
334.0000 0.8693
334.5000 0.8205
335.0000 0.7735
335.5000 0.7282
336.0000 0.6846
336.5000 0.6427
337.0000 0.6024
337.5000 0.5638
338.0000 0.5268
338.5000 0.4914
339.0000 0.4575
339.5000 0.4252
340.0000 0.3944
340.5000 0.3651
341.0000 0.3372
341.5000 0.3108
342.0000 0.2858
342.5000 0.2621
343.0000 0.2398
343.5000 0.2187
344.0000 0.1989
344.5000 0.1804
345.0000 0.1630
345.5000 0.1469
346.0000 0.1318
346.5000 0.1178
347.0000 0.1049
347.5000 0.0929
348.0000 0.0820
348.5000 0.0719
349.0000 0.0628
349.5000 0.0545
350.0000 0.0469
350.5000 0.0402
351.0000 0.0341
351.5000 0.0287
352.0000 0.0240
352.5000 0.0198
353.0000 0.0162
353.5000 0.0131
354.0000 0.0104
354.5000 0.0081
355.0000 0.0045
355.5000 0.0047
356.0000 0.0035
356.5000 0.0025
357.0000 0.0017
357.5000 0.0011
358.0000 0.0007
358.5000 0.0004
359.0000 0.0002
359.5000 0.0001
