0.0000 0.0000
0.2500 0.0000
0.5000 0.0000
0.7500 0.0000
1.0000 0.0000
1.2500 0.0000
1.5000 0.0000
1.7500 0.0000
2.0000 0.0000
2.2500 0.0000
2.5000 0.0000
2.7500 0.0000
3.0000 0.0000
3.2500 0.0000
3.5000 0.0000
3.7500 0.0000
4.0000 0.0000
4.2500 0.0000
4.5000 0.0000
4.7500 0.0000
5.0000 0.0000
5.2500 0.0000
5.5000 0.0000
5.7500 0.0000
6.0000 0.0000
6.2500 0.0000
6.5000 0.0000
6.7500 0.0000
7.0000 0.0000
7.2500 0.0000
7.5000 0.0000
7.7500 0.0000
8.0000 0.0000
8.2500 0.0000
8.5000 0.0000
8.7500 0.0000
9.0000 0.0000
9.2500 0.0000
9.5000 0.0000
9.7500 0.0000
10.0000 0.0000
10.2500 0.0000
10.5000 0.0000
10.7500 0.0000
11.0000 0.0000
11.2500 0.0000
11.5000 0.0000
11.7500 0.0000
12.0000 0.0000
12.2500 0.0000
12.5000 0.0000
12.7500 0.0000
13.0000 0.0000
13.2500 0.0000
13.5000 0.0000
13.7500 0.0000
14.0000 0.0000
14.2500 0.0000
14.5000 0.0000
14.7500 0.0000
15.0000 0.0000
15.2500 0.0000
15.5000 0.0000
15.7500 0.0000
16.0000 0.0000
16.2500 0.0000
16.5000 0.0000
16.7500 0.0000
17.0000 0.0000
17.2500 0.0000
17.5000 0.0000
17.7500 0.0000
18.0000 0.0000
18.2500 0.0000
18.5000 0.0000
18.7500 0.0000
19.0000 0.0000
19.2500 0.0000
19.5000 0.0000
19.7500 0.0000
20.0000 0.0000
20.2500 0.0000
20.5000 0.0000
20.7500 0.0000
21.0000 0.0000
21.2500 0.0000
21.5000 0.0000
21.7500 0.0000
22.0000 0.0000
22.2500 0.0000
22.5000 0.0000
22.7500 0.0000
23.0000 0.0000
23.2500 0.0000
23.5000 0.0000
23.7500 0.0000
24.0000 0.0000
24.2500 0.0000
24.5000 0.0000
24.7500 0.0000
25.0000 0.0000
25.2500 0.0000
25.5000 0.0000
25.7500 0.0000
26.0000 0.0000
26.2500 0.0000
26.5000 0.0000
26.7500 0.0000
27.0000 0.0000
27.2500 0.0000
27.5000 0.0000
27.7500 0.0000
28.0000 0.0000
28.2500 0.0000
28.5000 0.0000
28.7500 0.0000
29.0000 0.0000
29.2500 0.0000
29.5000 0.0000
29.7500 0.0000
30.0000 0.0000
30.2500 0.0000
30.5000 0.0000
30.7500 0.0000
31.0000 0.0000
31.2500 0.0000
31.5000 0.0000
31.7500 0.0000
32.0000 0.0000
32.2500 0.0000
32.5000 0.0000
32.7500 0.0000
33.0000 0.0000
33.2500 0.0000
33.5000 0.0000
33.7500 0.0000
34.0000 0.0000
34.2500 0.0000
34.5000 0.0000
34.7500 0.0000
35.0000 0.0000
35.2500 0.0000
35.5000 0.0000
35.7500 0.0000
36.0000 0.0000
36.2500 0.0000
36.5000 0.0000
36.7500 0.0000
37.0000 0.0000
37.2500 0.0000
37.5000 0.0000
37.7500 0.0000
38.0000 0.0000
38.2500 0.0000
38.5000 0.0000
38.7500 0.0000
39.0000 0.0000
39.2500 0.0000
39.5000 0.0000
39.7500 0.0000
40.0000 0.0000
40.2500 0.0000
40.5000 0.0000
40.7500 0.0000
41.0000 0.0000
41.2500 0.0000
41.5000 0.0000
41.7500 0.0000
42.0000 0.0000
42.2500 0.0000
42.5000 0.0000
42.7500 0.0000
43.0000 0.0000
43.2500 0.0000
43.5000 0.0000
43.7500 0.0000
44.0000 0.0000
44.2500 0.0000
44.5000 0.0000
44.7500 0.0000
45.0000 0.0000
45.2500 0.0000
45.5000 0.0000
45.7500 0.0000
46.0000 0.0000
46.2500 0.0000
46.5000 0.0000
46.7500 0.0000
47.0000 0.0000
47.2500 0.0000
47.5000 0.0000
47.7500 0.0000
48.0000 0.0000
48.2500 0.0000
48.5000 0.0000
48.7500 0.0000
49.0000 0.0000
49.2500 0.0000
49.5000 0.0000
49.7500 0.0000
50.0000 0.0000
50.2500 0.0000
50.5000 0.0000
50.7500 0.0000
51.0000 0.0000
51.2500 0.0000
51.5000 0.0000
51.7500 0.0000
52.0000 0.0000
52.2500 0.0000
52.5000 0.0000
52.7500 0.0000
53.0000 0.0000
53.2500 0.0000
53.5000 0.0000
53.7500 0.0000
54.0000 0.0000
54.2500 0.0000
54.5000 0.0000
54.7500 0.0000
55.0000 0.0000
55.2500 0.0000
55.5000 0.0000
55.7500 0.0000
56.0000 0.0000
56.2500 0.0000
56.5000 0.0000
56.7500 0.0000
57.0000 0.0000
57.2500 0.0000
57.5000 0.0000
57.7500 0.0000
58.0000 0.0000
58.2500 0.0000
58.5000 0.0000
58.7500 0.0000
59.0000 0.0000
59.2500 0.0000
59.5000 0.0000
59.7500 0.0000
60.0000 0.0000
60.2500 0.0000
60.5000 0.0000
60.7500 0.0000
61.0000 0.0000
61.2500 0.0000
61.5000 0.0000
61.7500 0.0000
62.0000 0.0000
62.2500 0.0000
62.5000 0.0000
62.7500 0.0000
63.0000 0.0000
63.2500 0.0000
63.5000 0.0000
63.7500 0.0000
64.0000 0.0000
64.2500 0.0000
64.5000 0.0000
64.7500 0.0000
65.0000 0.0000
65.2500 0.0000
65.5000 0.0000
65.7500 0.0000
66.0000 0.0000
66.2500 0.0000
66.5000 0.0000
66.7500 0.0000
67.0000 0.0000
67.2500 0.0000
67.5000 0.0000
67.7500 0.0000
68.0000 0.0000
68.2500 0.0000
68.5000 0.0000
68.7500 0.0000
69.0000 0.0000
69.2500 0.0000
69.5000 0.0000
69.7500 0.0000
70.0000 0.0000
70.2500 0.0000
70.5000 0.0000
70.7500 0.0000
71.0000 0.0000
71.2500 0.0000
71.5000 0.0000
71.7500 0.0000
72.0000 0.0000
72.2500 0.0000
72.5000 0.0000
72.7500 0.0000
73.0000 0.0000
73.2500 0.0000
73.5000 0.0000
73.7500 0.0000
74.0000 0.0000
74.2500 0.0000
74.5000 0.0000
74.7500 0.0000
75.0000 0.0000
75.2500 0.0000
75.5000 0.0000
75.7500 0.0000
76.0000 0.0000
76.2500 0.0000
76.5000 0.0000
76.7500 0.0000
77.0000 0.0000
77.2500 0.0000
77.5000 0.0000
77.7500 0.0000
78.0000 0.0000
78.2500 0.0000
78.5000 0.0000
78.7500 0.0000
79.0000 0.0000
79.2500 0.0000
79.5000 0.0000
79.7500 0.0000
80.0000 0.0000
80.2500 0.0000
80.5000 0.0000
80.7500 0.0000
81.0000 0.0000
81.2500 0.0000
81.5000 0.0000
81.7500 0.0000
82.0000 0.0000
82.2500 0.0000
82.5000 0.0000
82.7500 0.0000
83.0000 0.0000
83.2500 0.0000
83.5000 0.0000
83.7500 0.0000
84.0000 0.0000
84.2500 0.0000
84.5000 0.0000
84.7500 0.0000
85.0000 0.0000
85.2500 0.0000
85.5000 0.0000
85.7500 0.0000
86.0000 0.0000
86.2500 0.0000
86.5000 0.0000
86.7500 0.0000
87.0000 0.0000
87.2500 0.0000
87.5000 0.0000
87.7500 0.0000
88.0000 0.0000
88.2500 0.0000
88.5000 0.0000
88.7500 0.0000
89.0000 0.0000
89.2500 0.0000
89.5000 0.0000
89.7500 0.0000
90.0000 0.0000
90.2500 0.0000
90.5000 0.0000
90.7500 0.0000
91.0000 0.0000
91.2500 0.0000
91.5000 0.0000
91.7500 0.0000
92.0000 0.0000
92.2500 0.0000
92.5000 0.0000
92.7500 0.0000
93.0000 0.0000
93.2500 0.0000
93.5000 0.0000
93.7500 0.0000
94.0000 0.0000
94.2500 0.0001
94.5000 0.0001
94.7500 0.0001
95.0000 0.0002
95.2500 0.0003
95.5000 0.0004
95.7500 0.0006
96.0000 0.0007
96.2500 0.0009
96.5000 0.0011
96.7500 0.0014
97.0000 0.0017
97.2500 0.0021
97.5000 0.0025
97.7500 0.0029
98.0000 0.0035
98.2500 0.0041
98.5000 0.0047
98.7500 0.0055
99.0000 0.0063
99.2500 0.0072
99.5000 0.0082
99.7500 0.0092
100.0000 0.0104
100.2500 0.0117
100.5000 0.0131
100.7500 0.0146
101.0000 0.0162
101.2500 0.0180
101.5000 0.0199
101.7500 0.0219
102.0000 0.0241
102.2500 0.0264
102.5000 0.0288
102.7500 0.0315
103.0000 0.0343
103.2500 0.0372
103.5000 0.0404
103.7500 0.0437
104.0000 0.0472
104.2500 0.0509
104.5000 0.0547
104.7500 0.0588
105.0000 0.0632
105.2500 0.0677
105.5000 0.0724
105.7500 0.0774
106.0000 0.0826
106.2500 0.0880
106.5000 0.0937
106.7500 0.0996
107.0000 0.1058
107.2500 0.1122
107.5000 0.1189
107.7500 0.1259
108.0000 0.1331
108.2500 0.1406
108.5000 0.1484
108.7500 0.1565
109.0000 0.1649
109.2500 0.1736
109.5000 0.1826
109.7500 0.1919
110.0000 0.2015
110.2500 0.2115
110.5000 0.2218
110.7500 0.2324
111.0000 0.2433
111.2500 0.2546
111.5000 0.2662
111.7500 0.2782
112.0000 0.2905
112.2500 0.3032
112.5000 0.3162
112.7500 0.3297
113.0000 0.3435
113.2500 0.3576
113.5000 0.3722
113.7500 0.3871
114.0000 0.4024
114.2500 0.4182
114.5000 0.4343
114.7500 0.4508
115.0000 0.4677
115.2500 0.4851
115.5000 0.5029
115.7500 0.5210
116.0000 0.5396
116.2500 0.5587
116.5000 0.5781
116.7500 0.5981
117.0000 0.6184
117.2500 0.6392
117.5000 0.6604
117.7500 0.6821
118.0000 0.7042
118.2500 0.7268
118.5000 0.7499
118.7500 0.7734
119.0000 0.7974
119.2500 0.8218
119.5000 0.8468
119.7500 0.8722
120.0000 0.8981
120.2500 0.9245
120.5000 0.9513
120.7500 0.9787
121.0000 1.0065
121.2500 1.0349
121.5000 1.0637
121.7500 1.0931
122.0000 1.1229
122.2500 1.1533
122.5000 1.1841
122.7500 1.2155
123.0000 1.2474
123.2500 1.2798
123.5000 1.3128
123.7500 1.3462
124.0000 1.3802
124.2500 1.4147
124.5000 1.4498
124.7500 1.4854
125.0000 1.5215
125.2500 1.5581
125.5000 1.5953
125.7500 1.6330
126.0000 1.6713
126.2500 1.7101
126.5000 1.7495
126.7500 1.7894
127.0000 1.8299
127.2500 1.8709
127.5000 1.9125
127.7500 1.9546
128.0000 1.9973
128.2500 2.0405
128.5000 2.0844
128.7500 2.1287
129.0000 2.1737
129.2500 2.2191
129.5000 2.2652
129.7500 2.3118
130.0000 2.3590
130.2500 2.4068
130.5000 2.4551
130.7500 2.5040
131.0000 2.5535
131.2500 2.6036
131.5000 2.6542
131.7500 2.7054
132.0000 2.7572
132.2500 2.8095
132.5000 2.8625
132.7500 2.9160
133.0000 2.9701
133.2500 3.0247
133.5000 3.0800
133.7500 3.1358
134.0000 3.1922
134.2500 3.2492
134.5000 3.3067
134.7500 3.3649
135.0000 3.4236
135.2500 3.4829
135.5000 3.5428
135.7500 3.6032
136.0000 3.6642
136.2500 3.7259
136.5000 3.7880
136.7500 3.8508
137.0000 3.9142
137.2500 3.9781
137.5000 4.0426
137.7500 4.1076
138.0000 4.1733
138.2500 4.2395
138.5000 4.3063
138.7500 4.3736
139.0000 4.4416
139.2500 4.5100
139.5000 4.5791
139.7500 4.6487
140.0000 4.7189
140.2500 4.7897
140.5000 4.8610
140.7500 4.9329
141.0000 5.0053
141.2500 5.0783
141.5000 5.1518
141.7500 5.2259
142.0000 5.3006
142.2500 5.3758
142.5000 5.4515
142.7500 5.5278
143.0000 5.6046
143.2500 5.6820
143.5000 5.7599
143.7500 5.8384
144.0000 5.9173
144.2500 5.9968
144.5000 6.0769
144.7500 6.1574
145.0000 6.2385
145.2500 6.3201
145.5000 6.4020
145.7500 6.4848
146.0000 6.5716
146.2500 6.6516
146.5000 6.7357
146.7500 6.8204
147.0000 6.9055
147.2500 6.9911
147.5000 7.0772
147.7500 7.1638
148.0000 7.2509
148.2500 7.3384
148.5000 7.4264
148.7500 7.5149
149.0000 7.6039
149.2500 7.6933
149.5000 7.7832
149.7500 7.8735
150.0000 7.9643
150.2500 8.0555
150.5000 8.1471
150.7500 8.2392
151.0000 8.3299
151.2500 8.4247
151.5000 8.5180
151.7500 8.6118
152.0000 8.7060
152.2500 8.8005
152.5000 8.8955
152.7500 8.9909
153.0000 9.0867
153.2500 9.1828
153.5000 9.2793
153.7500 9.3762
154.0000 9.4735
154.2500 9.5711
154.5000 9.6691
154.7500 9.7674
155.0000 9.8661
155.2500 9.9651
155.5000 10.0645
155.7500 10.1641
156.0000 10.2641
156.2500 10.3645
156.5000 10.4651
156.7500 10.5660
157.0000 10.6672
157.2500 10.7687
157.5000 10.8705
157.7500 10.9726
158.0000 11.0749
158.2500 11.1775
158.5000 11.2804
158.7500 11.3835
159.0000 11.4869
159.2500 11.5905
159.5000 11.6943
159.7500 11.7984
160.0000 11.9026
160.2500 12.0071
160.5000 12.1118
160.7500 12.2167
161.0000 12.3218
161.2500 12.4271
161.5000 12.5325
161.7500 12.6382
162.0000 12.7439
162.2500 12.8499
162.5000 12.9560
162.7500 13.0622
163.0000 13.1686
163.2500 13.2751
163.5000 13.3818
163.7500 13.4885
164.0000 13.5954
164.2500 13.7023
164.5000 13.8094
164.7500 13.9166
165.0000 14.0238
165.2500 14.1311
165.5000 14.2385
165.7500 14.3459
166.0000 14.4534
166.2500 14.5609
166.5000 14.6685
166.7500 14.7761
167.0000 14.8837
167.2500 14.9914
167.5000 15.0990
167.7500 15.2067
168.0000 15.3144
168.2500 15.4220
168.5000 15.5297
168.7500 15.6373
169.0000 15.7449
169.2500 15.8524
169.5000 15.9599
169.7500 16.0674
170.0000 16.1748
170.2500 16.2821
170.5000 16.3894
170.7500 16.4966
171.0000 16.6037
171.2500 16.7107
171.5000 16.8176
171.7500 16.9245
172.0000 17.0312
172.2500 17.1378
172.5000 17.2443
172.7500 17.3506
173.0000 17.4568
173.2500 17.5629
173.5000 17.6688
173.7500 17.7745
174.0000 17.8801
174.2500 17.9856
174.5000 18.0908
174.7500 18.1959
175.0000 18.3008
175.2500 18.4055
175.5000 18.5100
175.7500 18.6143
176.0000 18.7184
176.2500 18.8223
176.5000 18.9260
176.7500 19.0294
177.0000 19.1326
177.2500 19.2355
177.5000 19.3383
177.7500 19.4403
178.0000 19.5429
178.2500 19.6449
178.5000 19.7465
178.7500 19.8479
179.0000 19.9491
179.2500 20.0499
179.5000 20.1505
179.7500 20.2508
180.0000 20.3507
180.2500 20.4504
180.5000 20.5498
180.7500 20.6488
181.0000 20.7475
181.2500 20.8459
181.5000 20.9440
181.7500 21.0417
182.0000 21.1391
182.2500 21.2362
182.5000 21.3329
182.7500 21.4292
183.0000 21.5252
183.2500 21.6209
183.5000 21.7161
183.7500 21.8110
184.0000 21.9055
184.2500 21.9997
184.5000 22.0934
184.7500 22.1868
185.0000 22.2798
185.2500 22.3723
185.5000 22.4645
185.7500 22.5563
186.0000 22.6476
186.2500 22.7386
186.5000 22.8291
186.7500 22.9194
187.0000 23.0089
187.2500 23.0982
187.5000 23.1870
187.7500 23.2754
188.0000 23.3633
188.2500 23.4508
188.5000 23.5379
188.7500 23.6245
189.0000 23.7106
189.2500 23.7963
189.5000 23.8816
189.7500 23.9663
190.0000 24.0506
190.2500 24.1344
190.5000 24.2178
190.7500 24.3007
191.0000 24.3830
191.2500 24.4650
191.5000 24.5464
191.7500 24.6273
192.0000 24.7077
192.2500 24.7877
192.5000 24.8671
192.7500 24.9460
193.0000 25.0245
193.2500 25.1024
193.5000 25.1798
193.7500 25.2567
194.0000 25.3331
194.2500 25.4089
194.5000 25.4843
194.7500 25.5591
195.0000 25.6334
195.2500 25.7071
195.5000 25.7803
195.7500 25.8530
196.0000 25.9252
196.2500 25.9968
196.5000 26.0679
196.7500 26.1384
197.0000 26.2084
197.2500 26.2778
197.5000 26.3467
197.7500 26.4150
198.0000 26.4828
198.2500 26.5500
198.5000 26.6166
198.7500 26.6827
199.0000 26.7482
199.2500 26.8132
199.5000 26.8815
199.7500 26.9414
200.0000 27.0047
200.2500 27.0674
200.5000 27.1295
200.7500 27.1910
201.0000 27.2519
201.2500 27.3123
201.5000 27.3721
201.7500 27.4313
202.0000 27.4899
202.2500 27.5479
202.5000 27.6053
202.7500 27.6622
203.0000 27.7184
203.2500 27.7741
203.5000 27.8291
203.7500 27.8836
204.0000 27.9375
204.2500 27.9907
204.5000 28.0434
204.7500 28.0954
205.0000 28.1469
205.2500 28.1977
205.5000 28.2480
205.7500 28.2976
206.0000 28.3466
206.2500 28.3950
206.5000 28.4428
206.7500 28.4900
207.0000 28.5365
207.2500 28.5825
207.5000 28.6278
207.7500 28.6725
208.0000 28.7162
208.2500 28.7600
208.5000 28.8029
208.7500 28.8451
209.0000 28.8867
209.2500 28.9277
209.5000 28.9680
209.7500 29.0077
210.0000 29.0468
210.2500 29.0852
210.5000 29.1231
210.7500 29.1603
211.0000 29.1968
211.2500 29.2327
211.5000 29.2680
211.7500 29.3027
212.0000 29.3367
212.2500 29.3700
212.5000 29.4028
212.7500 29.4349
213.0000 29.4663
213.2500 29.4972
213.5000 29.5273
213.7500 29.5569
214.0000 29.5857
214.2500 29.6140
214.5000 29.6416
214.7500 29.6685
215.0000 29.6949
215.2500 29.7205
215.5000 29.7455
215.7500 29.7699
216.0000 29.7936
216.2500 29.8167
216.5000 29.8391
216.7500 29.8609
217.0000 29.8820
217.2500 29.9025
217.5000 29.9223
217.7500 29.9414
218.0000 29.9599
218.2500 29.9778
218.5000 29.9950
218.7500 30.0115
219.0000 30.0274
219.2500 30.0427
219.5000 30.0572
219.7500 30.0712
220.0000 30.0844
220.2500 30.0970
220.5000 30.1090
220.7500 30.1203
221.0000 30.1309
221.2500 30.1409
221.5000 30.1502
221.7500 30.1589
222.0000 30.1669
222.2500 30.1742
222.5000 30.1809
222.7500 30.1869
223.0000 30.1923
223.2500 30.1970
223.5000 30.2010
223.7500 30.2044
224.0000 30.2071
224.2500 30.2092
224.5000 30.2106
224.7500 30.2113
225.0000 30.2114
225.2500 30.2108
225.5000 30.2096
225.7500 30.2077
226.0000 30.2051
226.2500 30.2018
226.5000 30.1980
226.7500 30.1934
227.0000 30.1882
227.2500 30.1823
227.5000 30.1758
227.7500 30.1685
228.0000 30.1607
228.2500 30.1522
228.5000 30.1430
228.7500 30.1331
229.0000 30.1226
229.2500 30.1115
229.5000 30.0996
229.7500 30.0871
230.0000 30.0740
230.2500 30.0602
230.5000 30.0457
230.7500 30.0306
231.0000 30.0148
231.2500 29.9984
231.5000 29.9813
231.7500 29.9635
232.0000 29.9451
232.2500 29.9260
232.5000 29.9063
232.7500 29.8859
233.0000 29.8649
233.2500 29.8432
233.5000 29.8208
233.7500 29.7978
234.0000 29.7742
234.2500 29.7499
234.5000 29.7249
234.7500 29.6993
235.0000 29.6731
235.2500 29.6461
235.5000 29.6186
235.7500 29.5904
236.0000 29.5615
236.2500 29.5320
236.5000 29.5019
236.7500 29.4711
237.0000 29.4396
237.2500 29.4075
237.5000 29.3748
237.7500 29.3414
238.0000 29.3074
238.2500 29.2728
238.5000 29.2375
238.7500 29.2015
239.0000 29.1650
239.2500 29.1278
239.5000 29.0899
239.7500 29.0514
240.0000 29.0123
240.2500 28.9726
240.5000 28.9322
240.7500 28.8912
241.0000 28.8496
241.2500 28.8073
241.5000 28.7645
241.7500 28.7210
242.0000 28.6768
242.2500 28.6321
242.5000 28.5867
242.7500 28.5407
243.0000 28.4941
243.2500 28.4469
243.5000 28.3991
243.7500 28.3506
244.0000 28.3016
244.2500 28.2519
244.5000 28.2016
244.7500 28.1508
245.0000 28.0993
245.2500 28.0472
245.5000 27.9945
245.7500 27.9412
246.0000 27.8874
246.2500 27.8329
246.5000 27.7778
246.7500 27.7222
247.0000 27.6659
247.2500 27.6091
247.5000 27.5517
247.7500 27.4937
248.0000 27.4351
248.2500 27.3760
248.5000 27.3162
248.7500 27.2559
249.0000 27.1950
249.2500 27.1336
249.5000 27.0716
249.7500 27.0090
250.0000 26.9459
250.2500 26.8822
250.5000 26.8179
250.7500 26.7531
251.0000 26.6878
251.2500 26.6219
251.5000 26.5554
251.7500 26.4884
252.0000 26.4209
252.2500 26.3528
252.5000 26.2842
252.7500 26.2151
253.0000 26.1454
253.2500 26.0752
253.5000 26.0045
253.7500 25.9333
254.0000 25.8616
254.2500 25.7893
254.5000 25.7165
254.7500 25.6432
255.0000 25.5694
255.2500 25.4952
255.5000 25.4204
255.7500 25.3451
256.0000 25.2693
256.2500 25.1931
256.5000 25.1163
256.7500 25.0391
257.0000 24.9614
257.2500 24.8833
257.5000 24.8046
257.7500 24.7255
258.0000 24.6460
258.2500 24.5660
258.5000 24.4855
258.7500 24.4046
259.0000 24.3232
259.2500 24.2414
259.5000 24.1591
259.7500 24.0764
260.0000 23.9933
260.2500 23.9098
260.5000 23.8258
260.7500 23.7414
261.0000 23.6566
261.2500 23.5714
261.5000 23.4858
261.7500 23.3998
262.0000 23.3134
262.2500 23.2266
262.5000 23.1394
262.7500 23.0518
263.0000 22.9639
263.2500 22.8755
263.5000 22.7868
263.7500 22.6978
264.0000 22.6083
264.2500 22.5186
264.5000 22.4283
264.7500 22.3380
265.0000 22.2471
265.2500 22.1560
265.5000 22.0645
265.7500 21.9727
266.0000 21.8805
266.2500 21.7880
266.5000 21.6953
266.7500 21.6022
267.0000 21.5088
267.2500 21.4151
267.5000 21.3211
267.7500 21.2269
268.0000 21.1323
268.2500 21.0375
268.5000 20.9424
268.7500 20.8470
269.0000 20.7514
269.2500 20.6555
269.5000 20.5594
269.7500 20.4630
270.0000 20.3663
270.2500 20.2695
270.5000 20.1724
270.7500 20.0751
271.0000 19.9775
271.2500 19.8798
271.5000 19.7818
271.7500 19.6836
272.0000 19.5852
272.2500 19.4866
272.5000 19.3879
272.7500 19.2889
273.0000 19.1898
273.2500 19.0906
273.5000 18.9911
273.7500 18.8915
274.0000 18.7917
274.2500 18.6918
274.5000 18.5918
274.7500 18.4916
275.0000 18.3912
275.2500 18.2908
275.5000 18.1902
275.7500 18.0895
276.0000 17.9887
276.2500 17.8878
276.5000 17.7868
276.7500 17.6857
277.0000 17.5845
277.2500 17.4832
277.5000 17.3819
277.7500 17.2805
278.0000 17.1790
278.2500 17.0774
278.5000 16.9758
278.7500 16.8742
279.0000 16.7725
279.2500 16.6708
279.5000 16.5690
279.7500 16.4672
280.0000 16.3654
280.2500 16.2636
280.5000 16.1617
280.7500 16.0599
281.0000 15.9581
281.2500 15.8562
281.5000 15.7544
281.7500 15.6526
282.0000 15.5508
282.2500 15.4491
282.5000 15.3473
282.7500 15.2457
283.0000 15.1440
283.2500 15.0424
283.5000 14.9409
283.7500 14.8394
284.0000 14.7380
284.2500 14.6367
284.5000 14.5354
284.7500 14.4343
285.0000 14.3332
285.2500 14.2322
285.5000 14.1313
285.7500 14.0305
286.0000 13.9298
286.2500 13.8292
286.5000 13.7288
286.7500 13.6284
287.0000 13.5282
287.2500 13.4282
287.5000 13.3282
287.7500 13.2285
288.0000 13.1288
288.2500 13.0293
288.5000 12.9300
288.7500 12.8308
289.0000 12.7318
289.2500 12.6330
289.5000 12.5344
289.7500 12.4359
290.0000 12.3377
290.2500 12.2396
290.5000 12.1417
290.7500 12.0440
291.0000 11.9466
291.2500 11.8493
291.5000 11.7523
291.7500 11.6554
292.0000 11.5588
292.2500 11.4625
292.5000 11.3663
292.7500 11.2704
293.0000 11.1748
293.2500 11.0794
293.5000 10.9842
293.7500 10.8893
294.0000 10.7947
294.2500 10.7003
294.5000 10.6062
294.7500 10.5123
295.0000 10.4188
295.2500 10.3255
295.5000 10.2325
295.7500 10.1398
296.0000 10.0474
296.2500 9.9553
296.5000 9.8635
296.7500 9.7719
297.0000 9.6807
297.2500 9.5898
297.5000 9.4993
297.7500 9.4090
298.0000 9.3191
298.2500 9.2295
298.5000 9.1402
298.7500 9.0512
299.0000 8.9626
299.2500 8.8744
299.5000 8.7864
299.7500 8.6989
300.0000 8.6116
300.2500 8.5247
300.5000 8.4382
300.7500 8.3521
301.0000 8.2663
301.2500 8.1809
301.5000 8.0958
301.7500 8.0111
302.0000 7.9268
302.2500 7.8429
302.5000 7.7593
302.7500 7.6762
303.0000 7.5934
303.2500 7.5110
303.5000 7.4291
303.7500 7.3475
304.0000 7.2663
304.2500 7.1855
304.5000 7.1051
304.7500 7.0251
305.0000 6.9455
305.2500 6.8664
305.5000 6.7876
305.7500 6.7093
306.0000 6.6314
306.2500 6.5539
306.5000 6.4768
306.7500 6.4002
307.0000 6.3240
307.2500 6.2482
307.5000 6.1729
307.7500 6.0980
308.0000 6.0235
308.2500 5.9494
308.5000 5.8759
308.7500 5.8027
309.0000 5.7300
309.2500 5.6578
309.5000 5.5859
309.7500 5.5146
310.0000 5.4437
310.2500 5.3732
310.5000 5.3032
310.7500 5.2337
311.0000 5.1646
311.2500 5.0960
311.5000 5.0278
311.7500 4.9601
312.0000 4.8929
312.2500 4.8261
312.5000 4.7598
312.7500 4.6940
313.0000 4.6286
313.2500 4.5638
313.5000 4.4994
313.7500 4.4354
314.0000 4.3720
314.2500 4.3090
314.5000 4.2465
314.7500 4.1844
315.0000 4.1229
315.2500 4.0618
315.5000 4.0012
315.7500 3.9412
316.0000 3.8815
316.2500 3.8224
316.5000 3.7638
316.7500 3.7056
317.0000 3.6479
317.2500 3.5907
317.5000 3.5340
317.7500 3.4778
318.0000 3.4221
318.2500 3.3668
318.5000 3.3121
318.7500 3.2579
319.0000 3.2041
319.2500 3.1508
319.5000 3.0981
319.7500 3.0458
320.0000 2.9940
320.2500 2.9427
320.5000 2.8919
320.7500 2.8415
321.0000 2.7917
321.2500 2.7424
321.5000 2.6935
321.7500 2.6452
322.0000 2.5974
322.2500 2.5500
322.5000 2.5031
322.7500 2.4567
323.0000 2.4109
323.2500 2.3655
323.5000 2.3206
323.7500 2.2762
324.0000 2.2323
324.2500 2.1889
324.5000 2.1459
324.7500 2.1035
325.0000 2.0615
325.2500 2.0201
325.5000 1.9791
325.7500 1.9386
326.0000 1.8986
326.2500 1.8591
326.5000 1.8200
326.7500 1.7815
327.0000 1.7434
327.2500 1.7059
327.5000 1.6688
327.7500 1.6321
328.0000 1.5960
328.2500 1.5603
328.5000 1.5252
328.7500 1.4905
329.0000 1.4562
329.2500 1.4225
329.5000 1.3892
329.7500 1.3564
330.0000 1.3241
330.2500 1.2922
330.5000 1.2608
330.7500 1.2298
331.0000 1.1994
331.2500 1.1694
331.5000 1.1398
331.7500 1.1107
332.0000 1.0821
332.2500 1.0539
332.5000 1.0262
332.7500 0.9989
333.0000 0.9721
333.2500 0.9457
333.5000 0.9198
333.7500 0.8943
334.0000 0.8693
334.2500 0.8447
334.5000 0.8205
334.7500 0.7968
335.0000 0.7735
335.2500 0.7506
335.5000 0.7282
335.7500 0.7062
336.0000 0.6846
336.2500 0.6634
336.5000 0.6427
336.7500 0.6223
337.0000 0.6024
337.2500 0.5829
337.5000 0.5638
337.7500 0.5451
338.0000 0.5268
338.2500 0.5089
338.5000 0.4914
338.7500 0.4743
339.0000 0.4575
339.2500 0.4412
339.5000 0.4252
339.7500 0.4096
340.0000 0.3944
340.2500 0.3796
340.5000 0.3651
340.7500 0.3510
341.0000 0.3372
341.2500 0.3238
341.5000 0.3108
341.7500 0.2981
342.0000 0.2858
342.2500 0.2738
342.5000 0.2621
342.7500 0.2508
343.0000 0.2398
343.2500 0.2291
343.5000 0.2187
343.7500 0.2087
344.0000 0.1989
344.2500 0.1895
344.5000 0.1804
344.7500 0.1716
345.0000 0.1630
345.2500 0.1548
345.5000 0.1469
345.7500 0.1392
346.0000 0.1318
346.2500 0.1247
346.5000 0.1178
346.7500 0.1112
347.0000 0.1049
347.2500 0.0988
347.5000 0.0929
347.7500 0.0873
348.0000 0.0820
348.2500 0.0768
348.5000 0.0719
348.7500 0.0672
349.0000 0.0628
349.2500 0.0585
349.5000 0.0545
349.7500 0.0506
350.0000 0.0469
350.2500 0.0435
350.5000 0.0402
350.7500 0.0371
351.0000 0.0341
351.2500 0.0314
351.5000 0.0287
351.7500 0.0263
352.0000 0.0240
352.2500 0.0218
352.5000 0.0198
352.7500 0.0179
353.0000 0.0162
353.2500 0.0146
353.5000 0.0131
353.7500 0.0117
354.0000 0.0104
354.2500 0.0092
354.5000 0.0081
354.7500 0.0072
355.0000 0.0045
355.2500 0.0054
355.5000 0.0047
355.7500 0.0041
356.0000 0.0035
356.2500 0.0029
356.5000 0.0025
356.7500 0.0021
357.0000 0.0017
357.2500 0.0014
357.5000 0.0011
357.7500 0.0009
358.0000 0.0007
358.2500 0.0006
358.5000 0.0004
358.7500 0.0003
359.0000 0.0002
359.2500 0.0001
359.5000 0.0001
359.7500 0.0001
