0.0000 4.1229
0.2500 4.0618
0.5000 4.0012
0.7500 3.9412
1.0000 3.8815
1.2500 3.8224
1.5000 3.7638
1.7500 3.7056
2.0000 3.6479
2.2500 3.5907
2.5000 3.5340
2.7500 3.4778
3.0000 3.4221
3.2500 3.3668
3.5000 3.3121
3.7500 3.2579
4.0000 3.2041
4.2500 3.1508
4.5000 3.0981
4.7500 3.0458
5.0000 2.9940
5.2500 2.9427
5.5000 2.8919
5.7500 2.8415
6.0000 2.7917
6.2500 2.7424
6.5000 2.6936
6.7500 2.6452
7.0000 2.5974
7.2500 2.5500
7.5000 2.5031
7.7500 2.4567
8.0000 2.4109
8.2500 2.3655
8.5000 2.3206
8.7500 2.2762
9.0000 2.2323
9.2500 2.1889
9.5000 2.1459
9.7500 2.1035
10.0000 2.0615
10.2500 2.0201
10.5000 1.9791
10.7500 1.9386
11.0000 1.8986
11.2500 1.8591
11.5000 1.8200
11.7500 1.7815
12.0000 1.7434
12.2500 1.7059
12.5000 1.6688
12.7500 1.6321
13.0000 1.5960
13.2500 1.5603
13.5000 1.5252
13.7500 1.4905
14.0000 1.4562
14.2500 1.4225
14.5000 1.3892
14.7500 1.3564
15.0000 1.3241
15.2500 1.2922
15.5000 1.2608
15.7500 1.2298
16.0000 1.1994
16.2500 1.1694
16.5000 1.1398
16.7500 1.1107
17.0000 1.0821
17.2500 1.0539
17.5000 1.0262
17.7500 0.9989
18.0000 0.9721
18.2500 0.9457
18.5000 0.9198
18.7500 0.8943
19.0000 0.8693
19.2500 0.8447
19.5000 0.8205
19.7500 0.7968
20.0000 0.7735
20.2500 0.7506
20.5000 0.7282
20.7500 0.7062
21.0000 0.6846
21.2500 0.6634
21.5000 0.6427
21.7500 0.6223
22.0000 0.6024
22.2500 0.5829
22.5000 0.5638
22.7500 0.5451
23.0000 0.5268
23.2500 0.5089
23.5000 0.4914
23.7500 0.4743
24.0000 0.4575
24.2500 0.4412
24.5000 0.4252
24.7500 0.4096
25.0000 0.3944
25.2500 0.3796
25.5000 0.3651
25.7500 0.3510
26.0000 0.3372
26.2500 0.3238
26.5000 0.3108
26.7500 0.2981
27.0000 0.2858
27.2500 0.2738
27.5000 0.2621
27.7500 0.2508
28.0000 0.2398
28.2500 0.2291
28.5000 0.2187
28.7500 0.2087
29.0000 0.1989
29.2500 0.1895
29.5000 0.1804
29.7500 0.1716
30.0000 0.1630
30.2500 0.1548
30.5000 0.1469
30.7500 0.1392
31.0000 0.1318
31.2500 0.1247
31.5000 0.1178
31.7500 0.1112
32.0000 0.1049
32.2500 0.0988
32.5000 0.0929
32.7500 0.0873
33.0000 0.0820
33.2500 0.0768
33.5000 0.0719
33.7500 0.0672
34.0000 0.0628
34.2500 0.0585
34.5000 0.0545
34.7500 0.0506
35.0000 0.0469
35.2500 0.0435
35.5000 0.0402
35.7500 0.0371
36.0000 0.0341
36.2500 0.0314
36.5000 0.0287
36.7500 0.0263
37.0000 0.0240
37.2500 0.0218
37.5000 0.0198
37.7500 0.0179
38.0000 0.0162
38.2500 0.0146
38.5000 0.0131
38.7500 0.0117
39.0000 0.0104
39.2500 0.0092
39.5000 0.0081
39.7500 0.0072
40.0000 0.0045
40.2500 0.0055
40.5000 0.0047
40.7500 0.0041
41.0000 0.0035
41.2500 0.0029
41.5000 0.0025
41.7500 0.0021
42.0000 0.0017
42.2500 0.0014
42.5000 0.0011
42.7500 0.0009
43.0000 0.0007
43.2500 0.0006
43.5000 0.0004
43.7500 0.0003
44.0000 0.0002
44.2500 0.0002
44.5000 0.0001
44.7500 0.0001
45.0000 0.0000
45.2500 0.0000
45.5000 0.0000
45.7500 0.0000
46.0000 0.0000
46.2500 0.0000
46.5000 0.0000
46.7500 0.0000
47.0000 0.0000
47.2500 0.0000
47.5000 0.0000
47.7500 0.0000
48.0000 0.0000
48.2500 0.0000
48.5000 0.0000
48.7500 0.0000
49.0000 0.0000
49.2500 0.0000
49.5000 0.0000
49.7500 0.0000
50.0000 0.0000
50.2500 0.0000
50.5000 0.0000
50.7500 0.0000
51.0000 0.0000
51.2500 0.0000
51.5000 0.0000
51.7500 0.0000
52.0000 0.0000
52.2500 0.0000
52.5000 0.0000
52.7500 0.0000
53.0000 0.0000
53.2500 0.0000
53.5000 0.0000
53.7500 0.0000
54.0000 0.0000
54.2500 0.0000
54.5000 0.0000
54.7500 0.0000
55.0000 0.0000
55.2500 0.0000
55.5000 0.0000
55.7500 0.0000
56.0000 0.0000
56.2500 0.0000
56.5000 0.0000
56.7500 0.0000
57.0000 0.0000
57.2500 0.0000
57.5000 0.0000
57.7500 0.0000
58.0000 0.0000
58.2500 0.0000
58.5000 0.0000
58.7500 0.0000
59.0000 0.0000
59.2500 0.0000
59.5000 0.0000
59.7500 0.0000
60.0000 0.0000
60.2500 0.0000
60.5000 0.0000
60.7500 0.0000
61.0000 0.0000
61.2500 0.0000
61.5000 0.0000
61.7500 0.0000
62.0000 0.0000
62.2500 0.0000
62.5000 0.0000
62.7500 0.0000
63.0000 0.0000
63.2500 0.0000
63.5000 0.0000
63.7500 0.0000
64.0000 0.0000
64.2500 0.0000
64.5000 0.0000
64.7500 0.0000
65.0000 0.0000
65.2500 0.0000
65.5000 0.0000
65.7500 0.0000
66.0000 0.0000
66.2500 0.0000
66.5000 0.0000
66.7500 0.0000
67.0000 0.0000
67.2500 0.0000
67.5000 0.0000
67.7500 0.0000
68.0000 0.0000
68.2500 0.0000
68.5000 0.0000
68.7500 0.0000
69.0000 0.0000
69.2500 0.0000
69.5000 0.0000
69.7500 0.0000
70.0000 0.0000
70.2500 0.0000
70.5000 0.0000
70.7500 0.0000
71.0000 0.0000
71.2500 0.0000
71.5000 0.0000
71.7500 0.0000
72.0000 0.0000
72.2500 0.0000
72.5000 0.0000
72.7500 0.0000
73.0000 0.0000
73.2500 0.0000
73.5000 0.0000
73.7500 0.0000
74.0000 0.0000
74.2500 0.0000
74.5000 0.0000
74.7500 0.0000
75.0000 0.0000
75.2500 0.0000
75.5000 0.0000
75.7500 0.0000
76.0000 0.0000
76.2500 0.0000
76.5000 0.0000
76.7500 0.0000
77.0000 0.0000
77.2500 0.0000
77.5000 0.0000
77.7500 0.0000
78.0000 0.0000
78.2500 0.0000
78.5000 0.0000
78.7500 0.0000
79.0000 0.0000
79.2500 0.0000
79.5000 0.0000
79.7500 0.0000
80.0000 0.0000
80.2500 0.0000
80.5000 0.0000
80.7500 0.0000
81.0000 0.0000
81.2500 0.0000
81.5000 0.0000
81.7500 0.0000
82.0000 0.0000
82.2500 0.0000
82.5000 0.0000
82.7500 0.0000
83.0000 0.0000
83.2500 0.0000
83.5000 0.0000
83.7500 0.0000
84.0000 0.0000
84.2500 0.0000
84.5000 0.0000
84.7500 0.0000
85.0000 0.0000
85.2500 0.0000
85.5000 0.0000
85.7500 0.0000
86.0000 0.0000
86.2500 0.0000
86.5000 0.0000
86.7500 0.0000
87.0000 0.0000
87.2500 0.0000
87.5000 0.0000
87.7500 0.0000
88.0000 0.0000
88.2500 0.0000
88.5000 0.0000
88.7500 0.0000
89.0000 0.0000
89.2500 0.0000
89.5000 0.0000
89.7500 0.0000
90.0000 0.0000
90.2500 0.0000
90.5000 0.0000
90.7500 0.0000
91.0000 0.0000
91.2500 0.0000
91.5000 0.0000
91.7500 0.0000
92.0000 0.0000
92.2500 0.0000
92.5000 0.0000
92.7500 0.0000
93.0000 0.0000
93.2500 0.0000
93.5000 0.0000
93.7500 0.0000
94.0000 0.0000
94.2500 0.0000
94.5000 0.0000
94.7500 0.0000
95.0000 0.0000
95.2500 0.0000
95.5000 0.0000
95.7500 0.0000
96.0000 0.0000
96.2500 0.0000
96.5000 0.0000
96.7500 0.0000
97.0000 0.0000
97.2500 0.0000
97.5000 0.0000
97.7500 0.0000
98.0000 0.0000
98.2500 0.0000
98.5000 0.0000
98.7500 0.0000
99.0000 0.0000
99.2500 0.0000
99.5000 0.0000
99.7500 0.0000
100.0000 0.0000
100.2500 0.0000
100.5000 0.0000
100.7500 0.0000
101.0000 0.0000
101.2500 0.0000
101.5000 0.0000
101.7500 0.0000
102.0000 0.0000
102.2500 0.0000
102.5000 0.0000
102.7500 0.0000
103.0000 0.0000
103.2500 0.0000
103.5000 0.0000
103.7500 0.0000
104.0000 0.0000
104.2500 0.0000
104.5000 0.0000
104.7500 0.0000
105.0000 0.0000
105.2500 0.0000
105.5000 0.0000
105.7500 0.0000
106.0000 0.0000
106.2500 0.0000
106.5000 0.0000
106.7500 0.0000
107.0000 0.0000
107.2500 0.0000
107.5000 0.0000
107.7500 0.0000
108.0000 0.0000
108.2500 0.0000
108.5000 0.0000
108.7500 0.0000
109.0000 0.0000
109.2500 0.0000
109.5000 0.0000
109.7500 0.0000
110.0000 0.0000
110.2500 0.0000
110.5000 0.0000
110.7500 0.0000
111.0000 0.0000
111.2500 0.0000
111.5000 0.0000
111.7500 0.0000
112.0000 0.0000
112.2500 0.0000
112.5000 0.0000
112.7500 0.0000
113.0000 0.0000
113.2500 0.0000
113.5000 0.0000
113.7500 0.0000
114.0000 0.0000
114.2500 0.0000
114.5000 0.0000
114.7500 0.0000
115.0000 0.0000
115.2500 0.0000
115.5000 0.0000
115.7500 0.0000
116.0000 0.0000
116.2500 0.0000
116.5000 0.0000
116.7500 0.0000
117.0000 0.0000
117.2500 0.0000
117.5000 0.0000
117.7500 0.0000
118.0000 0.0000
118.2500 0.0000
118.5000 0.0000
118.7500 0.0000
119.0000 0.0000
119.2500 0.0000
119.5000 0.0000
119.7500 0.0000
120.0000 0.0000
120.2500 0.0000
120.5000 0.0000
120.7500 0.0000
121.0000 0.0000
121.2500 0.0000
121.5000 0.0000
121.7500 0.0000
122.0000 0.0000
122.2500 0.0000
122.5000 0.0000
122.7500 0.0000
123.0000 0.0000
123.2500 0.0000
123.5000 0.0000
123.7500 0.0000
124.0000 0.0000
124.2500 0.0000
124.5000 0.0000
124.7500 0.0000
125.0000 0.0000
125.2500 0.0000
125.5000 0.0000
125.7500 0.0000
126.0000 0.0000
126.2500 0.0000
126.5000 0.0000
126.7500 0.0000
127.0000 0.0000
127.2500 0.0000
127.5000 0.0000
127.7500 0.0000
128.0000 0.0000
128.2500 0.0000
128.5000 0.0000
128.7500 0.0000
129.0000 0.0000
129.2500 0.0000
129.5000 0.0000
129.7500 0.0000
130.0000 0.0000
130.2500 0.0000
130.5000 0.0000
130.7500 0.0000
131.0000 0.0000
131.2500 0.0000
131.5000 0.0000
131.7500 0.0000
132.0000 0.0000
132.2500 0.0000
132.5000 0.0000
132.7500 0.0000
133.0000 0.0000
133.2500 0.0000
133.5000 0.0000
133.7500 0.0000
134.0000 0.0000
134.2500 0.0000
134.5000 0.0000
134.7500 0.0000
135.0000 0.0000
135.2500 0.0000
135.5000 0.0000
135.7500 0.0000
136.0000 0.0000
136.2500 0.0000
136.5000 0.0000
136.7500 0.0000
137.0000 0.0000
137.2500 0.0000
137.5000 0.0000
137.7500 0.0000
138.0000 0.0000
138.2500 0.0000
138.5000 0.0000
138.7500 0.0000
139.0000 0.0000
139.2500 0.0001
139.5000 0.0001
139.7500 0.0002
140.0000 0.0002
140.2500 0.0003
140.5000 0.0004
140.7500 0.0005
141.0000 0.0007
141.2500 0.0009
141.5000 0.0011
141.7500 0.0014
142.0000 0.0017
142.2500 0.0021
142.5000 0.0025
142.7500 0.0029
143.0000 0.0035
143.2500 0.0041
143.5000 0.0047
143.7500 0.0055
144.0000 0.0063
144.2500 0.0072
144.5000 0.0082
144.7500 0.0092
145.0000 0.0104
145.2500 0.0117
145.5000 0.0131
145.7500 0.0146
146.0000 0.0162
146.2500 0.0180
146.5000 0.0199
146.7500 0.0219
147.0000 0.0241
147.2500 0.0264
147.5000 0.0288
147.7500 0.0315
148.0000 0.0343
148.2500 0.0372
148.5000 0.0404
148.7500 0.0437
149.0000 0.0472
149.2500 0.0509
149.5000 0.0548
149.7500 0.0588
150.0000 0.0632
150.2500 0.0677
150.5000 0.0724
150.7500 0.0774
151.0000 0.0826
151.2500 0.0880
151.5000 0.0937
151.7500 0.0996
152.0000 0.1058
152.2500 0.1122
152.5000 0.1189
152.7500 0.1259
153.0000 0.1331
153.2500 0.1406
153.5000 0.1484
153.7500 0.1565
154.0000 0.1649
154.2500 0.1736
154.5000 0.1826
154.7500 0.1919
155.0000 0.2015
155.2500 0.2115
155.5000 0.2218
155.7500 0.2324
156.0000 0.2433
156.2500 0.2546
156.5000 0.2662
156.7500 0.2782
157.0000 0.2905
157.2500 0.3032
157.5000 0.3162
157.7500 0.3297
158.0000 0.3435
158.2500 0.3576
158.5000 0.3722
158.7500 0.3871
159.0000 0.4024
159.2500 0.4182
159.5000 0.4343
159.7500 0.4508
160.0000 0.4677
160.2500 0.4851
160.5000 0.5029
160.7500 0.5210
161.0000 0.5396
161.2500 0.5587
161.5000 0.5781
161.7500 0.5981
162.0000 0.6184
162.2500 0.6392
162.5000 0.6604
162.7500 0.6821
163.0000 0.7042
163.2500 0.7268
163.5000 0.7499
163.7500 0.7734
164.0000 0.7974
164.2500 0.8218
164.5000 0.8468
164.7500 0.8722
165.0000 0.8981
165.2500 0.9245
165.5000 0.9513
165.7500 0.9787
166.0000 1.0065
166.2500 1.0349
166.5000 1.0637
166.7500 1.0931
167.0000 1.1229
167.2500 1.1533
167.5000 1.1841
167.7500 1.2155
168.0000 1.2474
168.2500 1.2798
168.5000 1.3128
168.7500 1.3462
169.0000 1.3802
169.2500 1.4147
169.5000 1.4498
169.7500 1.4854
170.0000 1.5215
170.2500 1.5581
170.5000 1.5953
170.7500 1.6330
171.0000 1.6713
171.2500 1.7101
171.5000 1.7495
171.7500 1.7894
172.0000 1.8299
172.2500 1.8709
172.5000 1.9125
172.7500 1.9546
173.0000 1.9973
173.2500 2.0405
173.5000 2.0844
173.7500 2.1287
174.0000 2.1736
174.2500 2.2191
174.5000 2.2652
174.7500 2.3118
175.0000 2.3590
175.2500 2.4068
175.5000 2.4551
175.7500 2.5040
176.0000 2.5535
176.2500 2.6036
176.5000 2.6542
176.7500 2.7054
177.0000 2.7572
177.2500 2.8095
177.5000 2.8625
177.7500 2.9160
178.0000 2.9701
178.2500 3.0247
178.5000 3.0800
178.7500 3.1358
179.0000 3.1922
179.2500 3.2492
179.5000 3.3067
179.7500 3.3649
180.0000 3.4236
180.2500 3.4829
180.5000 3.5428
180.7500 3.6032
181.0000 3.6642
181.2500 3.7259
181.5000 3.7880
181.7500 3.8508
182.0000 3.9142
182.2500 3.9781
182.5000 4.0426
182.7500 4.1076
183.0000 4.1733
183.2500 4.2395
183.5000 4.3063
183.7500 4.3736
184.0000 4.4416
184.2500 4.5100
184.5000 4.5791
184.7500 4.6487
185.0000 4.7189
185.2500 4.7897
185.5000 4.8610
185.7500 4.9329
186.0000 5.0053
186.2500 5.0783
186.5000 5.1518
186.7500 5.2259
187.0000 5.3006
187.2500 5.3758
187.5000 5.4515
187.7500 5.5278
188.0000 5.6046
188.2500 5.6820
188.5000 5.7599
188.7500 5.8384
189.0000 5.9173
189.2500 5.9968
189.5000 6.0769
189.7500 6.1574
190.0000 6.2385
190.2500 6.3201
190.5000 6.4020
190.7500 6.4848
191.0000 6.5716
191.2500 6.6516
191.5000 6.7357
191.7500 6.8204
192.0000 6.9055
192.2500 6.9911
192.5000 7.0772
192.7500 7.1638
193.0000 7.2509
193.2500 7.3384
193.5000 7.4265
193.7500 7.5149
194.0000 7.6039
194.2500 7.6933
194.5000 7.7832
194.7500 7.8735
195.0000 7.9643
195.2500 8.0555
195.5000 8.1471
195.7500 8.2392
196.0000 8.3299
196.2500 8.4247
196.5000 8.5180
196.7500 8.6118
197.0000 8.7060
197.2500 8.8005
197.5000 8.8955
197.7500 8.9909
198.0000 9.0867
198.2500 9.1828
198.5000 9.2793
198.7500 9.3762
199.0000 9.4735
199.2500 9.5711
199.5000 9.6691
199.7500 9.7674
200.0000 9.8661
200.2500 9.9651
200.5000 10.0645
200.7500 10.1641
201.0000 10.2641
201.2500 10.3645
201.5000 10.4651
201.7500 10.5660
202.0000 10.6672
202.2500 10.7687
202.5000 10.8705
202.7500 10.9726
203.0000 11.0749
203.2500 11.1775
203.5000 11.2804
203.7500 11.3835
204.0000 11.4869
204.2500 11.5905
204.5000 11.6943
204.7500 11.7984
205.0000 11.9026
205.2500 12.0071
205.5000 12.1118
205.7500 12.2167
206.0000 12.3218
206.2500 12.4271
206.5000 12.5325
206.7500 12.6382
207.0000 12.7439
207.2500 12.8499
207.5000 12.9560
207.7500 13.0622
208.0000 13.1686
208.2500 13.2751
208.5000 13.3818
208.7500 13.4885
209.0000 13.5954
209.2500 13.7023
209.5000 13.8094
209.7500 13.9166
210.0000 14.0238
210.2500 14.1311
210.5000 14.2384
210.7500 14.3459
211.0000 14.4534
211.2500 14.5609
211.5000 14.6685
211.7500 14.7761
212.0000 14.8837
212.2500 14.9914
212.5000 15.0990
212.7500 15.2067
213.0000 15.3144
213.2500 15.4220
213.5000 15.5297
213.7500 15.6373
214.0000 15.7449
214.2500 15.8524
214.5000 15.9599
214.7500 16.0674
215.0000 16.1748
215.2500 16.2821
215.5000 16.3894
215.7500 16.4966
216.0000 16.6037
216.2500 16.7107
216.5000 16.8177
216.7500 16.9245
217.0000 17.0312
217.2500 17.1378
217.5000 17.2443
217.7500 17.3506
218.0000 17.4568
218.2500 17.5629
218.5000 17.6688
218.7500 17.7745
219.0000 17.8801
219.2500 17.9856
219.5000 18.0908
219.7500 18.1959
220.0000 18.3008
220.2500 18.4055
220.5000 18.5100
220.7500 18.6143
221.0000 18.7184
221.2500 18.8223
221.5000 18.9259
221.7500 19.0294
222.0000 19.1326
222.2500 19.2355
222.5000 19.3383
222.7500 19.4403
223.0000 19.5429
223.2500 19.6449
223.5000 19.7465
223.7500 19.8479
224.0000 19.9491
224.2500 20.0499
224.5000 20.1505
224.7500 20.2508
225.0000 20.3507
225.2500 20.4504
225.5000 20.5498
225.7500 20.6488
226.0000 20.7475
226.2500 20.8459
226.5000 20.9440
226.7500 21.0417
227.0000 21.1391
227.2500 21.2362
227.5000 21.3329
227.7500 21.4292
228.0000 21.5252
228.2500 21.6209
228.5000 21.7161
228.7500 21.8110
229.0000 21.9055
229.2500 21.9997
229.5000 22.0934
229.7500 22.1868
230.0000 22.2798
230.2500 22.3723
230.5000 22.4645
230.7500 22.5563
231.0000 22.6477
231.2500 22.7386
231.5000 22.8291
231.7500 22.9194
232.0000 23.0089
232.2500 23.0982
232.5000 23.1870
232.7500 23.2754
233.0000 23.3633
233.2500 23.4508
233.5000 23.5379
233.7500 23.6245
234.0000 23.7106
234.2500 23.7963
234.5000 23.8816
234.7500 23.9663
235.0000 24.0506
235.2500 24.1344
235.5000 24.2178
235.7500 24.3007
236.0000 24.3830
236.2500 24.4650
236.5000 24.5464
236.7500 24.6273
237.0000 24.7077
237.2500 24.7877
237.5000 24.8671
237.7500 24.9460
238.0000 25.0245
238.2500 25.1024
238.5000 25.1798
238.7500 25.2567
239.0000 25.3331
239.2500 25.4089
239.5000 25.4843
239.7500 25.5591
240.0000 25.6334
240.2500 25.7071
240.5000 25.7803
240.7500 25.8530
241.0000 25.9252
241.2500 25.9968
241.5000 26.0679
241.7500 26.1384
242.0000 26.2084
242.2500 26.2778
242.5000 26.3467
242.7500 26.4150
243.0000 26.4828
243.2500 26.5500
243.5000 26.6166
243.7500 26.6827
244.0000 26.7482
244.2500 26.8132
244.5000 26.8815
244.7500 26.9414
245.0000 27.0047
245.2500 27.0674
245.5000 27.1295
245.7500 27.1910
246.0000 27.2519
246.2500 27.3123
246.5000 27.3721
246.7500 27.4313
247.0000 27.4899
247.2500 27.5479
247.5000 27.6053
247.7500 27.6622
248.0000 27.7184
248.2500 27.7741
248.5000 27.8291
248.7500 27.8836
249.0000 27.9375
249.2500 27.9907
249.5000 28.0434
249.7500 28.0954
250.0000 28.1469
250.2500 28.1977
250.5000 28.2479
250.7500 28.2976
251.0000 28.3466
251.2500 28.3950
251.5000 28.4428
251.7500 28.4900
252.0000 28.5365
252.2500 28.5825
252.5000 28.6278
252.7500 28.6725
253.0000 28.7162
253.2500 28.7601
253.5000 28.8029
253.7500 28.8451
254.0000 28.8867
254.2500 28.9277
254.5000 28.9680
254.7500 29.0077
255.0000 29.0468
255.2500 29.0852
255.5000 29.1231
255.7500 29.1603
256.0000 29.1968
256.2500 29.2327
256.5000 29.2680
256.7500 29.3027
257.0000 29.3367
257.2500 29.3700
257.5000 29.4028
257.7500 29.4349
258.0000 29.4663
258.2500 29.4972
258.5000 29.5273
258.7500 29.5568
259.0000 29.5857
259.2500 29.6140
259.5000 29.6416
259.7500 29.6685
260.0000 29.6949
260.2500 29.7205
260.5000 29.7455
260.7500 29.7699
261.0000 29.7936
261.2500 29.8167
261.5000 29.8391
261.7500 29.8609
262.0000 29.8820
262.2500 29.9025
262.5000 29.9223
262.7500 29.9414
263.0000 29.9599
263.2500 29.9778
263.5000 29.9950
263.7500 30.0115
264.0000 30.0274
264.2500 30.0427
264.5000 30.0572
264.7500 30.0712
265.0000 30.0844
265.2500 30.0970
265.5000 30.1090
265.7500 30.1203
266.0000 30.1309
266.2500 30.1409
266.5000 30.1502
266.7500 30.1589
267.0000 30.1669
267.2500 30.1742
267.5000 30.1809
267.7500 30.1869
268.0000 30.1923
268.2500 30.1970
268.5000 30.2010
268.7500 30.2044
269.0000 30.2071
269.2500 30.2092
269.5000 30.2106
269.7500 30.2113
270.0000 30.2114
270.2500 30.2108
270.5000 30.2096
270.7500 30.2077
271.0000 30.2051
271.2500 30.2018
271.5000 30.1979
271.7500 30.1934
272.0000 30.1882
272.2500 30.1823
272.5000 30.1758
272.7500 30.1685
273.0000 30.1607
273.2500 30.1522
273.5000 30.1430
273.7500 30.1331
274.0000 30.1226
274.2500 30.1115
274.5000 30.0996
274.7500 30.0872
275.0000 30.0740
275.2500 30.0602
275.5000 30.0457
275.7500 30.0306
276.0000 30.0148
276.2500 29.9984
276.5000 29.9813
276.7500 29.9635
277.0000 29.9451
277.2500 29.9260
277.5000 29.9063
277.7500 29.8859
278.0000 29.8649
278.2500 29.8432
278.5000 29.8209
278.7500 29.7978
279.0000 29.7742
279.2500 29.7499
279.5000 29.7249
279.7500 29.6993
280.0000 29.6731
280.2500 29.6461
280.5000 29.6186
280.7500 29.5904
281.0000 29.5615
281.2500 29.5320
281.5000 29.5019
281.7500 29.4711
282.0000 29.4396
282.2500 29.4075
282.5000 29.3748
282.7500 29.3414
283.0000 29.3074
283.2500 29.2728
283.5000 29.2375
283.7500 29.2015
284.0000 29.1650
284.2500 29.1278
284.5000 29.0899
284.7500 29.0514
285.0000 29.0123
285.2500 28.9726
285.5000 28.9322
285.7500 28.8912
286.0000 28.8496
286.2500 28.8073
286.5000 28.7645
286.7500 28.7210
287.0000 28.6768
287.2500 28.6321
287.5000 28.5867
287.7500 28.5407
288.0000 28.4941
288.2500 28.4469
288.5000 28.3991
288.7500 28.3506
289.0000 28.3016
289.2500 28.2519
289.5000 28.2016
289.7500 28.1508
290.0000 28.0993
290.2500 28.0472
290.5000 27.9945
290.7500 27.9412
291.0000 27.8874
291.2500 27.8329
291.5000 27.7778
291.7500 27.7222
292.0000 27.6659
292.2500 27.6091
292.5000 27.5517
292.7500 27.4937
293.0000 27.4351
293.2500 27.3760
293.5000 27.3162
293.7500 27.2559
294.0000 27.1950
294.2500 27.1336
294.5000 27.0716
294.7500 27.0090
295.0000 26.9459
295.2500 26.8822
295.5000 26.8179
295.7500 26.7531
296.0000 26.6878
296.2500 26.6219
296.5000 26.5554
296.7500 26.4884
297.0000 26.4209
297.2500 26.3528
297.5000 26.2842
297.7500 26.2151
298.0000 26.1454
298.2500 26.0752
298.5000 26.0045
298.7500 25.9333
299.0000 25.8616
299.2500 25.7893
299.5000 25.7165
299.7500 25.6432
300.0000 25.5695
300.2500 25.4952
300.5000 25.4204
300.7500 25.3451
301.0000 25.2693
301.2500 25.1931
301.5000 25.1163
301.7500 25.0391
302.0000 24.9614
302.2500 24.8833
302.5000 24.8046
302.7500 24.7255
303.0000 24.6460
303.2500 24.5660
303.5000 24.4855
303.7500 24.4046
304.0000 24.3232
304.2500 24.2414
304.5000 24.1591
304.7500 24.0764
305.0000 23.9933
305.2500 23.9098
305.5000 23.8258
305.7500 23.7414
306.0000 23.6566
306.2500 23.5714
306.5000 23.4858
306.7500 23.3998
307.0000 23.3134
307.2500 23.2266
307.5000 23.1394
307.7500 23.0518
308.0000 22.9639
308.2500 22.8755
308.5000 22.7868
308.7500 22.6978
309.0000 22.6083
309.2500 22.5186
309.5000 22.4283
309.7500 22.3380
310.0000 22.2471
310.2500 22.1560
310.5000 22.0645
310.7500 21.9727
311.0000 21.8805
311.2500 21.7880
311.5000 21.6953
311.7500 21.6022
312.0000 21.5088
312.2500 21.4151
312.5000 21.3211
312.7500 21.2269
313.0000 21.1323
313.2500 21.0375
313.5000 20.9424
313.7500 20.8470
314.0000 20.7514
314.2500 20.6555
314.5000 20.5594
314.7500 20.4630
315.0000 20.3663
315.2500 20.2695
315.5000 20.1724
315.7500 20.0751
316.0000 19.9775
316.2500 19.8798
316.5000 19.7818
316.7500 19.6836
317.0000 19.5852
317.2500 19.4866
317.5000 19.3879
317.7500 19.2889
318.0000 19.1898
318.2500 19.0906
318.5000 18.9911
318.7500 18.8915
319.0000 18.7917
319.2500 18.6918
319.5000 18.5918
319.7500 18.4916
320.0000 18.3912
320.2500 18.2908
320.5000 18.1902
320.7500 18.0895
321.0000 17.9887
321.2500 17.8878
321.5000 17.7868
321.7500 17.6857
322.0000 17.5845
322.2500 17.4832
322.5000 17.3819
322.7500 17.2805
323.0000 17.1790
323.2500 17.0774
323.5000 16.9758
323.7500 16.8742
324.0000 16.7725
324.2500 16.6708
324.5000 16.5690
324.7500 16.4672
325.0000 16.3654
325.2500 16.2636
325.5000 16.1617
325.7500 16.0599
326.0000 15.9581
326.2500 15.8562
326.5000 15.7544
326.7500 15.6526
327.0000 15.5508
327.2500 15.4491
327.5000 15.3473
327.7500 15.2457
328.0000 15.1440
328.2500 15.0424
328.5000 14.9409
328.7500 14.8394
329.0000 14.7380
329.2500 14.6367
329.5000 14.5354
329.7500 14.4342
330.0000 14.3332
330.2500 14.2322
330.5000 14.1313
330.7500 14.0305
331.0000 13.9298
331.2500 13.8292
331.5000 13.7288
331.7500 13.6284
332.0000 13.5282
332.2500 13.4282
332.5000 13.3282
332.7500 13.2284
333.0000 13.1288
333.2500 13.0293
333.5000 12.9300
333.7500 12.8308
334.0000 12.7318
334.2500 12.6330
334.5000 12.5344
334.7500 12.4359
335.0000 12.3377
335.2500 12.2396
335.5000 12.1417
335.7500 12.0440
336.0000 11.9466
336.2500 11.8493
336.5000 11.7523
336.7500 11.6554
337.0000 11.5588
337.2500 11.4625
337.5000 11.3663
337.7500 11.2704
338.0000 11.1748
338.2500 11.0794
338.5000 10.9842
338.7500 10.8893
339.0000 10.7947
339.2500 10.7003
339.5000 10.6062
339.7500 10.5123
340.0000 10.4188
340.2500 10.3255
340.5000 10.2325
340.7500 10.1398
341.0000 10.0474
341.2500 9.9553
341.5000 9.8635
341.7500 9.7719
342.0000 9.6807
342.2500 9.5898
342.5000 9.4993
342.7500 9.4090
343.0000 9.3191
343.2500 9.2295
343.5000 9.1402
343.7500 9.0512
344.0000 8.9626
344.2500 8.8744
344.5000 8.7864
344.7500 8.6989
345.0000 8.6116
345.2500 8.5247
345.5000 8.4382
345.7500 8.3521
346.0000 8.2663
346.2500 8.1809
346.5000 8.0958
346.7500 8.0111
347.0000 7.9268
347.2500 7.8429
347.5000 7.7594
347.7500 7.6762
348.0000 7.5934
348.2500 7.5110
348.5000 7.4291
348.7500 7.3475
349.0000 7.2663
349.2500 7.1855
349.5000 7.1051
349.7500 7.0251
350.0000 6.9455
350.2500 6.8664
350.5000 6.7876
350.7500 6.7093
351.0000 6.6314
351.2500 6.5539
351.5000 6.4768
351.7500 6.4002
352.0000 6.3240
352.2500 6.2482
352.5000 6.1729
352.7500 6.0980
353.0000 6.0235
353.2500 5.9494
353.5000 5.8759
353.7500 5.8027
354.0000 5.7300
354.2500 5.6578
354.5000 5.5859
354.7500 5.5146
355.0000 5.4437
355.2500 5.3732
355.5000 5.3032
355.7500 5.2337
356.0000 5.1646
356.2500 5.0960
356.5000 5.0278
356.7500 4.9601
357.0000 4.8929
357.2500 4.8261
357.5000 4.7598
357.7500 4.6940
358.0000 4.6287
358.2500 4.5638
358.5000 4.4994
358.7500 4.4354
359.0000 4.3720
359.2500 4.3090
359.5000 4.2465
359.7500 4.1844
