0.0000 4.1229
0.5000 4.0012
1.0000 3.8815
1.5000 3.7638
2.0000 3.6479
2.5000 3.5340
3.0000 3.4221
3.5000 3.3121
4.0000 3.2041
4.5000 3.0981
5.0000 2.9940
5.5000 2.8919
6.0000 2.7917
6.5000 2.6936
7.0000 2.5974
7.5000 2.5031
8.0000 2.4109
8.5000 2.3206
9.0000 2.2323
9.5000 2.1459
10.0000 2.0615
10.5000 1.9791
11.0000 1.8986
11.5000 1.8200
12.0000 1.7434
12.5000 1.6688
13.0000 1.5960
13.5000 1.5252
14.0000 1.4562
14.5000 1.3892
15.0000 1.3241
15.5000 1.2608
16.0000 1.1994
16.5000 1.1398
17.0000 1.0821
17.5000 1.0262
18.0000 0.9721
18.5000 0.9198
19.0000 0.8693
19.5000 0.8205
20.0000 0.7735
20.5000 0.7282
21.0000 0.6846
21.5000 0.6427
22.0000 0.6024
22.5000 0.5638
23.0000 0.5268
23.5000 0.4914
24.0000 0.4575
24.5000 0.4252
25.0000 0.3944
25.5000 0.3651
26.0000 0.3372
26.5000 0.3108
27.0000 0.2858
27.5000 0.2621
28.0000 0.2398
28.5000 0.2187
29.0000 0.1989
29.5000 0.1804
30.0000 0.1630
30.5000 0.1469
31.0000 0.1318
31.5000 0.1178
32.0000 0.1049
32.5000 0.0929
33.0000 0.0820
33.5000 0.0719
34.0000 0.0628
34.5000 0.0545
35.0000 0.0469
35.5000 0.0402
36.0000 0.0341
36.5000 0.0287
37.0000 0.0240
37.5000 0.0198
38.0000 0.0162
38.5000 0.0131
39.0000 0.0104
39.5000 0.0081
40.0000 0.0045
40.5000 0.0047
41.0000 0.0035
41.5000 0.0025
42.0000 0.0017
42.5000 0.0011
43.0000 0.0007
43.5000 0.0004
44.0000 0.0002
44.5000 0.0001
45.0000 0.0000
45.5000 0.0000
46.0000 0.0000
46.5000 0.0000
47.0000 0.0000
47.5000 0.0000
48.0000 0.0000
48.5000 0.0000
49.0000 0.0000
49.5000 0.0000
50.0000 0.0000
50.5000 0.0000
51.0000 0.0000
51.5000 0.0000
52.0000 0.0000
52.5000 0.0000
53.0000 0.0000
53.5000 0.0000
54.0000 0.0000
54.5000 0.0000
55.0000 0.0000
55.5000 0.0000
56.0000 0.0000
56.5000 0.0000
57.0000 0.0000
57.5000 0.0000
58.0000 0.0000
58.5000 0.0000
59.0000 0.0000
59.5000 0.0000
60.0000 0.0000
60.5000 0.0000
61.0000 0.0000
61.5000 0.0000
62.0000 0.0000
62.5000 0.0000
63.0000 0.0000
63.5000 0.0000
64.0000 0.0000
64.5000 0.0000
65.0000 0.0000
65.5000 0.0000
66.0000 0.0000
66.5000 0.0000
67.0000 0.0000
67.5000 0.0000
68.0000 0.0000
68.5000 0.0000
69.0000 0.0000
69.5000 0.0000
70.0000 0.0000
70.5000 0.0000
71.0000 0.0000
71.5000 0.0000
72.0000 0.0000
72.5000 0.0000
73.0000 0.0000
73.5000 0.0000
74.0000 0.0000
74.5000 0.0000
75.0000 0.0000
75.5000 0.0000
76.0000 0.0000
76.5000 0.0000
77.0000 0.0000
77.5000 0.0000
78.0000 0.0000
78.5000 0.0000
79.0000 0.0000
79.5000 0.0000
80.0000 0.0000
80.5000 0.0000
81.0000 0.0000
81.5000 0.0000
82.0000 0.0000
82.5000 0.0000
83.0000 0.0000
83.5000 0.0000
84.0000 0.0000
84.5000 0.0000
85.0000 0.0000
85.5000 0.0000
86.0000 0.0000
86.5000 0.0000
87.0000 0.0000
87.5000 0.0000
88.0000 0.0000
88.5000 0.0000
89.0000 0.0000
89.5000 0.0000
90.0000 0.0000
90.5000 0.0000
91.0000 0.0000
91.5000 0.0000
92.0000 0.0000
92.5000 0.0000
93.0000 0.0000
93.5000 0.0000
94.0000 0.0000
94.5000 0.0000
95.0000 0.0000
95.5000 0.0000
96.0000 0.0000
96.5000 0.0000
97.0000 0.0000
97.5000 0.0000
98.0000 0.0000
98.5000 0.0000
99.0000 0.0000
99.5000 0.0000
100.0000 0.0000
100.5000 0.0000
101.0000 0.0000
101.5000 0.0000
102.0000 0.0000
102.5000 0.0000
103.0000 0.0000
103.5000 0.0000
104.0000 0.0000
104.5000 0.0000
105.0000 0.0000
105.5000 0.0000
106.0000 0.0000
106.5000 0.0000
107.0000 0.0000
107.5000 0.0000
108.0000 0.0000
108.5000 0.0000
109.0000 0.0000
109.5000 0.0000
110.0000 0.0000
110.5000 0.0000
111.0000 0.0000
111.5000 0.0000
112.0000 0.0000
112.5000 0.0000
113.0000 0.0000
113.5000 0.0000
114.0000 0.0000
114.5000 0.0000
115.0000 0.0000
115.5000 0.0000
116.0000 0.0000
116.5000 0.0000
117.0000 0.0000
117.5000 0.0000
118.0000 0.0000
118.5000 0.0000
119.0000 0.0000
119.5000 0.0000
120.0000 0.0000
120.5000 0.0000
121.0000 0.0000
121.5000 0.0000
122.0000 0.0000
122.5000 0.0000
123.0000 0.0000
123.5000 0.0000
124.0000 0.0000
124.5000 0.0000
125.0000 0.0000
125.5000 0.0000
126.0000 0.0000
126.5000 0.0000
127.0000 0.0000
127.5000 0.0000
128.0000 0.0000
128.5000 0.0000
129.0000 0.0000
129.5000 0.0000
130.0000 0.0000
130.5000 0.0000
131.0000 0.0000
131.5000 0.0000
132.0000 0.0000
132.5000 0.0000
133.0000 0.0000
133.5000 0.0000
134.0000 0.0000
134.5000 0.0000
135.0000 0.0000
135.5000 0.0000
136.0000 0.0000
136.5000 0.0000
137.0000 0.0000
137.5000 0.0000
138.0000 0.0000
138.5000 0.0000
139.0000 0.0000
139.5000 0.0001
140.0000 0.0002
140.5000 0.0004
141.0000 0.0007
141.5000 0.0011
142.0000 0.0017
142.5000 0.0025
143.0000 0.0035
143.5000 0.0047
144.0000 0.0063
144.5000 0.0082
145.0000 0.0104
145.5000 0.0131
146.0000 0.0162
146.5000 0.0199
147.0000 0.0241
147.5000 0.0288
148.0000 0.0343
148.5000 0.0404
149.0000 0.0472
149.5000 0.0548
150.0000 0.0632
150.5000 0.0724
151.0000 0.0826
151.5000 0.0937
152.0000 0.1058
152.5000 0.1189
153.0000 0.1331
153.5000 0.1484
154.0000 0.1649
154.5000 0.1826
155.0000 0.2015
155.5000 0.2218
156.0000 0.2433
156.5000 0.2662
157.0000 0.2905
157.5000 0.3162
158.0000 0.3435
158.5000 0.3722
159.0000 0.4024
159.5000 0.4343
160.0000 0.4677
160.5000 0.5029
161.0000 0.5396
161.5000 0.5781
162.0000 0.6184
162.5000 0.6604
163.0000 0.7042
163.5000 0.7499
164.0000 0.7974
164.5000 0.8468
165.0000 0.8981
165.5000 0.9513
166.0000 1.0065
166.5000 1.0637
167.0000 1.1229
167.5000 1.1841
168.0000 1.2474
168.5000 1.3128
169.0000 1.3802
169.5000 1.4498
170.0000 1.5215
170.5000 1.5953
171.0000 1.6713
171.5000 1.7495
172.0000 1.8299
172.5000 1.9125
173.0000 1.9973
173.5000 2.0844
174.0000 2.1736
174.5000 2.2652
175.0000 2.3590
175.5000 2.4551
176.0000 2.5535
176.5000 2.6542
177.0000 2.7572
177.5000 2.8625
178.0000 2.9701
178.5000 3.0800
179.0000 3.1922
179.5000 3.3067
180.0000 3.4236
180.5000 3.5428
181.0000 3.6642
181.5000 3.7880
182.0000 3.9142
182.5000 4.0426
183.0000 4.1733
183.5000 4.3063
184.0000 4.4416
184.5000 4.5791
185.0000 4.7189
185.5000 4.8610
186.0000 5.0053
186.5000 5.1518
187.0000 5.3006
187.5000 5.4515
188.0000 5.6046
188.5000 5.7599
189.0000 5.9173
189.5000 6.0769
190.0000 6.2385
190.5000 6.4020
191.0000 6.5716
191.5000 6.7357
192.0000 6.9055
192.5000 7.0772
193.0000 7.2509
193.5000 7.4265
194.0000 7.6039
194.5000 7.7832
195.0000 7.9643
195.5000 8.1471
196.0000 8.3299
196.5000 8.5180
197.0000 8.7060
197.5000 8.8955
198.0000 9.0867
198.5000 9.2793
199.0000 9.4735
199.5000 9.6691
200.0000 9.8661
200.5000 10.0645
201.0000 10.2641
201.5000 10.4651
202.0000 10.6672
202.5000 10.8705
203.0000 11.0749
203.5000 11.2804
204.0000 11.4869
204.5000 11.6943
205.0000 11.9026
205.5000 12.1118
206.0000 12.3218
206.5000 12.5325
207.0000 12.7439
207.5000 12.9560
208.0000 13.1686
208.5000 13.3818
209.0000 13.5954
209.5000 13.8094
210.0000 14.0238
210.5000 14.2384
211.0000 14.4534
211.5000 14.6685
212.0000 14.8837
212.5000 15.0990
213.0000 15.3144
213.5000 15.5297
214.0000 15.7449
214.5000 15.9599
215.0000 16.1748
215.5000 16.3894
216.0000 16.6037
216.5000 16.8177
217.0000 17.0312
217.5000 17.2443
218.0000 17.4568
218.5000 17.6688
219.0000 17.8801
219.5000 18.0908
220.0000 18.3008
220.5000 18.5100
221.0000 18.7184
221.5000 18.9259
222.0000 19.1326
222.5000 19.3383
223.0000 19.5429
223.5000 19.7465
224.0000 19.9491
224.5000 20.1505
225.0000 20.3507
225.5000 20.5498
226.0000 20.7475
226.5000 20.9440
227.0000 21.1391
227.5000 21.3329
228.0000 21.5252
228.5000 21.7161
229.0000 21.9055
229.5000 22.0934
230.0000 22.2798
230.5000 22.4645
231.0000 22.6477
231.5000 22.8291
232.0000 23.0089
232.5000 23.1870
233.0000 23.3633
233.5000 23.5379
234.0000 23.7106
234.5000 23.8816
235.0000 24.0506
235.5000 24.2178
236.0000 24.3830
236.5000 24.5464
237.0000 24.7077
237.5000 24.8671
238.0000 25.0245
238.5000 25.1798
239.0000 25.3331
239.5000 25.4843
240.0000 25.6334
240.5000 25.7803
241.0000 25.9252
241.5000 26.0679
242.0000 26.2084
242.5000 26.3467
243.0000 26.4828
243.5000 26.6166
244.0000 26.7482
244.5000 26.8815
245.0000 27.0047
245.5000 27.1295
246.0000 27.2519
246.5000 27.3721
247.0000 27.4899
247.5000 27.6053
248.0000 27.7184
248.5000 27.8291
249.0000 27.9375
249.5000 28.0434
250.0000 28.1469
250.5000 28.2479
251.0000 28.3466
251.5000 28.4428
252.0000 28.5365
252.5000 28.6278
253.0000 28.7162
253.5000 28.8029
254.0000 28.8867
254.5000 28.9680
255.0000 29.0468
255.5000 29.1231
256.0000 29.1968
256.5000 29.2680
257.0000 29.3367
257.5000 29.4028
258.0000 29.4663
258.5000 29.5273
259.0000 29.5857
259.5000 29.6416
260.0000 29.6949
260.5000 29.7455
261.0000 29.7936
261.5000 29.8391
262.0000 29.8820
262.5000 29.9223
263.0000 29.9599
263.5000 29.9950
264.0000 30.0274
264.5000 30.0572
265.0000 30.0844
265.5000 30.1090
266.0000 30.1309
266.5000 30.1502
267.0000 30.1669
267.5000 30.1809
268.0000 30.1923
268.5000 30.2010
269.0000 30.2071
269.5000 30.2106
270.0000 30.2114
270.5000 30.2096
271.0000 30.2051
271.5000 30.1979
272.0000 30.1882
272.5000 30.1758
273.0000 30.1607
273.5000 30.1430
274.0000 30.1226
274.5000 30.0996
275.0000 30.0740
275.5000 30.0457
276.0000 30.0148
276.5000 29.9813
277.0000 29.9451
277.5000 29.9063
278.0000 29.8649
278.5000 29.8209
279.0000 29.7742
279.5000 29.7249
280.0000 29.6731
280.5000 29.6186
281.0000 29.5615
281.5000 29.5019
282.0000 29.4396
282.5000 29.3748
283.0000 29.3074
283.5000 29.2375
284.0000 29.1650
284.5000 29.0899
285.0000 29.0123
285.5000 28.9322
286.0000 28.8496
286.5000 28.7645
287.0000 28.6768
287.5000 28.5867
288.0000 28.4941
288.5000 28.3991
289.0000 28.3016
289.5000 28.2016
290.0000 28.0993
290.5000 27.9945
291.0000 27.8874
291.5000 27.7778
292.0000 27.6659
292.5000 27.5517
293.0000 27.4351
293.5000 27.3162
294.0000 27.1950
294.5000 27.0716
295.0000 26.9459
295.5000 26.8179
296.0000 26.6878
296.5000 26.5554
297.0000 26.4209
297.5000 26.2842
298.0000 26.1454
298.5000 26.0045
299.0000 25.8616
299.5000 25.7165
300.0000 25.5695
300.5000 25.4204
301.0000 25.2693
301.5000 25.1163
302.0000 24.9614
302.5000 24.8046
303.0000 24.6460
303.5000 24.4855
304.0000 24.3232
304.5000 24.1591
305.0000 23.9933
305.5000 23.8258
306.0000 23.6566
306.5000 23.4858
307.0000 23.3134
307.5000 23.1394
308.0000 22.9639
308.5000 22.7868
309.0000 22.6083
309.5000 22.4283
310.0000 22.2471
310.5000 22.0645
311.0000 21.8805
311.5000 21.6953
312.0000 21.5088
312.5000 21.3211
313.0000 21.1323
313.5000 20.9424
314.0000 20.7514
314.5000 20.5594
315.0000 20.3663
315.5000 20.1724
316.0000 19.9775
316.5000 19.7818
317.0000 19.5852
317.5000 19.3879
318.0000 19.1898
318.5000 18.9911
319.0000 18.7917
319.5000 18.5918
320.0000 18.3912
320.5000 18.1902
321.0000 17.9887
321.5000 17.7868
322.0000 17.5845
322.5000 17.3819
323.0000 17.1790
323.5000 16.9758
324.0000 16.7725
324.5000 16.5690
325.0000 16.3654
325.5000 16.1617
326.0000 15.9581
326.5000 15.7544
327.0000 15.5508
327.5000 15.3473
328.0000 15.1440
328.5000 14.9409
329.0000 14.7380
329.5000 14.5354
330.0000 14.3332
330.5000 14.1313
331.0000 13.9298
331.5000 13.7288
332.0000 13.5282
332.5000 13.3282
333.0000 13.1288
333.5000 12.9300
334.0000 12.7318
334.5000 12.5344
335.0000 12.3377
335.5000 12.1417
336.0000 11.9466
336.5000 11.7523
337.0000 11.5588
337.5000 11.3663
338.0000 11.1748
338.5000 10.9842
339.0000 10.7947
339.5000 10.6062
340.0000 10.4188
340.5000 10.2325
341.0000 10.0474
341.5000 9.8635
342.0000 9.6807
342.5000 9.4993
343.0000 9.3191
343.5000 9.1402
344.0000 8.9626
344.5000 8.7864
345.0000 8.6116
345.5000 8.4382
346.0000 8.2663
346.5000 8.0958
347.0000 7.9268
347.5000 7.7594
348.0000 7.5934
348.5000 7.4291
349.0000 7.2663
349.5000 7.1051
350.0000 6.9455
350.5000 6.7876
351.0000 6.6314
351.5000 6.4768
352.0000 6.3240
352.5000 6.1729
353.0000 6.0235
353.5000 5.8759
354.0000 5.7300
354.5000 5.5859
355.0000 5.4437
355.5000 5.3032
356.0000 5.1646
356.5000 5.0278
357.0000 4.8929
357.5000 4.7598
358.0000 4.6287
358.5000 4.4994
359.0000 4.3720
359.5000 4.2465
