0.0000 86.1856
0.2500 86.2930
0.5000 86.4005
0.7500 86.5080
1.0000 86.6155
1.2500 86.7230
1.5000 86.8305
1.7500 86.9380
2.0000 87.0455
2.2500 87.1530
2.5000 87.2604
2.7500 87.3678
3.0000 87.4752
3.2500 87.5825
3.5000 87.6879
3.7500 87.7969
4.0000 87.9040
4.2500 88.0110
4.5000 88.1180
4.7500 88.2248
5.0000 88.3316
5.2500 88.4382
5.5000 88.5448
5.7500 88.6512
6.0000 88.7575
6.2500 88.8636
6.5000 88.9697
6.7500 89.0755
7.0000 89.1812
7.2500 89.2868
7.5000 89.3922
7.7500 89.4974
8.0000 89.6024
8.2500 89.7073
8.5000 89.8119
8.7500 89.9163
9.0000 90.0206
9.2500 90.1246
9.5000 90.2284
9.7500 90.3319
10.0000 90.4352
10.2500 90.5383
10.5000 90.6411
10.7500 90.7437
11.0000 90.8460
11.2500 90.9480
11.5000 91.0498
11.7500 91.1512
12.0000 91.2524
12.2500 91.3533
12.5000 91.4538
12.7500 91.5541
13.0000 91.6540
13.2500 91.7536
13.5000 91.8529
13.7500 91.9518
14.0000 92.0504
14.2500 92.1487
14.5000 92.2465
14.7500 92.3440
15.0000 92.4412
15.2500 92.5380
15.5000 92.6343
15.7500 92.7303
16.0000 92.8259
16.2500 92.9211
16.5000 93.0159
16.7500 93.1102
17.0000 93.2042
17.2500 93.2977
17.5000 93.3908
17.7500 93.4834
18.0000 93.5756
18.2500 93.6674
18.5000 93.7587
18.7500 93.8495
19.0000 93.9399
19.2500 94.0297
19.5000 94.1192
19.7500 94.2081
20.0000 94.2965
20.2500 94.3844
20.5000 94.4718
20.7500 94.5588
21.0000 94.6452
21.2500 94.7311
21.5000 94.8165
21.7500 94.9013
22.0000 94.9856
22.2500 95.0694
22.5000 95.1526
22.7500 95.2353
23.0000 95.3174
23.2500 95.3990
23.5000 95.4800
23.7500 95.5604
24.0000 95.6403
24.2500 95.7196
24.5000 95.7983
24.7500 95.8765
25.0000 95.9540
25.2500 96.0310
25.5000 96.1073
25.7500 96.1831
26.0000 96.2583
26.2500 96.3328
26.5000 96.4068
26.7500 96.4801
27.0000 96.5528
27.2500 96.6249
27.5000 96.6963
27.7500 96.7672
28.0000 96.8374
28.2500 96.9070
28.5000 96.9759
28.7500 97.0442
29.0000 97.1119
29.2500 97.1789
29.5000 97.2452
29.7500 97.3110
30.0000 97.3760
30.2500 97.4404
30.5000 97.5042
30.7500 97.5673
31.0000 97.6297
31.2500 97.6915
31.5000 97.7526
31.7500 97.8131
32.0000 97.8728
32.2500 97.9319
32.5000 97.9904
32.7500 98.0481
33.0000 98.1052
33.2500 98.1617
33.5000 98.2174
33.7500 98.2725
34.0000 98.3269
34.2500 98.3806
34.5000 98.4337
34.7500 98.4860
35.0000 98.5377
35.2500 98.5888
35.5000 98.6391
35.7500 98.6888
36.0000 98.7378
36.2500 98.7861
36.5000 98.8337
36.7500 98.8807
37.0000 98.9270
37.2500 98.9726
37.5000 99.0176
37.7500 99.0619
38.0000 99.1055
38.2500 99.1484
38.5000 99.1907
38.7500 99.2323
39.0000 99.2733
39.2500 99.3136
39.5000 99.3532
39.7500 99.3922
40.0000 99.4306
40.2500 99.4682
40.5000 99.5053
40.7500 99.5417
41.0000 99.5774
41.2500 99.6125
41.5000 99.6470
41.7500 99.6808
42.0000 99.7140
42.2500 99.7466
42.5000 99.7785
42.7500 99.8098
43.0000 99.8406
43.2500 99.8707
43.5000 99.9001
43.7500 99.9290
44.0000 99.9573
44.2500 99.9850
44.5000 100.0121
44.7500 100.0386
45.0000 100.0645
45.2500 100.0899
45.5000 100.1147
45.7500 100.1389
46.0000 100.1625
46.2500 100.1856
46.5000 100.2082
46.7500 100.2301
47.0000 100.2516
47.2500 100.2725
47.5000 100.2929
47.7500 100.3127
48.0000 100.3321
48.2500 100.3509
48.5000 100.3692
48.7500 100.3870
49.0000 100.4044
49.2500 100.4212
49.5000 100.4376
49.7500 100.4535
50.0000 100.4689
50.2500 100.4838
50.5000 100.4983
50.7500 100.5124
51.0000 100.5260
51.2500 100.5392
51.5000 100.5519
51.7500 100.5642
52.0000 100.5762
52.2500 100.5877
52.5000 100.5988
52.7500 100.6095
53.0000 100.6198
53.2500 100.6298
53.5000 100.6394
53.7500 100.6486
54.0000 100.6574
54.2500 100.6660
54.5000 100.6741
54.7500 100.6820
55.0000 100.6895
55.2500 100.6967
55.5000 100.7036
55.7500 100.7102
56.0000 100.7165
56.2500 100.7225
56.5000 100.7282
56.7500 100.7337
57.0000 100.7389
57.2500 100.7438
57.5000 100.7485
57.7500 100.7529
58.0000 100.7571
58.2500 100.7611
58.5000 100.7648
58.7500 100.7684
59.0000 100.7717
59.2500 100.7749
59.5000 100.7778
59.7500 100.7805
60.0000 100.7831
60.2500 100.7855
60.5000 100.7878
60.7500 100.7899
61.0000 100.7918
61.2500 100.7936
61.5000 100.7953
61.7500 100.7968
62.0000 100.7982
62.2500 100.7995
62.5000 100.8007
62.7500 100.8018
63.0000 100.8027
63.2500 100.8036
63.5000 100.8044
63.7500 100.8051
64.0000 100.8057
64.2500 100.8063
64.5000 100.8068
64.7500 100.8072
65.0000 100.8076
65.2500 100.8080
65.5000 100.8082
65.7500 100.8085
66.0000 100.8087
66.2500 100.8088
66.5000 100.8090
66.7500 100.8091
67.0000 100.8092
67.2500 100.8093
67.5000 100.8093
67.7500 100.8094
68.0000 100.8094
68.2500 100.8094
68.5000 100.8094
68.7500 100.8094
69.0000 100.8094
69.2500 100.8094
69.5000 100.8094
69.7500 100.8094
70.0000 100.8094
70.2500 100.8094
70.5000 100.8094
70.7500 100.8094
71.0000 100.8094
71.2500 100.8094
71.5000 100.8094
71.7500 100.8094
72.0000 100.8094
72.2500 100.8094
72.5000 100.8094
72.7500 100.8094
73.0000 100.8094
73.2500 100.8094
73.5000 100.8094
73.7500 100.8094
74.0000 100.8094
74.2500 100.8094
74.5000 100.8094
74.7500 100.8094
75.0000 100.8094
75.2500 100.8094
75.5000 100.8094
75.7500 100.8094
76.0000 100.8094
76.2500 100.8094
76.5000 100.8094
76.7500 100.8094
77.0000 100.8094
77.2500 100.8094
77.5000 100.8094
77.7500 100.8094
78.0000 100.8094
78.2500 100.8094
78.5000 100.8094
78.7500 100.8094
79.0000 100.8094
79.2500 100.8094
79.5000 100.8094
79.7500 100.8094
80.0000 100.8094
80.2500 100.8094
80.5000 100.8094
80.7500 100.8094
81.0000 100.8094
81.2500 100.8094
81.5000 100.8094
81.7500 100.8094
82.0000 100.8094
82.2500 100.8094
82.5000 100.8094
82.7500 100.8094
83.0000 100.8094
83.2500 100.8094
83.5000 100.8094
83.7500 100.8094
84.0000 100.8094
84.2500 100.8094
84.5000 100.8094
84.7500 100.8094
85.0000 100.8094
85.2500 100.8094
85.5000 100.8094
85.7500 100.8094
86.0000 100.8094
86.2500 100.8094
86.5000 100.8094
86.7500 100.8094
87.0000 100.8094
87.2500 100.8094
87.5000 100.8094
87.7500 100.8094
88.0000 100.8094
88.2500 100.8094
88.5000 100.8094
88.7500 100.8094
89.0000 100.8094
89.2500 100.8094
89.5000 100.8094
89.7500 100.8094
90.0000 100.8094
90.2500 100.8094
90.5000 100.8094
90.7500 100.8094
91.0000 100.8094
91.2500 100.8094
91.5000 100.8094
91.7500 100.8094
92.0000 100.8094
92.2500 100.8094
92.5000 100.8094
92.7500 100.8094
93.0000 100.8094
93.2500 100.8094
93.5000 100.8094
93.7500 100.8094
94.0000 100.8094
94.2500 100.8094
94.5000 100.8094
94.7500 100.8094
95.0000 100.8094
95.2500 100.8094
95.5000 100.8094
95.7500 100.8094
96.0000 100.8094
96.2500 100.8094
96.5000 100.8094
96.7500 100.8094
97.0000 100.8094
97.2500 100.8094
97.5000 100.8094
97.7500 100.8094
98.0000 100.8094
98.2500 100.8094
98.5000 100.8094
98.7500 100.8094
99.0000 100.8094
99.2500 100.8094
99.5000 100.8094
99.7500 100.8094
100.0000 100.8094
100.2500 100.8094
100.5000 100.8094
100.7500 100.8094
101.0000 100.8094
101.2500 100.8094
101.5000 100.8094
101.7500 100.8094
102.0000 100.8094
102.2500 100.8094
102.5000 100.8094
102.7500 100.8094
103.0000 100.8094
103.2500 100.8094
103.5000 100.8094
103.7500 100.8094
104.0000 100.8094
104.2500 100.8094
104.5000 100.8094
104.7500 100.8094
105.0000 100.8094
105.2500 100.8094
105.5000 100.8094
105.7500 100.8094
106.0000 100.8094
106.2500 100.8094
106.5000 100.8094
106.7500 100.8094
107.0000 100.8094
107.2500 100.8094
107.5000 100.8094
107.7500 100.8094
108.0000 100.8094
108.2500 100.8094
108.5000 100.8094
108.7500 100.8094
109.0000 100.8094
109.2500 100.8094
109.5000 100.8094
109.7500 100.8094
110.0000 100.8094
110.2500 100.8094
110.5000 100.8094
110.7500 100.8094
111.0000 100.8094
111.2500 100.8094
111.5000 100.8094
111.7500 100.8094
112.0000 100.8094
112.2500 100.8094
112.5000 100.8094
112.7500 100.8094
113.0000 100.8094
113.2500 100.8094
113.5000 100.8094
113.7500 100.8094
114.0000 100.8094
114.2500 100.8094
114.5000 100.8094
114.7500 100.8094
115.0000 100.8094
115.2500 100.8094
115.5000 100.8094
115.7500 100.8094
116.0000 100.8094
116.2500 100.8094
116.5000 100.8094
116.7500 100.8094
117.0000 100.8094
117.2500 100.8094
117.5000 100.8094
117.7500 100.8094
118.0000 100.8094
118.2500 100.8094
118.5000 100.8094
118.7500 100.8094
119.0000 100.8094
119.2500 100.8094
119.5000 100.8094
119.7500 100.8094
120.0000 100.8094
120.2500 100.8094
120.5000 100.8094
120.7500 100.8094
121.0000 100.8094
121.2500 100.8094
121.5000 100.8094
121.7500 100.8094
122.0000 100.8094
122.2500 100.8094
122.5000 100.8094
122.7500 100.8094
123.0000 100.8094
123.2500 100.8094
123.5000 100.8094
123.7500 100.8094
124.0000 100.8094
124.2500 100.8094
124.5000 100.8094
124.7500 100.8094
125.0000 100.8094
125.2500 100.8094
125.5000 100.8094
125.7500 100.8094
126.0000 100.8094
126.2500 100.8094
126.5000 100.8094
126.7500 100.8094
127.0000 100.8094
127.2500 100.8094
127.5000 100.8094
127.7500 100.8094
128.0000 100.8094
128.2500 100.8094
128.5000 100.8094
128.7500 100.8094
129.0000 100.8094
129.2500 100.8094
129.5000 100.8094
129.7500 100.8094
130.0000 100.8094
130.2500 100.8094
130.5000 100.8094
130.7500 100.8094
131.0000 100.8094
131.2500 100.8094
131.5000 100.8094
131.7500 100.8094
132.0000 100.8094
132.2500 100.8094
132.5000 100.8094
132.7500 100.8094
133.0000 100.8094
133.2500 100.8094
133.5000 100.8094
133.7500 100.8094
134.0000 100.8094
134.2500 100.8094
134.5000 100.8094
134.7500 100.8094
135.0000 100.8094
135.2500 100.8094
135.5000 100.8094
135.7500 100.8094
136.0000 100.8094
136.2500 100.8094
136.5000 100.8094
136.7500 100.8094
137.0000 100.8094
137.2500 100.8094
137.5000 100.8094
137.7500 100.8094
138.0000 100.8094
138.2500 100.8094
138.5000 100.8094
138.7500 100.8094
139.0000 100.8094
139.2500 100.8094
139.5000 100.8094
139.7500 100.8094
140.0000 100.8094
140.2500 100.8094
140.5000 100.8094
140.7500 100.8094
141.0000 100.8094
141.2500 100.8094
141.5000 100.8094
141.7500 100.8094
142.0000 100.8094
142.2500 100.8094
142.5000 100.8094
142.7500 100.8094
143.0000 100.8094
143.2500 100.8094
143.5000 100.8094
143.7500 100.8094
144.0000 100.8094
144.2500 100.8094
144.5000 100.8094
144.7500 100.8094
145.0000 100.8094
145.2500 100.8094
145.5000 100.8094
145.7500 100.8094
146.0000 100.8094
146.2500 100.8094
146.5000 100.8094
146.7500 100.8094
147.0000 100.8094
147.2500 100.8094
147.5000 100.8094
147.7500 100.8094
148.0000 100.8094
148.2500 100.8094
148.5000 100.8094
148.7500 100.8094
149.0000 100.8094
149.2500 100.8094
149.5000 100.8094
149.7500 100.8094
150.0000 100.8094
150.2500 100.8094
150.5000 100.8094
150.7500 100.8094
151.0000 100.8094
151.2500 100.8094
151.5000 100.8094
151.7500 100.8094
152.0000 100.8094
152.2500 100.8094
152.5000 100.8094
152.7500 100.8094
153.0000 100.8094
153.2500 100.8094
153.5000 100.8094
153.7500 100.8094
154.0000 100.8094
154.2500 100.8094
154.5000 100.8094
154.7500 100.8094
155.0000 100.8094
155.2500 100.8094
155.5000 100.8094
155.7500 100.8094
156.0000 100.8094
156.2500 100.8094
156.5000 100.8094
156.7500 100.8094
157.0000 100.8094
157.2500 100.8094
157.5000 100.8094
157.7500 100.8094
158.0000 100.8094
158.2500 100.8094
158.5000 100.8094
158.7500 100.8094
159.0000 100.8094
159.2500 100.8094
159.5000 100.8094
159.7500 100.8094
160.0000 100.8094
160.2500 100.8094
160.5000 100.8094
160.7500 100.8094
161.0000 100.8094
161.2500 100.8094
161.5000 100.8094
161.7500 100.8094
162.0000 100.8094
162.2500 100.8094
162.5000 100.8093
162.7500 100.8093
163.0000 100.8092
163.2500 100.8091
163.5000 100.8090
163.7500 100.8088
164.0000 100.8087
164.2500 100.8084
164.5000 100.8082
164.7500 100.8079
165.0000 100.8076
165.2500 100.8072
165.5000 100.8067
165.7500 100.8062
166.0000 100.8056
166.2500 100.8050
166.5000 100.8043
166.7500 100.8035
167.0000 100.8026
167.2500 100.8016
167.5000 100.8005
167.7500 100.7993
168.0000 100.7980
168.2500 100.7966
168.5000 100.7950
168.7500 100.7933
169.0000 100.7915
169.2500 100.7895
169.5000 100.7874
169.7500 100.7852
170.0000 100.7827
170.2500 100.7801
170.5000 100.7773
170.7500 100.7743
171.0000 100.7718
171.2500 100.7678
171.5000 100.7642
171.7500 100.7604
172.0000 100.7564
172.2500 100.7522
172.5000 100.7477
172.7500 100.7430
173.0000 100.7380
173.2500 100.7328
173.5000 100.7273
173.7500 100.7215
174.0000 100.7154
174.2500 100.7091
174.5000 100.7024
174.7500 100.6955
175.0000 100.6882
175.2500 100.6806
175.5000 100.6727
175.7500 100.6645
176.0000 100.6559
176.2500 100.6469
176.5000 100.6376
176.7500 100.6280
177.0000 100.6179
177.2500 100.6075
177.5000 100.5967
177.7500 100.5855
178.0000 100.5739
178.2500 100.5619
178.5000 100.5495
178.7500 100.5367
179.0000 100.5234
179.2500 100.5097
179.5000 100.4955
179.7500 100.4809
180.0000 100.4658
180.2500 100.4503
180.5000 100.4343
180.7500 100.4178
181.0000 100.4009
181.2500 100.3834
181.5000 100.3654
181.7500 100.3470
182.0000 100.3280
182.2500 100.3085
182.5000 100.2885
182.7500 100.2680
183.0000 100.2469
183.2500 100.2253
183.5000 100.2031
183.7500 100.1804
184.0000 100.1572
184.2500 100.1333
184.5000 100.1089
184.7500 100.0840
185.0000 100.0584
185.2500 100.0323
185.5000 100.0056
185.7500 99.9783
186.0000 99.9504
186.2500 99.9219
186.5000 99.8928
186.7500 99.8631
187.0000 99.8328
187.2500 99.8018
187.5000 99.7703
187.7500 99.7381
188.0000 99.7053
188.2500 99.6718
188.5000 99.6377
188.7500 99.6030
189.0000 99.5677
189.2500 99.5317
189.5000 99.4950
189.7500 99.4577
190.0000 99.4198
190.2500 99.3812
190.5000 99.3419
190.7500 99.3020
191.0000 99.2614
191.2500 99.2202
191.5000 99.1783
191.7500 99.1357
192.0000 99.0925
192.2500 99.0486
192.5000 99.0040
192.7500 98.9587
193.0000 98.9128
193.2500 98.8662
193.5000 98.8190
193.7500 98.7711
194.0000 98.7224
194.2500 98.6732
194.5000 98.6232
194.7500 98.5726
195.0000 98.5213
195.2500 98.4693
195.5000 98.4167
195.7500 98.3634
196.0000 98.3094
196.2500 98.2547
196.5000 98.1994
196.7500 98.1434
197.0000 98.0868
197.2500 98.0295
197.5000 97.9715
197.7500 97.9128
198.0000 97.8535
198.2500 97.7936
198.5000 97.7330
198.7500 97.6717
199.0000 97.6097
199.2500 97.5472
199.5000 97.4840
199.7500 97.4201
200.0000 97.3556
200.2500 97.2905
200.5000 97.2247
200.7500 97.1583
201.0000 97.0913
201.2500 97.0236
201.5000 96.9553
201.7500 96.8864
202.0000 96.8169
202.2500 96.7468
202.5000 96.6760
202.7500 96.6047
203.0000 96.5328
203.2500 96.4602
203.5000 96.3871
203.7500 96.3134
204.0000 96.2391
204.2500 96.1643
204.5000 96.0888
204.7500 96.0128
205.0000 95.9363
205.2500 95.8591
205.5000 95.7815
205.7500 95.7032
206.0000 95.6245
206.2500 95.5452
206.5000 95.4635
206.7500 95.3850
207.0000 95.3041
207.2500 95.2227
207.5000 95.1407
207.7500 95.0583
208.0000 94.9754
208.2500 94.8920
208.5000 94.8081
208.7500 94.7237
209.0000 94.6388
209.2500 94.5535
209.5000 94.4677
209.7500 94.3815
210.0000 94.2948
210.2500 94.2076
210.5000 94.1200
210.7500 94.0320
211.0000 93.9435
211.2500 93.8547
211.5000 93.7654
211.7500 93.6757
212.0000 93.5856
212.2500 93.4951
212.5000 93.4042
212.7500 93.3130
213.0000 93.2213
213.2500 93.1293
213.5000 93.0369
213.7500 92.9442
214.0000 92.8511
214.2500 92.7577
214.5000 92.6639
214.7500 92.5698
215.0000 92.4754
215.2500 92.3807
215.5000 92.2857
215.7500 92.1903
216.0000 92.0947
216.2500 91.9988
216.5000 91.9026
216.7500 91.8061
217.0000 91.7093
217.2500 91.6123
217.5000 91.5150
217.7500 91.4175
218.0000 91.3197
218.2500 91.2217
218.5000 91.1235
218.7500 91.0251
219.0000 90.9264
219.2500 90.8275
219.5000 90.7284
219.7500 90.6292
220.0000 90.5297
220.2500 90.4300
220.5000 90.3302
220.7500 90.2302
221.0000 90.1301
221.2500 90.0298
221.5000 89.9293
221.7500 89.8287
222.0000 89.7280
222.2500 89.6271
222.5000 89.5261
222.7500 89.4250
223.0000 89.3237
223.2500 89.2224
223.5000 89.1210
223.7500 89.0195
224.0000 88.9179
224.2500 88.8162
224.5000 88.7144
224.7500 88.6126
225.0000 88.5107
225.2500 88.4087
225.5000 88.3067
225.7500 88.2047
226.0000 88.1026
226.2500 88.0005
226.5000 87.8984
226.7500 87.7963
227.0000 87.6941
227.2500 87.5919
227.5000 87.4897
227.7500 87.3876
228.0000 87.2854
228.2500 87.1833
228.5000 87.0811
228.7500 86.9790
229.0000 86.8770
229.2500 86.7749
229.5000 86.6730
229.7500 86.5710
230.0000 86.4691
230.2500 86.3673
230.5000 86.2656
230.7500 86.1639
231.0000 86.0622
231.2500 85.9607
231.5000 85.8593
231.7500 85.7579
232.0000 85.6566
232.2500 85.5554
232.5000 85.4544
232.7500 85.3534
233.0000 85.2526
233.2500 85.1519
233.5000 85.0513
233.7500 84.9508
234.0000 84.8505
234.2500 84.7503
234.5000 84.6502
234.7500 84.5503
235.0000 84.4506
235.2500 84.3510
235.5000 84.2515
235.7500 84.1523
236.0000 84.0532
236.2500 83.9542
236.5000 83.8555
236.7500 83.7569
237.0000 83.6585
237.2500 83.5603
237.5000 83.4623
237.7500 83.3645
238.0000 83.2669
238.2500 83.1695
238.5000 83.0724
238.7500 82.9754
239.0000 82.8786
239.2500 82.7821
239.5000 82.6858
239.7500 82.5897
240.0000 82.4939
240.2500 82.3983
240.5000 82.3029
240.7500 82.2078
241.0000 82.1129
241.2500 82.0183
241.5000 81.9239
241.7500 81.8298
242.0000 81.7359
242.2500 81.6423
242.5000 81.5490
242.7500 81.4559
243.0000 81.3631
243.2500 81.2706
243.5000 81.1784
243.7500 81.0864
244.0000 80.9948
244.2500 80.9034
244.5000 80.8123
244.7500 80.7215
245.0000 80.6310
245.2500 80.5408
245.5000 80.4509
245.7500 80.3613
246.0000 80.2720
246.2500 80.1830
246.5000 80.0944
246.7500 80.0060
247.0000 79.9180
247.2500 79.8303
247.5000 79.7429
247.7500 79.6558
248.0000 79.5691
248.2500 79.4827
248.5000 79.3966
248.7500 79.3109
249.0000 79.2255
249.2500 79.1404
249.5000 79.0557
249.7500 78.9713
250.0000 78.8872
250.2500 78.8035
250.5000 78.7202
250.7500 78.6372
251.0000 78.5546
251.2500 78.4723
251.5000 78.3904
251.7500 78.3088
252.0000 78.2276
252.2500 78.1468
252.5000 78.0663
252.7500 77.9862
253.0000 77.9065
253.2500 77.8271
253.5000 77.7481
253.7500 77.6695
254.0000 77.5913
254.2500 77.5134
254.5000 77.4360
254.7500 77.3589
255.0000 77.2822
255.2500 77.2058
255.5000 77.1299
255.7500 77.0543
256.0000 76.9791
256.2500 76.9044
256.5000 76.8300
256.7500 76.7560
257.0000 76.6824
257.2500 76.6092
257.5000 76.5364
257.7500 76.4640
258.0000 76.3920
258.2500 76.3204
258.5000 76.2491
258.7500 76.1783
259.0000 76.1080
259.2500 76.0380
259.5000 75.9684
259.7500 75.8992
260.0000 75.8304
260.2500 75.7621
260.5000 75.6942
260.7500 75.6266
261.0000 75.5595
261.2500 75.4928
261.5000 75.4266
261.7500 75.3607
262.0000 75.2953
262.2500 75.2302
262.5000 75.1656
262.7500 75.1015
263.0000 75.0377
263.2500 74.9744
263.5000 74.9115
263.7500 74.8490
264.0000 74.7870
264.2500 74.7253
264.5000 74.6641
264.7500 74.6034
265.0000 74.5430
265.2500 74.4831
265.5000 74.4237
265.7500 74.3646
266.0000 74.3060
266.2500 74.2478
266.5000 74.1901
266.7500 74.1328
267.0000 74.0757
267.2500 74.0195
267.5000 73.9636
267.7500 73.9080
268.0000 73.8529
268.2500 73.7982
268.5000 73.7440
268.7500 73.6902
269.0000 73.6369
269.2500 73.5840
269.5000 73.5315
269.7500 73.4795
270.0000 73.4280
270.2500 73.3769
270.5000 73.3262
270.7500 73.2760
271.0000 73.2262
271.2500 73.1769
271.5000 73.1280
271.7500 73.0796
272.0000 73.0316
272.2500 72.9841
272.5000 72.9370
272.7500 72.8904
273.0000 72.8443
273.2500 72.7986
273.5000 72.7533
273.7500 72.7085
274.0000 72.6642
274.2500 72.6203
274.5000 72.5768
274.7500 72.5339
275.0000 72.4913
275.2500 72.4493
275.5000 72.4077
275.7500 72.3666
276.0000 72.3286
276.2500 72.2857
276.5000 72.2459
276.7500 72.2066
277.0000 72.1677
277.2500 72.1294
277.5000 72.0915
277.7500 72.0540
278.0000 72.0170
278.2500 71.9805
278.5000 71.9445
278.7500 71.9089
279.0000 71.8737
279.2500 71.8391
279.5000 71.8049
279.7500 71.7712
280.0000 71.7379
280.2500 71.7051
280.5000 71.6728
280.7500 71.6409
281.0000 71.6095
281.2500 71.5786
281.5000 71.5482
281.7500 71.5182
282.0000 71.4887
282.2500 71.4597
282.5000 71.4311
282.7500 71.4030
283.0000 71.3754
283.2500 71.3483
283.5000 71.3216
283.7500 71.2954
284.0000 71.2697
284.2500 71.2445
284.5000 71.2197
284.7500 71.1954
285.0000 71.1716
285.2500 71.1483
285.5000 71.1254
285.7500 71.1030
286.0000 71.0811
286.2500 71.0597
286.5000 71.0388
286.7500 71.0183
287.0000 70.9983
287.2500 70.9788
287.5000 70.9598
287.7500 70.9413
288.0000 70.9232
288.2500 70.9056
288.5000 70.8885
288.7500 70.8719
289.0000 70.8558
289.2500 70.8402
289.5000 70.8250
289.7500 70.8103
290.0000 70.7962
290.2500 70.7825
290.5000 70.7693
290.7500 70.7565
291.0000 70.7443
291.2500 70.7325
291.5000 70.7213
291.7500 70.7105
292.0000 70.7002
292.2500 70.6904
292.5000 70.6811
292.7500 70.6723
293.0000 70.6640
293.2500 70.6562
293.5000 70.6488
293.7500 70.6420
294.0000 70.6356
294.2500 70.6298
294.5000 70.6244
294.7500 70.6195
295.0000 70.6151
295.2500 70.6113
295.5000 70.6079
295.7500 70.6050
296.0000 70.6026
296.2500 70.6007
296.5000 70.5993
296.7500 70.5984
297.0000 70.5980
297.2500 70.5981
297.5000 70.5987
297.7500 70.5998
298.0000 70.6014
298.2500 70.6035
298.5000 70.6061
298.7500 70.6092
299.0000 70.6128
299.2500 70.6169
299.5000 70.6215
299.7500 70.6266
300.0000 70.6322
300.2500 70.6384
300.5000 70.6450
300.7500 70.6521
301.0000 70.6598
301.2500 70.6679
301.5000 70.6766
301.7500 70.6857
302.0000 70.6954
302.2500 70.7056
302.5000 70.7162
302.7500 70.7274
303.0000 70.7391
303.2500 70.7514
303.5000 70.7641
303.7500 70.7773
304.0000 70.7911
304.2500 70.8053
304.5000 70.8201
304.7500 70.8354
305.0000 70.8512
305.2500 70.8675
305.5000 70.8843
305.7500 70.9076
306.0000 70.9195
306.2500 70.9379
306.5000 70.9568
306.7500 70.9762
307.0000 70.9961
307.2500 71.0165
307.5000 71.0375
307.7500 71.0589
308.0000 71.0809
308.2500 71.1034
308.5000 71.1265
308.7500 71.1500
309.0000 71.1741
309.2500 71.1987
309.5000 71.2238
309.7500 71.2494
310.0000 71.2756
310.2500 71.3023
310.5000 71.3294
310.7500 71.3572
311.0000 71.3854
311.2500 71.4142
311.5000 71.4435
311.7500 71.4733
312.0000 71.5036
312.2500 71.5345
312.5000 71.5659
312.7500 71.5978
313.0000 71.6302
313.2500 71.6632
313.5000 71.6966
313.7500 71.7307
314.0000 71.7652
314.2500 71.8003
314.5000 71.8359
314.7500 71.8720
315.0000 71.9086
315.2500 71.9458
315.5000 71.9835
315.7500 72.0217
316.0000 72.0605
316.2500 72.0998
316.5000 72.1396
316.7500 72.1800
317.0000 72.2208
317.2500 72.2622
317.5000 72.3042
317.7500 72.3466
318.0000 72.3896
318.2500 72.4331
318.5000 72.4771
318.7500 72.5217
319.0000 72.5668
319.2500 72.6124
319.5000 72.6586
319.7500 72.7053
320.0000 72.7525
320.2500 72.8003
320.5000 72.8485
320.7500 72.8973
321.0000 72.9467
321.2500 72.9965
321.5000 73.0469
321.7500 73.0978
322.0000 73.1492
322.2500 73.2012
322.5000 73.2537
322.7500 73.3067
323.0000 73.3602
323.2500 73.4143
323.5000 73.4689
323.7500 73.5240
324.0000 73.5797
324.2500 73.6358
324.5000 73.6925
324.7500 73.7497
325.0000 73.8075
325.2500 73.8657
325.5000 73.9245
325.7500 73.9838
326.0000 74.0436
326.2500 74.1040
326.5000 74.1648
326.7500 74.2262
327.0000 74.2881
327.2500 74.3505
327.5000 74.4134
327.7500 74.4769
328.0000 74.5409
328.2500 74.6053
328.5000 74.6703
328.7500 74.7358
329.0000 74.8018
329.2500 74.8683
329.5000 74.9353
329.7500 75.0029
330.0000 75.0709
330.2500 75.1394
330.5000 75.2085
330.7500 75.2781
331.0000 75.3481
331.2500 75.4186
331.5000 75.4897
331.7500 75.5612
332.0000 75.6333
332.2500 75.7058
332.5000 75.7789
332.7500 75.8524
333.0000 75.9264
333.2500 76.0009
333.5000 76.0759
333.7500 76.1514
334.0000 76.2273
334.2500 76.3038
334.5000 76.3807
334.7500 76.4581
335.0000 76.5359
335.2500 76.6143
335.5000 76.6931
335.7500 76.7724
336.0000 76.8522
336.2500 76.9324
336.5000 77.0131
336.7500 77.0942
337.0000 77.1758
337.2500 77.2579
337.5000 77.3404
337.7500 77.4234
338.0000 77.5068
338.2500 77.5907
338.5000 77.6750
338.7500 77.7598
339.0000 77.8450
339.2500 77.9306
339.5000 78.0167
339.7500 78.1032
340.0000 78.1901
340.2500 78.2774
340.5000 78.3652
340.7500 78.4534
341.0000 78.5420
341.2500 78.6311
341.5000 78.7205
341.7500 78.8103
342.0000 78.9006
342.2500 78.9912
342.5000 79.0823
342.7500 79.1737
343.0000 79.2656
343.2500 79.3578
343.5000 79.4504
343.7500 79.5434
344.0000 79.6367
344.2500 79.7304
344.5000 79.8245
344.7500 79.9190
345.0000 80.0138
345.2500 80.1090
345.5000 80.2045
345.7500 80.3004
346.0000 80.3966
346.2500 80.4932
346.5000 80.5901
346.7500 80.6873
347.0000 80.7849
347.2500 80.8828
347.5000 80.9810
347.7500 81.0795
348.0000 81.1784
348.2500 81.2775
348.5000 81.3769
348.7500 81.4767
349.0000 81.5767
349.2500 81.6770
349.5000 81.7776
349.7500 81.8785
350.0000 81.9796
350.2500 82.0810
350.5000 82.1827
350.7500 82.2846
351.0000 82.3868
351.2500 82.4892
351.5000 82.5919
351.7500 82.6948
352.0000 82.7979
352.2500 82.9013
352.5000 83.0049
352.7500 83.1086
353.0000 83.2126
353.2500 83.3168
353.5000 83.4212
353.7500 83.5258
354.0000 83.6306
354.2500 83.7356
354.5000 83.8407
354.7500 83.9460
355.0000 84.0515
355.2500 84.1571
355.5000 84.2629
355.7500 84.3688
356.0000 84.4748
356.2500 84.5810
356.5000 84.6873
356.7500 84.7938
357.0000 84.9003
357.2500 85.0070
357.5000 85.1138
357.7500 85.2206
358.0000 85.3276
358.2500 85.4346
358.5000 85.5417
358.7500 85.6489
359.0000 85.7561
359.2500 85.8634
359.5000 85.9707
359.7500 86.0781
