0.0000 86.1856
0.5000 86.4005
1.0000 86.6155
1.5000 86.8305
2.0000 87.0455
2.5000 87.2604
3.0000 87.4752
3.5000 87.6879
4.0000 87.9040
4.5000 88.1180
5.0000 88.3316
5.5000 88.5448
6.0000 88.7575
6.5000 88.9697
7.0000 89.1812
7.5000 89.3922
8.0000 89.6024
8.5000 89.8119
9.0000 90.0206
9.5000 90.2284
10.0000 90.4352
10.5000 90.6411
11.0000 90.8460
11.5000 91.0498
12.0000 91.2524
12.5000 91.4538
13.0000 91.6540
13.5000 91.8529
14.0000 92.0504
14.5000 92.2465
15.0000 92.4412
15.5000 92.6343
16.0000 92.8259
16.5000 93.0159
17.0000 93.2042
17.5000 93.3908
18.0000 93.5756
18.5000 93.7587
19.0000 93.9399
19.5000 94.1192
20.0000 94.2965
20.5000 94.4718
21.0000 94.6452
21.5000 94.8165
22.0000 94.9856
22.5000 95.1526
23.0000 95.3174
23.5000 95.4800
24.0000 95.6403
24.5000 95.7983
25.0000 95.9540
25.5000 96.1073
26.0000 96.2583
26.5000 96.4068
27.0000 96.5528
27.5000 96.6963
28.0000 96.8374
28.5000 96.9759
29.0000 97.1119
29.5000 97.2452
30.0000 97.3760
30.5000 97.5042
31.0000 97.6297
31.5000 97.7526
32.0000 97.8728
32.5000 97.9904
33.0000 98.1052
33.5000 98.2174
34.0000 98.3269
34.5000 98.4337
35.0000 98.5377
35.5000 98.6391
36.0000 98.7378
36.5000 98.8337
37.0000 98.9270
37.5000 99.0176
38.0000 99.1055
38.5000 99.1907
39.0000 99.2733
39.5000 99.3532
40.0000 99.4306
40.5000 99.5053
41.0000 99.5774
41.5000 99.6470
42.0000 99.7140
42.5000 99.7785
43.0000 99.8406
43.5000 99.9001
44.0000 99.9573
44.5000 100.0121
45.0000 100.0645
45.5000 100.1147
46.0000 100.1625
46.5000 100.2082
47.0000 100.2516
47.5000 100.2929
48.0000 100.3321
48.5000 100.3692
49.0000 100.4044
49.5000 100.4376
50.0000 100.4689
50.5000 100.4983
51.0000 100.5260
51.5000 100.5519
52.0000 100.5762
52.5000 100.5988
53.0000 100.6198
53.5000 100.6394
54.0000 100.6574
54.5000 100.6741
55.0000 100.6895
55.5000 100.7036
56.0000 100.7165
56.5000 100.7282
57.0000 100.7389
57.5000 100.7485
58.0000 100.7571
58.5000 100.7648
59.0000 100.7717
59.5000 100.7778
60.0000 100.7831
60.5000 100.7878
61.0000 100.7918
61.5000 100.7953
62.0000 100.7982
62.5000 100.8007
63.0000 100.8027
63.5000 100.8044
64.0000 100.8057
64.5000 100.8068
65.0000 100.8076
65.5000 100.8082
66.0000 100.8087
66.5000 100.8090
67.0000 100.8092
67.5000 100.8093
68.0000 100.8094
68.5000 100.8094
69.0000 100.8094
69.5000 100.8094
70.0000 100.8094
70.5000 100.8094
71.0000 100.8094
71.5000 100.8094
72.0000 100.8094
72.5000 100.8094
73.0000 100.8094
73.5000 100.8094
74.0000 100.8094
74.5000 100.8094
75.0000 100.8094
75.5000 100.8094
76.0000 100.8094
76.5000 100.8094
77.0000 100.8094
77.5000 100.8094
78.0000 100.8094
78.5000 100.8094
79.0000 100.8094
79.5000 100.8094
80.0000 100.8094
80.5000 100.8094
81.0000 100.8094
81.5000 100.8094
82.0000 100.8094
82.5000 100.8094
83.0000 100.8094
83.5000 100.8094
84.0000 100.8094
84.5000 100.8094
85.0000 100.8094
85.5000 100.8094
86.0000 100.8094
86.5000 100.8094
87.0000 100.8094
87.5000 100.8094
88.0000 100.8094
88.5000 100.8094
89.0000 100.8094
89.5000 100.8094
90.0000 100.8094
90.5000 100.8094
91.0000 100.8094
91.5000 100.8094
92.0000 100.8094
92.5000 100.8094
93.0000 100.8094
93.5000 100.8094
94.0000 100.8094
94.5000 100.8094
95.0000 100.8094
95.5000 100.8094
96.0000 100.8094
96.5000 100.8094
97.0000 100.8094
97.5000 100.8094
98.0000 100.8094
98.5000 100.8094
99.0000 100.8094
99.5000 100.8094
100.0000 100.8094
100.5000 100.8094
101.0000 100.8094
101.5000 100.8094
102.0000 100.8094
102.5000 100.8094
103.0000 100.8094
103.5000 100.8094
104.0000 100.8094
104.5000 100.8094
105.0000 100.8094
105.5000 100.8094
106.0000 100.8094
106.5000 100.8094
107.0000 100.8094
107.5000 100.8094
108.0000 100.8094
108.5000 100.8094
109.0000 100.8094
109.5000 100.8094
110.0000 100.8094
110.5000 100.8094
111.0000 100.8094
111.5000 100.8094
112.0000 100.8094
112.5000 100.8094
113.0000 100.8094
113.5000 100.8094
114.0000 100.8094
114.5000 100.8094
115.0000 100.8094
115.5000 100.8094
116.0000 100.8094
116.5000 100.8094
117.0000 100.8094
117.5000 100.8094
118.0000 100.8094
118.5000 100.8094
119.0000 100.8094
119.5000 100.8094
120.0000 100.8094
120.5000 100.8094
121.0000 100.8094
121.5000 100.8094
122.0000 100.8094
122.5000 100.8094
123.0000 100.8094
123.5000 100.8094
124.0000 100.8094
124.5000 100.8094
125.0000 100.8094
125.5000 100.8094
126.0000 100.8094
126.5000 100.8094
127.0000 100.8094
127.5000 100.8094
128.0000 100.8094
128.5000 100.8094
129.0000 100.8094
129.5000 100.8094
130.0000 100.8094
130.5000 100.8094
131.0000 100.8094
131.5000 100.8094
132.0000 100.8094
132.5000 100.8094
133.0000 100.8094
133.5000 100.8094
134.0000 100.8094
134.5000 100.8094
135.0000 100.8094
135.5000 100.8094
136.0000 100.8094
136.5000 100.8094
137.0000 100.8094
137.5000 100.8094
138.0000 100.8094
138.5000 100.8094
139.0000 100.8094
139.5000 100.8094
140.0000 100.8094
140.5000 100.8094
141.0000 100.8094
141.5000 100.8094
142.0000 100.8094
142.5000 100.8094
143.0000 100.8094
143.5000 100.8094
144.0000 100.8094
144.5000 100.8094
145.0000 100.8094
145.5000 100.8094
146.0000 100.8094
146.5000 100.8094
147.0000 100.8094
147.5000 100.8094
148.0000 100.8094
148.5000 100.8094
149.0000 100.8094
149.5000 100.8094
150.0000 100.8094
150.5000 100.8094
151.0000 100.8094
151.5000 100.8094
152.0000 100.8094
152.5000 100.8094
153.0000 100.8094
153.5000 100.8094
154.0000 100.8094
154.5000 100.8094
155.0000 100.8094
155.5000 100.8094
156.0000 100.8094
156.5000 100.8094
157.0000 100.8094
157.5000 100.8094
158.0000 100.8094
158.5000 100.8094
159.0000 100.8094
159.5000 100.8094
160.0000 100.8094
160.5000 100.8094
161.0000 100.8094
161.5000 100.8094
162.0000 100.8094
162.5000 100.8093
163.0000 100.8092
163.5000 100.8090
164.0000 100.8087
164.5000 100.8082
165.0000 100.8076
165.5000 100.8067
166.0000 100.8056
166.5000 100.8043
167.0000 100.8026
167.5000 100.8005
168.0000 100.7980
168.5000 100.7950
169.0000 100.7915
169.5000 100.7874
170.0000 100.7827
170.5000 100.7773
171.0000 100.7718
171.5000 100.7642
172.0000 100.7564
172.5000 100.7477
173.0000 100.7380
173.5000 100.7273
174.0000 100.7154
174.5000 100.7024
175.0000 100.6882
175.5000 100.6727
176.0000 100.6559
176.5000 100.6376
177.0000 100.6179
177.5000 100.5967
178.0000 100.5739
178.5000 100.5495
179.0000 100.5234
179.5000 100.4955
180.0000 100.4658
180.5000 100.4343
181.0000 100.4009
181.5000 100.3654
182.0000 100.3280
182.5000 100.2885
183.0000 100.2469
183.5000 100.2031
184.0000 100.1572
184.5000 100.1089
185.0000 100.0584
185.5000 100.0056
186.0000 99.9504
186.5000 99.8928
187.0000 99.8328
187.5000 99.7703
188.0000 99.7053
188.5000 99.6377
189.0000 99.5677
189.5000 99.4950
190.0000 99.4198
190.5000 99.3419
191.0000 99.2614
191.5000 99.1783
192.0000 99.0925
192.5000 99.0040
193.0000 98.9128
193.5000 98.8190
194.0000 98.7224
194.5000 98.6232
195.0000 98.5213
195.5000 98.4167
196.0000 98.3094
196.5000 98.1994
197.0000 98.0868
197.5000 97.9715
198.0000 97.8535
198.5000 97.7330
199.0000 97.6097
199.5000 97.4840
200.0000 97.3556
200.5000 97.2247
201.0000 97.0913
201.5000 96.9553
202.0000 96.8169
202.5000 96.6760
203.0000 96.5328
203.5000 96.3871
204.0000 96.2391
204.5000 96.0888
205.0000 95.9363
205.5000 95.7815
206.0000 95.6245
206.5000 95.4635
207.0000 95.3041
207.5000 95.1407
208.0000 94.9754
208.5000 94.8081
209.0000 94.6388
209.5000 94.4677
210.0000 94.2948
210.5000 94.1200
211.0000 93.9435
211.5000 93.7654
212.0000 93.5856
212.5000 93.4042
213.0000 93.2213
213.5000 93.0369
214.0000 92.8511
214.5000 92.6639
215.0000 92.4754
215.5000 92.2857
216.0000 92.0947
216.5000 91.9026
217.0000 91.7093
217.5000 91.5150
218.0000 91.3197
218.5000 91.1235
219.0000 90.9264
219.5000 90.7284
220.0000 90.5297
220.5000 90.3302
221.0000 90.1301
221.5000 89.9293
222.0000 89.7280
222.5000 89.5261
223.0000 89.3237
223.5000 89.1210
224.0000 88.9179
224.5000 88.7144
225.0000 88.5107
225.5000 88.3067
226.0000 88.1026
226.5000 87.8984
227.0000 87.6941
227.5000 87.4897
228.0000 87.2854
228.5000 87.0811
229.0000 86.8770
229.5000 86.6730
230.0000 86.4691
230.5000 86.2656
231.0000 86.0622
231.5000 85.8592
232.0000 85.6566
232.5000 85.4544
233.0000 85.2526
233.5000 85.0513
234.0000 84.8505
234.5000 84.6502
235.0000 84.4506
235.5000 84.2515
236.0000 84.0532
236.5000 83.8555
237.0000 83.6585
237.5000 83.4623
238.0000 83.2669
238.5000 83.0724
239.0000 82.8786
239.5000 82.6858
240.0000 82.4939
240.5000 82.3029
241.0000 82.1129
241.5000 81.9239
242.0000 81.7359
242.5000 81.5490
243.0000 81.3631
243.5000 81.1784
244.0000 80.9948
244.5000 80.8123
245.0000 80.6310
245.5000 80.4509
246.0000 80.2720
246.5000 80.0944
247.0000 79.9180
247.5000 79.7429
248.0000 79.5691
248.5000 79.3966
249.0000 79.2255
249.5000 79.0557
250.0000 78.8872
250.5000 78.7202
251.0000 78.5546
251.5000 78.3904
252.0000 78.2276
252.5000 78.0663
253.0000 77.9065
253.5000 77.7481
254.0000 77.5913
254.5000 77.4360
255.0000 77.2822
255.5000 77.1299
256.0000 76.9791
256.5000 76.8300
257.0000 76.6824
257.5000 76.5364
258.0000 76.3920
258.5000 76.2491
259.0000 76.1080
259.5000 75.9684
260.0000 75.8304
260.5000 75.6942
261.0000 75.5595
261.5000 75.4266
262.0000 75.2953
262.5000 75.1656
263.0000 75.0377
263.5000 74.9115
264.0000 74.7870
264.5000 74.6641
265.0000 74.5430
265.5000 74.4237
266.0000 74.3060
266.5000 74.1901
267.0000 74.0757
267.5000 73.9636
268.0000 73.8529
268.5000 73.7440
269.0000 73.6369
269.5000 73.5315
270.0000 73.4280
270.5000 73.3262
271.0000 73.2262
271.5000 73.1280
272.0000 73.0316
272.5000 72.9370
273.0000 72.8443
273.5000 72.7533
274.0000 72.6642
274.5000 72.5768
275.0000 72.4913
275.5000 72.4077
276.0000 72.3286
276.5000 72.2459
277.0000 72.1677
277.5000 72.0915
278.0000 72.0170
278.5000 71.9445
279.0000 71.8737
279.5000 71.8049
280.0000 71.7379
280.5000 71.6728
281.0000 71.6095
281.5000 71.5482
282.0000 71.4887
282.5000 71.4311
283.0000 71.3754
283.5000 71.3216
284.0000 71.2697
284.5000 71.2197
285.0000 71.1716
285.5000 71.1254
286.0000 71.0811
286.5000 71.0388
287.0000 70.9983
287.5000 70.9598
288.0000 70.9232
288.5000 70.8885
289.0000 70.8558
289.5000 70.8250
290.0000 70.7962
290.5000 70.7693
291.0000 70.7443
291.5000 70.7213
292.0000 70.7002
292.5000 70.6811
293.0000 70.6640
293.5000 70.6488
294.0000 70.6356
294.5000 70.6244
295.0000 70.6151
295.5000 70.6079
296.0000 70.6026
296.5000 70.5993
297.0000 70.5980
297.5000 70.5987
298.0000 70.6014
298.5000 70.6061
299.0000 70.6128
299.5000 70.6215
300.0000 70.6322
300.5000 70.6450
301.0000 70.6598
301.5000 70.6766
302.0000 70.6954
302.5000 70.7162
303.0000 70.7391
303.5000 70.7641
304.0000 70.7911
304.5000 70.8201
305.0000 70.8512
305.5000 70.8843
306.0000 70.9195
306.5000 70.9568
307.0000 70.9961
307.5000 71.0375
308.0000 71.0809
308.5000 71.1265
309.0000 71.1741
309.5000 71.2238
310.0000 71.2756
310.5000 71.3294
311.0000 71.3854
311.5000 71.4435
312.0000 71.5036
312.5000 71.5659
313.0000 71.6302
313.5000 71.6966
314.0000 71.7652
314.5000 71.8359
315.0000 71.9086
315.5000 71.9835
316.0000 72.0605
316.5000 72.1396
317.0000 72.2208
317.5000 72.3042
318.0000 72.3896
318.5000 72.4771
319.0000 72.5668
319.5000 72.6586
320.0000 72.7525
320.5000 72.8485
321.0000 72.9467
321.5000 73.0469
322.0000 73.1492
322.5000 73.2537
323.0000 73.3602
323.5000 73.4689
324.0000 73.5797
324.5000 73.6925
325.0000 73.8075
325.5000 73.9245
326.0000 74.0436
326.5000 74.1648
327.0000 74.2881
327.5000 74.4134
328.0000 74.5409
328.5000 74.6703
329.0000 74.8018
329.5000 74.9353
330.0000 75.0709
330.5000 75.2085
331.0000 75.3481
331.5000 75.4897
332.0000 75.6333
332.5000 75.7789
333.0000 75.9264
333.5000 76.0759
334.0000 76.2273
334.5000 76.3807
335.0000 76.5359
335.5000 76.6931
336.0000 76.8522
336.5000 77.0131
337.0000 77.1758
337.5000 77.3404
338.0000 77.5068
338.5000 77.6750
339.0000 77.8450
339.5000 78.0167
340.0000 78.1901
340.5000 78.3652
341.0000 78.5420
341.5000 78.7205
342.0000 78.9006
342.5000 79.0823
343.0000 79.2656
343.5000 79.4504
344.0000 79.6367
344.5000 79.8245
345.0000 80.0138
345.5000 80.2045
346.0000 80.3966
346.5000 80.5901
347.0000 80.7849
347.5000 80.9810
348.0000 81.1784
348.5000 81.3769
349.0000 81.5767
349.5000 81.7776
350.0000 81.9796
350.5000 82.1827
351.0000 82.3868
351.5000 82.5919
352.0000 82.7979
352.5000 83.0049
353.0000 83.2126
353.5000 83.4212
354.0000 83.6306
354.5000 83.8407
355.0000 84.0515
355.5000 84.2629
356.0000 84.4748
356.5000 84.6873
357.0000 84.9003
357.5000 85.1138
358.0000 85.3276
358.5000 85.5417
359.0000 85.7561
359.5000 85.9707
