B,49.1672 #基圆半径
G,0 #测杆滚轮半径

A,0,290,0.5 #角度范围及角度步距
0
0.000339572
0.001371967
0.003117574
0.005596722
0.008829731
0.012836971
0.017638932
0.023256355
0.029710266
0.037021884
0.045212484
0.054303123
0.064314558
0.075267093
0.087180545
0.100074272
0.113967176
0.128877868
0.14482475
0.161826128
0.179900302
0.199065721
0.219341056
0.240745254
0.26329764
0.287017909
0.311926189
0.338043037
0.365389251
0.393985604
0.423852611
0.455010461
0.487478921
0.521277298
0.5564245
0.592938978
0.630838702
0.670141276
0.710864062
0.753024245
0.796638865
0.841724876
0.888299217
0.936378804
0.985980497
1.037120934
1.089816423
1.144082811
1.199935312
1.257388391
1.316455745
1.377150356
1.439484456
1.503469507
1.569116211
1.636434625
1.705434324
1.776124421
1.848513618
1.922610347
1.998422927
2.075959776
2.15522948
2.236240801
2.31900268
2.403524318
2.489815086
2.577885609
2.667746403
2.759408703
2.852884179
2.948184928
3.045323438
3.144312447
3.245164875
3.347893807
3.452512398
3.559033766
3.667470997
3.777837261
3.890145908
4.004410555
4.120645081
4.238863655
4.359080816
4.481311578
4.605571517
4.731876812
4.860244328
4.990691563
5.12323655
5.257897604
5.394693063
5.533641095
5.67475959
5.818066079
5.96357769
6.111311025
6.261282046
6.413506035
6.567997609
6.724770752
6.883838869
7.045214725
7.208910349
7.374937011
7.543305211
7.714024738
7.887104691
8.062553349
8.240378225
8.420586041
8.603182711
8.788173427
8.975562807
9.165354976
9.357553643
9.552162147
9.749183596
9.948620943
10.15047694
10.35475415
10.56145483
10.77058092
10.98213392
11.19611502
11.4125252
11.63136525
11.85263558
12.07633617
12.30246655
12.5310258
12.76201239
12.99542415
13.23125809
13.46951037
13.71017609
13.95324922
14.19872251
14.44658749
14.6968345
14.94945265
15.20442985
15.46175286
15.72140747
15.98337858
16.2476502
16.51420547
16.78302668
17.05409514
17.32739107
17.60289332
17.88057916
18.16042419
18.44240219
18.72648511
19.01264299
19.30084402
19.59105451
19.88323894
20.17735997
20.47337857
20.77125403
21.07094424
21.37240589
21.67559464
21.980465
22.28697022
22.5950621
22.90469073
23.21580447
23.52834997
23.8422722
24.15751451
24.47401878
24.79172541
25.11057345
25.43050057
25.7514429
26.07333512
26.39611053
26.71970106
27.04403742
27.36904898
27.69466318
28.02080618
28.34740369
28.67438042
29.00166052
29.32916753
29.65682334
29.98454824
30.312261
30.63987822
30.96731362
31.29447783
31.62127973
31.94762718
32.27342648
32.59858235
32.92299886
33.24657936
33.56922679
33.89084434
34.21133513
34.53060238
34.84854928
35.1650788
35.48009412
35.79349883
36.10519614
36.41508981
36.72308555
37.02909089
37.33301484
37.63476666
37.93425667
38.23139618
38.52609745
38.81827338
39.10783705
39.39470144
39.67877946
39.9599843
40.23822936
40.51342871
40.78549718
41.05435068
41.31990648
41.5820835
41.84080221
42.0959852
42.34755652
42.59544198
42.83956928
43.07986822
43.3162709
43.5487117
43.77712715
44.00145556
44.22163707
44.43761435
44.64933254
44.85673894
45.05978276
45.25841472
45.45258686
45.64225211
45.8273643
46.00787856
46.18375173
46.35494273
46.521413
46.68312649
46.84004973
46.99215161
47.13940331
47.28177855
47.41925317
47.55180542
47.67941572
47.80206636
47.91974121
48.03242553
48.14010574
48.24276936
48.34040531
48.43300468
48.52056135
48.60307248
48.68053825
48.75296115
48.82034575
48.88269882
48.94002894
48.99234619
49.0396615
49.0819858
49.11933005
49.15170516
49.17912155
49.20158936
49.21911905
49.23172098
49.23940511
49.24218201
49.24006329
49.23306323
49.22119866
49.20448966
49.18295946
49.15663422
49.12554347
49.08971992
49.0491993
49.00401962
48.9542204
48.89984213
48.840926
48.77751355
48.70964576
48.63736236
48.56070165
48.47970067
48.39439432
48.30481505
48.210993
48.11295614
48.0107305
47.90434066
47.79381002
47.67916073
47.56041353
47.43758806
47.31070329
47.17977753
47.04482865
46.90587459
46.76293394
46.61602646
46.46517353
46.31039856
46.15172681
45.98918529
45.82280341
45.6526129
45.47864787
45.30094486
45.11954297
44.93448397
44.74581239
44.55357536
44.35782261
44.15860642
43.95598139
43.75000408
43.5407325
43.32822569
43.11254322
42.89374478
42.67188986
42.44703758
42.21924642
41.98857382
41.75507607
41.51880838
41.27982491
41.03817867
40.79392166
40.54710506
40.29777942
40.04599464
39.79179997
39.53524392
39.27637434
39.01523847
38.75188317
38.48635532
38.21870193
37.94897025
37.67720787
37.40346283
37.1277839
36.85022095
36.57082511
36.28964889
36.00674619
35.72217247
35.43598463
35.14824116
34.85900223
34.56832975
34.27628745
33.98294083
33.68835677
33.39260312
33.0957482
32.79786047
32.49900826
32.19925965
31.89868232
31.59734351
31.29530983
30.99264696
30.68941945
30.38569059
30.08152257
29.77697659
29.47211295
29.16699113
28.86166978
28.55620666
28.25065865
27.94508195
27.63953193
27.33406293
27.02872809
26.7235792
26.41866671
26.11403977
25.80974667
25.50583541
25.20235419
24.89935189
24.59687837
24.29498483
23.99372402
23.69315027
23.39331935
23.09428827
22.796115
22.49885806
22.20257595
21.90732669
21.61316748
21.3201548
21.02834428
20.73779082
20.44854863
20.16067119
19.87421091
19.58921873
19.30574392
19.02383401
18.74353485
18.46489054
18.18794358
17.91273499
17.63930428
17.36768938
17.09792652
16.83004994
16.56409173
16.30008158
16.03804687
15.77801291
15.52000356
15.26404156
15.01014886
14.75834696
14.50865712
14.26110042
14.01569776
13.77246982
13.53143703
13.29261947
13.05603677
12.82170793
12.58965112
12.35988315
12.13241934
11.90727337
11.68445741
11.46398222
11.24585725
11.03009062
10.81668928
10.60565916
10.39700507
10.19073073
9.986838804
9.785331008
9.586208226
9.389470482
9.195116865
9.003145599
8.81355425
8.626339911
8.441499308
8.25902897
8.078925282
7.901184493
7.725802621
7.552775527
7.382098854
7.213767865
7.047777232
6.88412077
6.722791313
6.56378067
6.407079643
6.252678159
6.100565432
5.950729976
5.803159563
5.657841487
5.514762646
5.373909617
5.235268781
5.098826505
4.964569288
4.832483707
4.702556402
4.574774074
4.449123488
4.325591635
4.204165785
4.084833393
3.967581971
3.852399199
3.739272968
3.628191292
3.519142204
3.412113738
3.307093836
3.204070266
3.103030671
3.003962404
2.906852599
2.811688033
2.718455262
2.627140611
2.537729959
2.450208299
2.364560014
2.2807693
2.198820435
2.118698224
2.04038738
1.963872155
1.889137009
1.816166022
1.744943116
1.675451444
1.607674759
1.541596931
1.477200501
1.414467412
1.353379037
1.293917305
1.236064621
1.17980337
1.125115567
1.071982844
1.020386018
0.970304975
0.921720224
0.874613291
0.828966115
0.784760793
0.741979693
0.700605466
0.660620904
0.622008788
0.584751975
0.548833487
0.514236339
0.480943536
0.448938003
0.418202697
0.388720565
0.360474764
0.333448531
0.307625118
0.28298796
0.259520349
0.237205516
0.216026529
0.195966205
0.177007365
0.15913269
0.142324613
0.126565492
0.111837394
0.098122056
0.085400897
0.073654749
0.062863844
0.05300797
0.044066501
0.036018471
0.028842866
0.022518608
0.017024425
0.012338999
0.008440941
0.005308675
0.002920428
0.001254374
0.000288694

A,290.5,359.5,0.5 #角度范围及角度步距
0