B,49.043 #基圆半径
G,0 #测杆滚轮半径 如果是平面随动件则可以近似设置为10倍基圆半径的滚子

A,0,359.5,0.5 #角度范围及角度步距
0.0000
0.0009
0.0053
0.011
0.0213
0.0319
0.0479
0.0642
0.0853
0.1074
0.1332
0.162
0.1921
0.2275
0.2643
0.3006
0.3421
0.3907
0.4383
0.4884
0.5414
0.5973
0.6557
0.7168
0.7807
0.8476
0.917
0.9891
1.0641
1.1421
1.2226
1.3058
1.3917
1.4801
1.5713
1.6652
1.7617
1.8612
1.9635
2.0689
2.1766
2.2874
2.401
2.5176
2.6247
2.7591
2.8843
3.0123
3.1434
3.2776
3.4148
3.5551
3.6984
3.8447
3.9944
4.1357
4.3025
4.4609
4.6222
4.7866
4.9541
5.1246
5.2881
5.4751
5.655
5.838
6.0244
6.2141
6.4069
6.6027
6.8024
7.0053
7.2113
7.4206
7.6334
7.849
8.0677
8.2897
8.5141
8.7418
8.9724
9.2055
9.4423
9.6818
9.925
10.1708
10.4188
10.669
10.9227
11.1779
11.4359
11.6966
11.9602
12.2257
12.4938
12.765
13.0381
13.3144
13.5927
13.8733
14.155
14.4393
14.7246
15.0123
15.3019
15.5928
15.8858
16.1804
16.4769
16.7755
17.075
17.3771
17.6794
17.9298
18.2899
18.5963
18.9047
19.2135
19.5229
19.8342
20.1461
20.4574
20.77
21.0848
21.4002
21.7153
22.0297
22.3445
22.6595
22.9749
23.2902
23.605
23.9202
24.2344
24.5485
24.8623
25.1761
25.49
25.8033
26.1157
26.4272
26.7373
27.0457
27.3537
27.66
27.9656
28.2697
28.5726
28.8742
29.1743
29.4725
29.7704
30.0676
30.3634
30.6579
30.9515
31.2436
31.5343
31.8237
32.1115
32.3981
32.6831
32.9657
33.2458
33.5244
33.8011
34.076
34.3486
34.6185
34.8865
35.153
35.4169
35.6778
35.9365
36.1935
36.4478
36.6999
36.9493
37.1968
37.4413
37.6832
37.923
38.1608
38.3963
38.6292
38.8595
39.0875
39.3129
39.5359
39.7567
39.9748
40.1903
40.4036
40.6141
40.8216
41.0265
41.229
41.4282
41.6244
41.8184
42.0093
42.1972
42.3828
42.5661
42.7465
42.9245
43.0996
43.2724
43.4426
43.6098
43.7742
43.9361
44.0951
44.251
44.4044
44.5553
44.7032
44.8485
44.9905
45.1297
45.2667
45.4024
45.5336
45.6622
45.7891
45.9136
46.0356
46.1548
46.2714
46.3858
46.4973
46.6063
46.7127
46.8168
46.9185
47.0178
47.1151
47.2103
47.3025
47.3926
47.4804
47.5655
47.6485
47.7292
47.8075
47.8836
47.9571
48.028
48.0969
48.1641
48.2294
48.2924
48.3532
48.4122
48.4691
48.524
48.5768
48.6278
48.6767
48.7236
48.7686
48.8117
48.8531
48.8935
48.9325
48.9698
49.0052
49.0393
49.0716
49.102
49.1314
49.1593
49.1854
49.2099
49.2329
49.2548
49.2754
49.2948
49.3132
49.3302
49.3461
49.3608
49.3739
49.3861
49.3971
49.407
49.4156
49.4227
49.4289
49.4343
49.439
49.4434
49.447
49.4497
49.4516
49.4527
49.4527
49.4524
49.4516
49.4502
49.4482
49.4454
49.4421
49.4384
49.4343
49.4298
49.4245
49.4188
49.4128
49.4064
49.3995
49.392
49.3844
49.3766
49.3683
49.3595
49.3504
49.341
49.3318
49.3224
49.3128
49.3025
49.292
49.2811
49.2704
49.2595
49.2486
49.2379
49.2273
49.2166
49.2072
49.1989
49.1897
49.1832
49.1749
49.1643
49.1542
49.1451
49.1362
49.1273
49.1189
49.1106
49.1026
49.095
49.0879
49.0809
49.0745
49.0687
49.0632
49.0579
49.0528
49.0499
49.0495
49.0496
49.0495
49.0495
49.0495
49.0495
49.0494
49.0494
49.0494
49.0494
49.0494
49.0494
49.0493
49.0489
49.0487
49.0487
49.0487
49.0487
49.0487
49.0486
49.0487
49.0487
49.0487
49.0487
49.0487
49.0486
49.0517
49.0566
49.0617
49.0675
49.0739
49.0806
49.0878
49.0952
49.103
49.111
49.1196
49.1285
49.1375
49.1466
49.1557
49.1652
49.1748
49.1844
49.1937
49.2034
49.213
49.2229
49.2328
49.2429
49.2528
49.2629
49.2734
49.2839
49.2942
49.3045
49.3145
49.3246
49.3346
49.3442
49.3536
49.3625
49.3714
49.3797
49.3878
49.3958
49.4034
49.4106
49.4176
49.4245
49.4308
49.4368
49.4426
49.448
49.4532
49.4576
49.4612
49.464
49.4663
49.4682
49.4691
49.4691
49.4684
49.467
49.4647
49.4619
49.4585
49.4542
49.449
49.4428
49.4358
49.4278
49.4187
49.4086
49.3971
49.3845
49.3709
49.3558
49.3397
49.3223
49.3036
49.2835
49.262
49.239
49.2146
49.1884
49.1616
49.1331
49.1027
49.0705
49.0366
49.0006
48.9628
48.9235
48.8825
48.8395
48.7944
48.7473
48.698
48.6468
48.5935
48.5381
48.4802
48.42
48.3575
48.2927
48.2251
48.1556
48.0836
48.0091
47.9323
47.8531
47.7714
47.6872
47.6008
47.5118
47.4206
47.3268
47.2302
47.1309
47.0292
46.9251
46.8182
46.7087
46.5966
46.4818
46.3639
46.2431
46.1196
45.9932
45.8639
45.7317
45.5963
45.4577
45.3163
45.1714
45.0232
44.8724
44.718
44.5601
44.3993
44.2352
44.0679
43.8973
43.7231
43.5461
43.3654
43.1814
42.9943
42.8038
42.6097
42.4123
42.2113
42.0072
41.7999
41.5893
41.3754
41.1584
40.9383
40.7149
40.4883
40.2585
40.0249
39.7882
39.5487
39.3059
39.0604
38.8116
38.5594
38.3041
38.0459
37.7851
37.5217
37.2552
36.9853
36.7129
36.4374
36.1588
35.8782
35.5953
35.3092
35.0205
34.7295
34.4354
34.1387
33.8404
33.5398
33.2373
32.9324
32.625
32.3159
32.005
31.6928
31.3773
31.0612
30.7439
30.4244
30.1027
29.7821
29.4604
29.1357
28.8102
28.4847
28.158
27.8298
27.5009
27.1725
26.8427
26.5131
26.1823
25.8523
25.5205
25.1899
24.8589
24.5269
24.1967
23.8655
23.5349
23.2047
22.8752
22.5471
22.2185
21.891
21.5658
21.2399
20.9146
20.5922
20.2712
19.9506
19.6309
19.3132
18.9973
18.6828
18.3693
18.0564
17.7468
17.439
17.1346
16.8307
16.5278
16.2276
15.9299
15.634
15.3386
15.0509
14.7591
14.4703
14.1857
13.9035
13.6246
13.3465
13.0726
12.801
12.5315
12.2648
12.0006
11.7392
11.4797
11.2235
10.9702
10.7196
10.4706
10.2249
9.9826
9.743
9.5065
9.2727
9.042
8.8147
8.59
8.3684
8.1495
7.9341
7.7218
7.5117
7.3048
7.1015
6.9003
6.702
6.5065
6.3138
6.1242
5.938
5.7549
5.5744
5.3977
5.2237
5.0522
4.884
4.7186
4.5566
4.3974
4.2399
4.0878
3.9376
3.7904
3.646
3.5046
3.3664
3.2306
3.098
2.9684
2.8416
2.7176
2.5966
2.4784
2.3633
2.2508
2.1412
2.034
1.9306
1.8288
1.7303
1.6347
1.5432
1.4518
1.3646
1.2814
1.2
1.1193
1.0452
0.9695
0.9013
0.8307
0.7653
0.7027
0.6428
0.5855
0.531
0.4791
0.43
0.3835
0.3397
0.3045
0.2659
0.2301
0.197
0.1664
0.1383
0.1127
0.0898
0.0695
0.0517
0.0366
0.0238
0.0139
0.0059
0.0027