0.0000 0.0000
0.5000 0.0009
1.0000 0.0053
1.5000 0.0110
2.0000 0.0213
2.5000 0.0319
3.0000 0.0479
3.5000 0.0642
4.0000 0.0853
4.5000 0.1074
5.0000 0.1332
5.5000 0.1620
6.0000 0.1921
6.5000 0.2275
7.0000 0.2643
7.5000 0.3006
8.0000 0.3421
8.5000 0.3907
9.0000 0.4383
9.5000 0.4884
10.0000 0.5414
10.5000 0.5973
11.0000 0.6557
11.5000 0.7168
12.0000 0.7807
12.5000 0.8476
13.0000 0.9170
13.5000 0.9891
14.0000 1.0641
14.5000 1.1421
15.0000 1.2226
15.5000 1.3058
16.0000 1.3917
16.5000 1.4801
17.0000 1.5713
17.5000 1.6652
18.0000 1.7617
18.5000 1.8612
19.0000 1.9635
19.5000 2.0689
20.0000 2.1766
20.5000 2.2874
21.0000 2.4010
21.5000 2.5176
22.0000 2.6247
22.5000 2.7591
23.0000 2.8843
23.5000 3.0123
24.0000 3.1434
24.5000 3.2776
25.0000 3.4148
25.5000 3.5551
26.0000 3.6984
26.5000 3.8447
27.0000 3.9944
27.5000 4.1357
28.0000 4.3025
28.5000 4.4609
29.0000 4.6222
29.5000 4.7866
30.0000 4.9541
30.5000 5.1246
31.0000 5.2881
31.5000 5.4751
32.0000 5.6550
32.5000 5.8380
33.0000 6.0244
33.5000 6.2141
34.0000 6.4069
34.5000 6.6027
35.0000 6.8024
35.5000 7.0053
36.0000 7.2113
36.5000 7.4206
37.0000 7.6334
37.5000 7.8490
38.0000 8.0677
38.5000 8.2897
39.0000 8.5141
39.5000 8.7418
40.0000 8.9724
40.5000 9.2055
41.0000 9.4423
41.5000 9.6818
42.0000 9.9250
42.5000 10.1708
43.0000 10.4188
43.5000 10.6690
44.0000 10.9227
44.5000 11.1779
45.0000 11.4359
45.5000 11.6966
46.0000 11.9602
46.5000 12.2257
47.0000 12.4938
47.5000 12.7650
48.0000 13.0381
48.5000 13.3144
49.0000 13.5927
49.5000 13.8733
50.0000 14.1550
50.5000 14.4393
51.0000 14.7246
51.5000 15.0123
52.0000 15.3019
52.5000 15.5928
53.0000 15.8858
53.5000 16.1804
54.0000 16.4769
54.5000 16.7755
55.0000 17.0750
55.5000 17.3771
56.0000 17.6794
56.5000 17.9298
57.0000 18.2899
57.5000 18.5963
58.0000 18.9047
58.5000 19.2135
59.0000 19.5229
59.5000 19.8342
60.0000 20.1461
60.5000 20.4574
61.0000 20.7700
61.5000 21.0848
62.0000 21.4002
62.5000 21.7153
63.0000 22.0297
63.5000 22.3445
64.0000 22.6595
64.5000 22.9749
65.0000 23.2902
65.5000 23.6050
66.0000 23.9202
66.5000 24.2344
67.0000 24.5485
67.5000 24.8623
68.0000 25.1761
68.5000 25.4900
69.0000 25.8033
69.5000 26.1157
70.0000 26.4272
70.5000 26.7373
71.0000 27.0457
71.5000 27.3537
72.0000 27.6600
72.5000 27.9656
73.0000 28.2697
73.5000 28.5726
74.0000 28.8742
74.5000 29.1743
75.0000 29.4725
75.5000 29.7704
76.0000 30.0676
76.5000 30.3634
77.0000 30.6579
77.5000 30.9515
78.0000 31.2436
78.5000 31.5343
79.0000 31.8237
79.5000 32.1115
80.0000 32.3981
80.5000 32.6831
81.0000 32.9657
81.5000 33.2458
82.0000 33.5244
82.5000 33.8011
83.0000 34.0760
83.5000 34.3486
84.0000 34.6185
84.5000 34.8865
85.0000 35.1530
85.5000 35.4169
86.0000 35.6778
86.5000 35.9365
87.0000 36.1935
87.5000 36.4478
88.0000 36.6999
88.5000 36.9493
89.0000 37.1968
89.5000 37.4413
90.0000 37.6832
90.5000 37.9230
91.0000 38.1608
91.5000 38.3963
92.0000 38.6292
92.5000 38.8595
93.0000 39.0875
93.5000 39.3129
94.0000 39.5359
94.5000 39.7567
95.0000 39.9748
95.5000 40.1903
96.0000 40.4036
96.5000 40.6141
97.0000 40.8216
97.5000 41.0265
98.0000 41.2290
98.5000 41.4282
99.0000 41.6244
99.5000 41.8184
100.0000 42.0093
100.5000 42.1972
101.0000 42.3828
101.5000 42.5661
102.0000 42.7465
102.5000 42.9245
103.0000 43.0996
103.5000 43.2724
104.0000 43.4426
104.5000 43.6098
105.0000 43.7742
105.5000 43.9361
106.0000 44.0951
106.5000 44.2510
107.0000 44.4044
107.5000 44.5553
108.0000 44.7032
108.5000 44.8485
109.0000 44.9905
109.5000 45.1297
110.0000 45.2667
110.5000 45.4024
111.0000 45.5336
111.5000 45.6622
112.0000 45.7891
112.5000 45.9136
113.0000 46.0356
113.5000 46.1548
114.0000 46.2714
114.5000 46.3858
115.0000 46.4973
115.5000 46.6063
116.0000 46.7127
116.5000 46.8168
117.0000 46.9185
117.5000 47.0178
118.0000 47.1151
118.5000 47.2103
119.0000 47.3025
119.5000 47.3926
120.0000 47.4804
120.5000 47.5655
121.0000 47.6485
121.5000 47.7292
122.0000 47.8075
122.5000 47.8836
123.0000 47.9571
123.5000 48.0280
124.0000 48.0969
124.5000 48.1641
125.0000 48.2294
125.5000 48.2924
126.0000 48.3532
126.5000 48.4122
127.0000 48.4691
127.5000 48.5240
128.0000 48.5768
128.5000 48.6278
129.0000 48.6767
129.5000 48.7236
130.0000 48.7686
130.5000 48.8117
131.0000 48.8531
131.5000 48.8935
132.0000 48.9325
132.5000 48.9698
133.0000 49.0052
133.5000 49.0393
134.0000 49.0716
134.5000 49.1020
135.0000 49.1314
135.5000 49.1593
136.0000 49.1854
136.5000 49.2099
137.0000 49.2329
137.5000 49.2548
138.0000 49.2754
138.5000 49.2948
139.0000 49.3132
139.5000 49.3302
140.0000 49.3461
140.5000 49.3608
141.0000 49.3739
141.5000 49.3861
142.0000 49.3971
142.5000 49.4070
143.0000 49.4156
143.5000 49.4227
144.0000 49.4289
144.5000 49.4343
145.0000 49.4390
145.5000 49.4434
146.0000 49.4470
146.5000 49.4497
147.0000 49.4516
147.5000 49.4527
148.0000 49.4527
148.5000 49.4524
149.0000 49.4516
149.5000 49.4502
150.0000 49.4482
150.5000 49.4454
151.0000 49.4421
151.5000 49.4384
152.0000 49.4343
152.5000 49.4298
153.0000 49.4245
153.5000 49.4188
154.0000 49.4128
154.5000 49.4064
155.0000 49.3995
155.5000 49.3920
156.0000 49.3844
156.5000 49.3766
157.0000 49.3683
157.5000 49.3595
158.0000 49.3504
158.5000 49.3410
159.0000 49.3318
159.5000 49.3224
160.0000 49.3128
160.5000 49.3025
161.0000 49.2920
161.5000 49.2811
162.0000 49.2704
162.5000 49.2595
163.0000 49.2486
163.5000 49.2379
164.0000 49.2273
164.5000 49.2166
165.0000 49.2072
165.5000 49.1989
166.0000 49.1897
166.5000 49.1832
167.0000 49.1749
167.5000 49.1643
168.0000 49.1542
168.5000 49.1451
169.0000 49.1362
169.5000 49.1273
170.0000 49.1189
170.5000 49.1106
171.0000 49.1026
171.5000 49.0950
172.0000 49.0879
172.5000 49.0809
173.0000 49.0745
173.5000 49.0687
174.0000 49.0632
174.5000 49.0579
175.0000 49.0528
175.5000 49.0499
176.0000 49.0495
176.5000 49.0496
177.0000 49.0495
177.5000 49.0495
178.0000 49.0495
178.5000 49.0495
179.0000 49.0494
179.5000 49.0494
180.0000 49.0494
180.5000 49.0494
181.0000 49.0494
181.5000 49.0494
182.0000 49.0493
182.5000 49.0489
183.0000 49.0487
183.5000 49.0487
184.0000 49.0487
184.5000 49.0487
185.0000 49.0487
185.5000 49.0486
186.0000 49.0487
186.5000 49.0487
187.0000 49.0487
187.5000 49.0487
188.0000 49.0487
188.5000 49.0486
189.0000 49.0517
189.5000 49.0566
190.0000 49.0617
190.5000 49.0675
191.0000 49.0739
191.5000 49.0806
192.0000 49.0878
192.5000 49.0952
193.0000 49.1030
193.5000 49.1110
194.0000 49.1196
194.5000 49.1285
195.0000 49.1375
195.5000 49.1466
196.0000 49.1557
196.5000 49.1652
197.0000 49.1748
197.5000 49.1844
198.0000 49.1937
198.5000 49.2034
199.0000 49.2130
199.5000 49.2229
200.0000 49.2328
200.5000 49.2429
201.0000 49.2528
201.5000 49.2629
202.0000 49.2734
202.5000 49.2839
203.0000 49.2942
203.5000 49.3045
204.0000 49.3145
204.5000 49.3246
205.0000 49.3346
205.5000 49.3442
206.0000 49.3536
206.5000 49.3625
207.0000 49.3714
207.5000 49.3797
208.0000 49.3878
208.5000 49.3958
209.0000 49.4034
209.5000 49.4106
210.0000 49.4176
210.5000 49.4245
211.0000 49.4308
211.5000 49.4368
212.0000 49.4426
212.5000 49.4480
213.0000 49.4532
213.5000 49.4576
214.0000 49.4612
214.5000 49.4640
215.0000 49.4663
215.5000 49.4682
216.0000 49.4691
216.5000 49.4691
217.0000 49.4684
217.5000 49.4670
218.0000 49.4647
218.5000 49.4619
219.0000 49.4585
219.5000 49.4542
220.0000 49.4490
220.5000 49.4428
221.0000 49.4358
221.5000 49.4278
222.0000 49.4187
222.5000 49.4086
223.0000 49.3971
223.5000 49.3845
224.0000 49.3709
224.5000 49.3558
225.0000 49.3397
225.5000 49.3223
226.0000 49.3036
226.5000 49.2835
227.0000 49.2620
227.5000 49.2390
228.0000 49.2146
228.5000 49.1884
229.0000 49.1616
229.5000 49.1331
230.0000 49.1027
230.5000 49.0705
231.0000 49.0366
231.5000 49.0006
232.0000 48.9628
232.5000 48.9235
233.0000 48.8825
233.5000 48.8395
234.0000 48.7944
234.5000 48.7473
235.0000 48.6980
235.5000 48.6468
236.0000 48.5935
236.5000 48.5381
237.0000 48.4802
237.5000 48.4200
238.0000 48.3575
238.5000 48.2927
239.0000 48.2251
239.5000 48.1556
240.0000 48.0836
240.5000 48.0091
241.0000 47.9323
241.5000 47.8531
242.0000 47.7714
242.5000 47.6872
243.0000 47.6008
243.5000 47.5118
244.0000 47.4206
244.5000 47.3268
245.0000 47.2302
245.5000 47.1309
246.0000 47.0292
246.5000 46.9251
247.0000 46.8182
247.5000 46.7087
248.0000 46.5966
248.5000 46.4818
249.0000 46.3639
249.5000 46.2431
250.0000 46.1196
250.5000 45.9932
251.0000 45.8639
251.5000 45.7317
252.0000 45.5963
252.5000 45.4577
253.0000 45.3163
253.5000 45.1714
254.0000 45.0232
254.5000 44.8724
255.0000 44.7180
255.5000 44.5601
256.0000 44.3993
256.5000 44.2352
257.0000 44.0679
257.5000 43.8973
258.0000 43.7231
258.5000 43.5461
259.0000 43.3654
259.5000 43.1814
260.0000 42.9943
260.5000 42.8038
261.0000 42.6097
261.5000 42.4123
262.0000 42.2113
262.5000 42.0072
263.0000 41.7999
263.5000 41.5893
264.0000 41.3754
264.5000 41.1584
265.0000 40.9383
265.5000 40.7149
266.0000 40.4883
266.5000 40.2585
267.0000 40.0249
267.5000 39.7882
268.0000 39.5487
268.5000 39.3059
269.0000 39.0604
269.5000 38.8116
270.0000 38.5594
270.5000 38.3041
271.0000 38.0459
271.5000 37.7851
272.0000 37.5217
272.5000 37.2552
273.0000 36.9853
273.5000 36.7129
274.0000 36.4374
274.5000 36.1588
275.0000 35.8782
275.5000 35.5953
276.0000 35.3092
276.5000 35.0205
277.0000 34.7295
277.5000 34.4354
278.0000 34.1387
278.5000 33.8404
279.0000 33.5398
279.5000 33.2373
280.0000 32.9324
280.5000 32.6250
281.0000 32.3159
281.5000 32.0050
282.0000 31.6928
282.5000 31.3773
283.0000 31.0612
283.5000 30.7439
284.0000 30.4244
284.5000 30.1027
285.0000 29.7821
285.5000 29.4604
286.0000 29.1357
286.5000 28.8102
287.0000 28.4847
287.5000 28.1580
288.0000 27.8298
288.5000 27.5009
289.0000 27.1725
289.5000 26.8427
290.0000 26.5131
290.5000 26.1823
291.0000 25.8523
291.5000 25.5205
292.0000 25.1899
292.5000 24.8589
293.0000 24.5269
293.5000 24.1967
294.0000 23.8655
294.5000 23.5349
295.0000 23.2047
295.5000 22.8752
296.0000 22.5471
296.5000 22.2185
297.0000 21.8910
297.5000 21.5658
298.0000 21.2399
298.5000 20.9146
299.0000 20.5922
299.5000 20.2712
300.0000 19.9506
300.5000 19.6309
301.0000 19.3132
301.5000 18.9973
302.0000 18.6828
302.5000 18.3693
303.0000 18.0564
303.5000 17.7468
304.0000 17.4390
304.5000 17.1346
305.0000 16.8307
305.5000 16.5278
306.0000 16.2276
306.5000 15.9299
307.0000 15.6340
307.5000 15.3386
308.0000 15.0509
308.5000 14.7591
309.0000 14.4703
309.5000 14.1857
310.0000 13.9035
310.5000 13.6246
311.0000 13.3465
311.5000 13.0726
312.0000 12.8010
312.5000 12.5315
313.0000 12.2648
313.5000 12.0006
314.0000 11.7392
314.5000 11.4797
315.0000 11.2235
315.5000 10.9702
316.0000 10.7196
316.5000 10.4706
317.0000 10.2249
317.5000 9.9826
318.0000 9.7430
318.5000 9.5065
319.0000 9.2727
319.5000 9.0420
320.0000 8.8147
320.5000 8.5900
321.0000 8.3684
321.5000 8.1495
322.0000 7.9341
322.5000 7.7218
323.0000 7.5117
323.5000 7.3048
324.0000 7.1015
324.5000 6.9003
325.0000 6.7020
325.5000 6.5065
326.0000 6.3138
326.5000 6.1242
327.0000 5.9380
327.5000 5.7549
328.0000 5.5744
328.5000 5.3977
329.0000 5.2237
329.5000 5.0522
330.0000 4.8840
330.5000 4.7186
331.0000 4.5566
331.5000 4.3974
332.0000 4.2399
332.5000 4.0878
333.0000 3.9376
333.5000 3.7904
334.0000 3.6460
334.5000 3.5046
335.0000 3.3664
335.5000 3.2306
336.0000 3.0980
336.5000 2.9684
337.0000 2.8416
337.5000 2.7176
338.0000 2.5966
338.5000 2.4784
339.0000 2.3633
339.5000 2.2508
340.0000 2.1412
340.5000 2.0340
341.0000 1.9306
341.5000 1.8288
342.0000 1.7303
342.5000 1.6347
343.0000 1.5432
343.5000 1.4518
344.0000 1.3646
344.5000 1.2814
345.0000 1.2000
345.5000 1.1193
346.0000 1.0452
346.5000 0.9695
347.0000 0.9013
347.5000 0.8307
348.0000 0.7653
348.5000 0.7027
349.0000 0.6428
349.5000 0.5855
350.0000 0.5310
350.5000 0.4791
351.0000 0.4300
351.5000 0.3835
352.0000 0.3397
352.5000 0.3045
353.0000 0.2659
353.5000 0.2301
354.0000 0.1970
354.5000 0.1664
355.0000 0.1383
355.5000 0.1127
356.0000 0.0898
356.5000 0.0695
357.0000 0.0517
357.5000 0.0366
358.0000 0.0238
358.5000 0.0139
359.0000 0.0059
359.5000 0.0027
