0.0000 0.0003
0.5000 0.0000
1.0000 0.0004
1.5000 0.0014
2.0000 0.0035
2.5000 0.0064
3.0000 0.0097
3.5000 0.0134
4.0000 0.0176
4.5000 0.0219
5.0000 0.0268
5.5000 0.0344
6.0000 0.0382
6.5000 0.0444
7.0000 0.0512
7.5000 0.0586
8.0000 0.0662
8.5000 0.0741
9.0000 0.0822
9.5000 0.0906
10.0000 0.0991
10.5000 0.1082
11.0000 0.1173
11.5000 0.1267
12.0000 0.1361
12.5000 0.1459
13.0000 0.1559
13.5000 0.1662
14.0000 0.1764
14.5000 0.1869
15.0000 0.1971
15.5000 0.2075
16.0000 0.2181
16.5000 0.2284
17.0000 0.2388
17.5000 0.2494
18.0000 0.2600
18.5000 0.2706
19.0000 0.2809
19.5000 0.2911
20.0000 0.3011
20.5000 0.3107
21.0000 0.3202
21.5000 0.3298
22.0000 0.3394
22.5000 0.3487
23.0000 0.3575
23.5000 0.3665
24.0000 0.3750
24.5000 0.3833
25.0000 0.3915
25.5000 0.3993
26.0000 0.4065
26.5000 0.4135
27.0000 0.4201
27.5000 0.4262
28.0000 0.4322
28.5000 0.4378
29.0000 0.4431
29.5000 0.4478
30.0000 0.4523
30.5000 0.4564
31.0000 0.4599
31.5000 0.4628
32.0000 0.4657
32.5000 0.4685
33.0000 0.4708
33.5000 0.4723
34.0000 0.4734
34.5000 0.4743
35.0000 0.4746
35.5000 0.4746
36.0000 0.4742
36.5000 0.4734
37.0000 0.4720
37.5000 0.4703
38.0000 0.4682
38.5000 0.4659
39.0000 0.4628
39.5000 0.4597
40.0000 0.4559
40.5000 0.4521
41.0000 0.4476
41.5000 0.4430
42.0000 0.4379
42.5000 0.4325
43.0000 0.4266
43.5000 0.4202
44.0000 0.4138
44.5000 0.4071
45.0000 0.3999
45.5000 0.3924
46.0000 0.3843
46.5000 0.3759
47.0000 0.3674
47.5000 0.3585
48.0000 0.3493
48.5000 0.3396
49.0000 0.3296
49.5000 0.3197
50.0000 0.3094
50.5000 0.2991
51.0000 0.2887
51.5000 0.2784
52.0000 0.2681
52.5000 0.2577
53.0000 0.2474
53.5000 0.2369
54.0000 0.2264
54.5000 0.2159
55.0000 0.2053
55.5000 0.1948
56.0000 0.1842
56.5000 0.1735
57.0000 0.1633
57.5000 0.1533
58.0000 0.1436
58.5000 0.1341
59.0000 0.1252
59.5000 0.1164
60.0000 0.1079
60.5000 0.0999
61.0000 0.0921
61.5000 0.0847
62.0000 0.0777
62.5000 0.0710
63.0000 0.0645
63.5000 0.0583
64.0000 0.0526
64.5000 0.0472
65.0000 0.0423
65.5000 0.0378
66.0000 0.0338
66.5000 0.0303
67.0000 0.0275
67.5000 0.0253
68.0000 0.0236
68.5000 0.0226
69.0000 0.0221
69.5000 0.0220
70.0000 0.0226
70.5000 0.0236
71.0000 0.0253
71.5000 0.0278
72.0000 0.0313
72.5000 0.0356
73.0000 0.0407
73.5000 0.0466
74.0000 0.0533
74.5000 0.0609
75.0000 0.0694
75.5000 0.0785
76.0000 0.0887
76.5000 0.0998
77.0000 0.1118
77.5000 0.1249
78.0000 0.1390
78.5000 0.1542
79.0000 0.1704
79.5000 0.1877
80.0000 0.2061
80.5000 0.2257
81.0000 0.2463
81.5000 0.2680
82.0000 0.2905
82.5000 0.3144
83.0000 0.3394
83.5000 0.3659
84.0000 0.3933
84.5000 0.4221
85.0000 0.4522
85.5000 0.4832
86.0000 0.5155
86.5000 0.5491
87.0000 0.5840
87.5000 0.6204
88.0000 0.6580
88.5000 0.6972
89.0000 0.7376
89.5000 0.7794
90.0000 0.8228
90.5000 0.8675
91.0000 0.9135
91.5000 0.9609
92.0000 1.0097
92.5000 1.0602
93.0000 1.1121
93.5000 1.1656
94.0000 1.2206
94.5000 1.2771
95.0000 1.3353
95.5000 1.3950
96.0000 1.4563
96.5000 1.5191
97.0000 1.5836
97.5000 1.6499
98.0000 1.7179
98.5000 1.7876
99.0000 1.8589
99.5000 1.9322
100.0000 2.0074
100.5000 2.0841
101.0000 2.1630
101.5000 2.2435
102.0000 2.3257
102.5000 2.4099
103.0000 2.4959
103.5000 2.5837
104.0000 2.6733
104.5000 2.7649
105.0000 2.8587
105.5000 2.9541
106.0000 3.0514
106.5000 3.1508
107.0000 3.2525
107.5000 3.3557
108.0000 3.4612
108.5000 3.5688
109.0000 3.6781
109.5000 3.7895
110.0000 3.9033
110.5000 4.0188
111.0000 4.1366
111.5000 4.2561
112.0000 4.3778
112.5000 4.5016
113.0000 4.6277
113.5000 4.7557
114.0000 4.8858
114.5000 5.0181
115.0000 5.1525
115.5000 5.2895
116.0000 5.4283
116.5000 5.5694
117.0000 5.7125
117.5000 5.8580
118.0000 6.0060
118.5000 6.1561
119.0000 6.3082
119.5000 6.4624
120.0000 6.6192
120.5000 6.7785
121.0000 6.9400
121.5000 7.1041
122.0000 7.2708
122.5000 7.4397
123.0000 7.6113
123.5000 7.7852
124.0000 7.9613
124.5000 8.1397
125.0000 8.3202
125.5000 8.5029
126.0000 8.6881
126.5000 8.8755
127.0000 9.0653
127.5000 9.2574
128.0000 9.4519
128.5000 9.6490
129.0000 9.8486
129.5000 10.0506
130.0000 10.2550
130.5000 10.4616
131.0000 10.6706
131.5000 10.8824
132.0000 11.0963
132.5000 11.3121
133.0000 11.5307
133.5000 11.7519
134.0000 11.9748
134.5000 12.2002
135.0000 12.4282
135.5000 12.6587
136.0000 12.8916
136.5000 13.1272
137.0000 13.3654
137.5000 13.6050
138.0000 13.8471
138.5000 14.0915
139.0000 14.3378
139.5000 14.5864
140.0000 14.8363
140.5000 15.0883
141.0000 15.3427
141.5000 15.5988
142.0000 15.8570
142.5000 16.1169
143.0000 16.3787
143.5000 16.6430
144.0000 16.9098
144.5000 17.1788
145.0000 17.4502
145.5000 17.7230
146.0000 17.9971
146.5000 18.2734
147.0000 18.5512
147.5000 18.8304
148.0000 19.1116
148.5000 19.3944
149.0000 19.6790
149.5000 19.9652
150.0000 20.2530
150.5000 20.5425
151.0000 20.8328
151.5000 21.1247
152.0000 21.4180
152.5000 21.7112
153.0000 22.0057
153.5000 22.3024
154.0000 22.6005
154.5000 22.8999
155.0000 23.2008
155.5000 23.5015
156.0000 23.8026
156.5000 24.1053
157.0000 24.4085
157.5000 24.7112
158.0000 25.0134
158.5000 25.3168
159.0000 25.6214
159.5000 25.9255
160.0000 26.2295
160.5000 26.5342
161.0000 26.8405
161.5000 27.1480
162.0000 27.4542
162.5000 27.7593
163.0000 28.0655
163.5000 28.3728
164.0000 28.6795
164.5000 28.9857
165.0000 29.2925
165.5000 29.5987
166.0000 29.9046
166.5000 30.2107
167.0000 30.5163
167.5000 30.8215
168.0000 31.1252
168.5000 31.4302
169.0000 31.7329
169.5000 32.0357
170.0000 32.3380
170.5000 32.6391
171.0000 32.9391
171.5000 33.2379
172.0000 33.5363
172.5000 33.8338
173.0000 34.1305
173.5000 34.4253
174.0000 34.7189
174.5000 35.0113
175.0000 35.3025
175.5000 35.5920
176.0000 35.8792
176.5000 36.1644
177.0000 36.4482
177.5000 36.7307
178.0000 37.0110
178.5000 37.2897
179.0000 37.5658
179.5000 37.8403
180.0000 38.1129
180.5000 38.3835
181.0000 38.6520
181.5000 38.9184
182.0000 39.1829
182.5000 39.4444
183.0000 39.7036
183.5000 39.9613
184.0000 40.2166
184.5000 40.4692
185.0000 40.7200
185.5000 40.9681
186.0000 41.2126
186.5000 41.4549
187.0000 41.6949
187.5000 41.9321
188.0000 42.1668
188.5000 42.3984
189.0000 42.6272
189.5000 42.8538
190.0000 43.0773
190.5000 43.2978
191.0000 43.5152
191.5000 43.7292
192.0000 43.9401
192.5000 44.1477
193.0000 44.3520
193.5000 44.5529
194.0000 44.7500
194.5000 44.9434
195.0000 45.1331
195.5000 45.3192
196.0000 45.5013
196.5000 45.6795
197.0000 45.8540
197.5000 46.0246
198.0000 46.1917
198.5000 46.3548
199.0000 46.5141
199.5000 46.6695
200.0000 46.8205
200.5000 46.9675
201.0000 47.1107
201.5000 47.2498
202.0000 47.3848
202.5000 47.5160
203.0000 47.6429
203.5000 47.7660
204.0000 47.8852
204.5000 48.0003
205.0000 48.1110
205.5000 48.2174
206.0000 48.3200
206.5000 48.4178
207.0000 48.5120
207.5000 48.6020
208.0000 48.6877
208.5000 48.7696
209.0000 48.8468
209.5000 48.9201
210.0000 48.9892
210.5000 49.0541
211.0000 49.1141
211.5000 49.1698
212.0000 49.2208
212.5000 49.2673
213.0000 49.3093
213.5000 49.3465
214.0000 49.3782
214.5000 49.4052
215.0000 49.4269
215.5000 49.4435
216.0000 49.4547
216.5000 49.4613
217.0000 49.4627
217.5000 49.4589
218.0000 49.4502
218.5000 49.4370
219.0000 49.4189
219.5000 49.3959
220.0000 49.3682
220.5000 49.3357
221.0000 49.2986
221.5000 49.2568
222.0000 49.2103
222.5000 49.1588
223.0000 49.1022
223.5000 49.0404
224.0000 48.9736
224.5000 48.9017
225.0000 48.8247
225.5000 48.7425
226.0000 48.6552
226.5000 48.5627
227.0000 48.4650
227.5000 48.3622
228.0000 48.2545
228.5000 48.1417
229.0000 48.0241
229.5000 47.9013
230.0000 47.7737
230.5000 47.6413
231.0000 47.5039
231.5000 47.3613
232.0000 47.2138
232.5000 47.0616
233.0000 46.9042
233.5000 46.7416
234.0000 46.5742
234.5000 46.4028
235.0000 46.2266
235.5000 46.0452
236.0000 45.8592
236.5000 45.6684
237.0000 45.4730
237.5000 45.2733
238.0000 45.0690
238.5000 44.8609
239.0000 44.6489
239.5000 44.4325
240.0000 44.2118
240.5000 43.9872
241.0000 43.7575
241.5000 43.5244
242.0000 43.2869
242.5000 43.0462
243.0000 42.8005
243.5000 42.5518
244.0000 42.2986
244.5000 42.0424
245.0000 41.7828
245.5000 41.5198
246.0000 41.2528
246.5000 40.9832
247.0000 40.7095
247.5000 40.4333
248.0000 40.1541
248.5000 39.8712
249.0000 39.5857
249.5000 39.2972
250.0000 39.0064
250.5000 38.7138
251.0000 38.4180
251.5000 38.1198
252.0000 37.8193
252.5000 37.5166
253.0000 37.2124
253.5000 36.9057
254.0000 36.5963
254.5000 36.2852
255.0000 35.9723
255.5000 35.6574
256.0000 35.3405
256.5000 35.0222
257.0000 34.7026
257.5000 34.3819
258.0000 34.0603
258.5000 33.7377
259.0000 33.4138
259.5000 33.0889
260.0000 32.7629
260.5000 32.4361
261.0000 32.1084
261.5000 31.7801
262.0000 31.4514
262.5000 31.1223
263.0000 30.7929
263.5000 30.4638
264.0000 30.1352
264.5000 29.8064
265.0000 29.4775
265.5000 29.1491
266.0000 28.8208
266.5000 28.4925
267.0000 28.1646
267.5000 27.8370
268.0000 27.5100
268.5000 27.1837
269.0000 26.8579
269.5000 26.5326
270.0000 26.2081
270.5000 25.8850
271.0000 25.5631
271.5000 25.2415
272.0000 24.9215
272.5000 24.6029
273.0000 24.2846
273.5000 23.9680
274.0000 23.6530
274.5000 23.3387
275.0000 23.0262
275.5000 22.7157
276.0000 22.4064
276.5000 22.0993
277.0000 21.7934
277.5000 21.4890
278.0000 21.1863
278.5000 20.8853
279.0000 20.5861
279.5000 20.2883
280.0000 19.9929
280.5000 19.6989
281.0000 19.4076
281.5000 19.1179
282.0000 18.8310
282.5000 18.5454
283.0000 18.2626
283.5000 17.9816
284.0000 17.7032
284.5000 17.4272
285.0000 17.1527
285.5000 16.8810
286.0000 16.6116
286.5000 16.3438
287.0000 16.0789
287.5000 15.8161
288.0000 15.5548
288.5000 15.2968
289.0000 15.0402
289.5000 14.7862
290.0000 14.5353
290.5000 14.2863
291.0000 14.0395
291.5000 13.7958
292.0000 13.5540
292.5000 13.3152
293.0000 13.0786
293.5000 12.8447
294.0000 12.6128
294.5000 12.3838
295.0000 12.1570
295.5000 11.9323
296.0000 11.7104
296.5000 11.4905
297.0000 11.2734
297.5000 11.0587
298.0000 10.8463
298.5000 10.6362
299.0000 10.4286
299.5000 10.2236
300.0000 10.0211
300.5000 9.8207
301.0000 9.6228
301.5000 9.4272
302.0000 9.2340
302.5000 9.0436
303.0000 8.8552
303.5000 8.6693
304.0000 8.4856
304.5000 8.3048
305.0000 8.1260
305.5000 7.9497
306.0000 7.7758
306.5000 7.6040
307.0000 7.4352
307.5000 7.2686
308.0000 7.1043
308.5000 6.9423
309.0000 6.7827
309.5000 6.6252
310.0000 6.4701
310.5000 6.3170
311.0000 6.1663
311.5000 6.0180
312.0000 5.8718
312.5000 5.7280
313.0000 5.5862
313.5000 5.4467
314.0000 5.3096
314.5000 5.1744
315.0000 5.0415
315.5000 4.9108
316.0000 4.7818
316.5000 4.6549
317.0000 4.5300
317.5000 4.4070
318.0000 4.2863
318.5000 4.1674
319.0000 4.0502
319.5000 3.9353
320.0000 3.8225
320.5000 3.7114
321.0000 3.6022
321.5000 3.4951
322.0000 3.3900
322.5000 3.2866
323.0000 3.1852
323.5000 3.0857
324.0000 2.9880
324.5000 2.8924
325.0000 2.7986
325.5000 2.7065
326.0000 2.6160
326.5000 2.5275
327.0000 2.4407
327.5000 2.3556
328.0000 2.2720
328.5000 2.1902
329.0000 2.1102
329.5000 2.0318
330.0000 1.9548
330.5000 1.8800
331.0000 1.8067
331.5000 1.7352
332.0000 1.6655
332.5000 1.5974
333.0000 1.5311
333.5000 1.4664
334.0000 1.4034
334.5000 1.3420
335.0000 1.2824
335.5000 1.2244
336.0000 1.1680
336.5000 1.1133
337.0000 1.0601
337.5000 1.0088
338.0000 0.9589
338.5000 0.9106
339.0000 0.8636
339.5000 0.8179
340.0000 0.7736
340.5000 0.7309
341.0000 0.6896
341.5000 0.6495
342.0000 0.6108
342.5000 0.5736
343.0000 0.5377
343.5000 0.5034
344.0000 0.4703
344.5000 0.4386
345.0000 0.4083
345.5000 0.3794
346.0000 0.3518
346.5000 0.3256
347.0000 0.3004
347.5000 0.2763
348.0000 0.2534
348.5000 0.2314
349.0000 0.2105
349.5000 0.1906
350.0000 0.1718
350.5000 0.1540
351.0000 0.1373
351.5000 0.1217
352.0000 0.1069
352.5000 0.0932
353.0000 0.0808
353.5000 0.0693
354.0000 0.0589
354.5000 0.0496
355.0000 0.0413
355.5000 0.0339
356.0000 0.0272
356.5000 0.0211
357.0000 0.0161
357.5000 0.0115
358.0000 0.0077
358.5000 0.0045
359.0000 0.0022
359.5000 0.0008
