B,0 #基圆半径
G,0 #测杆滚轮半径 如果是平面随动件则可以近似设置为10倍基圆半径的滚子

A,0,359.75,0.25 #角度范围及角度步距
100.672
100.68515
100.69764
100.70946
100.72063
100.73114
100.74098
100.75017
100.75869
100.76655
100.77376
100.7803
100.78618
100.79139
100.79595
100.79984
100.80308
100.80565
100.80756
100.80881
100.80939
100.80932
100.80858
100.80719
100.80513
100.80241
100.79903
100.79499
100.79029
100.78492
100.7789
100.77222
100.76488
100.75688
100.74822
100.7389
100.72892
100.71828
100.70699
100.69504
100.68243
100.66916
100.65524
100.64066
100.62542
100.60953
100.59299
100.57579
100.55793
100.53942
100.52026
100.50045
100.47998
100.45887
100.4371
100.41468
100.39161
100.36789
100.34353
100.31851
100.29285
100.26654
100.23959
100.21199
100.18374
100.15485
100.12532
100.09515
100.06433
100.03288
100.00078
99.96804
99.93467
99.90066
99.86601
99.83072
99.7948
99.75825
99.72106
99.68324
99.64479
99.60571
99.566
99.52566
99.4847
99.4431
99.40089
99.35805
99.314158
99.2705
99.22579
99.18047
99.13452
99.08796
99.04079
98.993
98.9446
98.89558
98.84595
98.79572
98.74488
98.69343
98.64137
98.58872
98.53546
98.48159
98.42713
98.37208
98.31642
98.26017
98.20333
98.1459
98.08788
98.02927
97.97007
97.91029
97.84992
97.78898
97.72745
97.66535
97.60267
97.53942
97.4795
97.4112
97.34624
97.28072
97.21463
97.14797
97.08076
97.01299
96.94466
96.87579
96.80636
96.73638
96.66585
96.59478
96.52317
96.45102
96.37833
96.30511
96.23135
96.15707
96.08226
96.00692
95.93106
95.85468
95.77779
95.70038
95.62246
95.54403
95.4651
95.38566
95.30573
95.2253
95.14437
95.06295
94.98105
94.89866
94.81579
94.73244
94.64862
94.56432
94.47956
94.39433
94.30864
94.22249
94.13589
94.04884
93.96134
93.87339
93.785
93.69618
93.60693
93.51742
93.42713
93.3366
93.24565
93.15429
93.06252
92.97035
92.87777
92.78479
92.69143
92.59767
92.50353
92.40901
92.31411
92.21885
92.12321
92.02722
91.93087
91.83416
91.73711
91.63971
91.54198
91.44391
91.34551
91.24679
91.14775
91.04839
90.94873
90.84876
90.74849
90.64793
90.54709
90.44595
90.34455
90.24287
90.14092
90.03831
89.93625
89.83354
89.73058
89.62738
89.52395
89.4203
89.31642
89.21233
89.10802
89.00352
88.89881
88.79392
88.68884
88.58358
88.47814
88.37254
88.26678
88.16086
88.0548
87.94859
87.84225
87.73578
87.62918
87.52247
87.41565
87.30873
87.20171
87.0946
86.98741
86.88014
86.7728
86.66539
86.55793
86.45042
86.34287
86.23528
86.12766
86.02002
85.91236
85.8047
85.69703
85.58937
85.48172
85.37408
85.26648
85.15891
85.05137
84.94389
84.83645
84.72908
84.62178
84.51455
84.4074
84.30034
84.19338
84.08652
83.97976
83.87313
83.76662
83.66024
83.554
83.4479
83.34195
83.23616
83.13053
83.02508
82.91981
82.81472
82.70982
82.60513
82.50064
82.39636
82.2923
82.18846
82.08486
81.9815
81.87839
81.77552
81.67292
81.57057
81.4685
81.36671
81.26521
81.16399
81.06307
80.96245
80.86214
80.76214
80.66247
80.56312
80.46411
80.36543
80.2671
80.16912
80.07149
79.97423
79.87733
79.78081
79.68466
79.5889
79.49352
79.39854
79.30396
79.20978
79.11601
79.02266
78.92792
78.83721
78.74513
78.65348
78.56227
78.4715
78.38118
78.29131
78.20189
78.11294
78.02445
77.93642
77.84888
77.7618
77.675231
77.5891
77.50348
77.41835
77.33372
77.24958
77.16959
77.08282
77.00002
76.91809
76.8365
76.75542
76.67487
76.59484
76.51534
76.43636
76.35792
76.28001
76.20264
76.12581
76.04953
75.97378
75.89859
75.82394
75.74984
75.67629
75.6033
75.53087
75.45899
75.38768
75.31692
75.24673
75.1771
75.10804
75.03955
74.97162
74.90427
74.83748
74.77127
74.70563
74.64056
74.57607
74.51215
74.44881
74.38605
74.32386
74.26225
74.20122
74.14076
74.08089
74.02159
73.96287
73.90474
73.84718
73.7902
73.7338
73.67798
73.62273
73.56807
73.51398
73.46047
73.40754
73.35519
73.30341
73.25221
73.20158
73.15152
73.10204
73.05313
73.0048
72.95703
72.90983
72.8632
72.81714
72.77165
72.72671
72.68235
72.63854
72.5953
72.55261
72.51048
72.46891
72.42789
72.38742
72.34751
72.30814
72.26932
72.23105
72.19332
72.15613
72.11948
72.08336
72.04779
72.01274
71.97822
71.94424
71.91078
71.87784
71.84542
71.81352
71.78214
71.75127
71.72091
71.69106
71.66172
71.63287
71.60453
71.57668
71.54932
71.52246
71.49608
71.47019
71.44478
71.41985
71.39539
71.3714
71.34788
71.32482
71.30223
71.28009
71.25841
71.23718
71.2164
71.19605
71.17615
71.15669
71.13765
71.11904
71.10086
71.0831
71.06575
71.04882
71.03229
71.01616
71.00044
70.98511
70.97017
70.95562
70.94145
70.92766
70.91424
70.90119
70.8885
70.87617
70.8642
70.85258
70.8413
70.83036
70.81976
70.80949
70.79954
70.78992
70.78061
70.77161
70.76292
70.75453
70.74644
70.73863
70.73111
70.72387
70.7169
70.7102
70.70377
70.6976
70.69167
70.686
70.68057
70.67537
70.67041
70.66567
70.66115
70.65684
70.65275
70.64886
70.64516
70.64166
70.63835
70.63521
70.63225
70.62946
70.62684
70.62437
70.62206
70.6199
70.61787
70.61599
70.61423
70.6126
70.61109
70.6097
70.60842
70.60724
70.60616
70.60517
70.60427
70.60346
70.60272
70.60206
70.60147
70.60095
70.60048
70.60007
70.59971
70.5994
70.59913
70.59891
70.59871
70.59855
70.59842
70.59831
70.59822
70.59815
70.5981
70.59806
70.59803
70.59801
70.598
70.59799
70.59799
70.59799
70.59799
70.59799
70.59799
70.59799
70.59799
70.59799
70.59799
70.59799
70.59799
70.59799
70.59799
70.59799
70.59799
70.59799
70.59799
70.59799
70.59799
70.59799
70.59799
70.59799
70.59799
70.59799
70.59799
70.59799
70.59799
70.59799
70.59799
70.59799
70.59799
70.59799
70.59799
70.59799
70.59799
70.59799
70.59799
70.59799
70.59799
70.59799
70.59799
70.59799
70.59799
70.59799
70.59799
70.59799
70.59799
70.59799
70.59799
70.59799
70.59799
70.59799
70.59799
70.59799
70.59799
70.59799
70.59799
70.59799
70.59799
70.59799
70.59799
70.59799
70.59799
70.59799
70.59799
70.59799
70.59799
70.59799
70.59799
70.59799
70.59799
70.59799
70.59799
70.59799
70.59799
70.59799
70.59799
70.59799
70.59799
70.59799
70.59799
70.59799
70.59799
70.59799
70.59799
70.59799
70.59799
70.59799
70.59799
70.59799
70.59799
70.59799
70.59799
70.59799
70.59799
70.59799
70.59799
70.59799
70.59799
70.59799
70.59799
70.59799
70.59799
70.59799
70.59799
70.59799
70.59799
70.59799
70.59799
70.59799
70.59799
70.59799
70.59799
70.59799
70.59799
70.59799
70.59799
70.59799
70.59799
70.59799
70.59799
70.59799
70.59799
70.59799
70.59799
70.59799
70.59799
70.59799
70.59799
70.59799
70.59799
70.59799
70.59799
70.59799
70.59799
70.59799
70.59799
70.59799
70.59799
70.59799
70.59799
70.59799
70.59799
70.59799
70.59799
70.59799
70.59799
70.59799
70.59799
70.59799
70.59799
70.59799
70.59799
70.59799
70.59799
70.59799
70.59799
70.59799
70.59799
70.59799
70.59799
70.59799
70.59799
70.59799
70.59799
70.59799
70.59799
70.59799
70.59799
70.59799
70.59799
70.59799
70.59799
70.59799
70.59799
70.59799
70.59799
70.59799
70.59799
70.59799
70.59799
70.59799
70.59799
70.59799
70.59799
70.59799
70.59799
70.59799
70.59799
70.59799
70.59799
70.59799
70.59799
70.59799
70.59799
70.59799
70.59799
70.59799
70.59799
70.59799
70.59799
70.59799
70.59799
70.59799
70.59799
70.59799
70.59799
70.59799
70.59799
70.59799
70.59799
70.59799
70.59799
70.59799
70.59799
70.59799
70.59799
70.59799
70.59799
70.59799
70.59799
70.59799
70.59799
70.59799
70.59799
70.59799
70.59799
70.59799
70.59799
70.59799
70.59799
70.59799
70.59799
70.59799
70.59799
70.59799
70.59799
70.59799
70.59799
70.59799
70.59799
70.59799
70.59799
70.59799
70.59799
70.59799
70.59799
70.59799
70.59799
70.59799
70.59799
70.59799
70.59799
70.59799
70.59799
70.59799
70.59799
70.59799
70.59799
70.59799
70.59799
70.59799
70.59799
70.59799
70.59799
70.59799
70.59799
70.59799
70.59799
70.59799
70.59799
70.59799
70.59799
70.59799
70.59799
70.59799
70.59799
70.59799
70.59799
70.59799
70.59799
70.59799
70.59799
70.59799
70.59799
70.59799
70.59799
70.59799
70.59799
70.59799
70.59799
70.59799
70.59799
70.59799
70.59799
70.59799
70.59799
70.59799
70.59799
70.59799
70.59799
70.59799
70.59799
70.59799
70.59799
70.59799
70.59799
70.59799
70.59799
70.59799
70.59799
70.59799
70.59799
70.59799
70.59799
70.59799
70.59799
70.59799
70.59799
70.59799
70.59799
70.59799
70.59799
70.59799
70.59799
70.59799
70.59799
70.59799
70.59799
70.59799
70.59799
70.59799
70.59799
70.59799
70.59799
70.59799
70.59799
70.59799
70.59799
70.59799
70.59799
70.59799
70.59799
70.59799
70.59799
70.59799
70.59799
70.59799
70.59799
70.59799
70.59799
70.59799
70.59799
70.59799
70.59799
70.59799
70.59799
70.59799
70.59799
70.59799
70.59799
70.59799
70.59799
70.59799
70.59799
70.59799
70.59799
70.59799
70.59799
70.59799
70.598
70.59801
70.59803
70.59806
70.5981
70.59815
70.59822
70.59831
70.59842
70.59855
70.59871
70.59891
70.59913
70.5994
70.59971
70.60007
70.60048
70.60095
70.60147
70.60206
70.60272
70.60345
70.60246
70.60516
70.60614
70.60722
70.6084
70.60968
70.61107
70.61257
70.6142
70.61594
70.61782
70.61983
70.62199
70.62429
70.62674
70.62935
70.63212
70.63506
70.63817
70.64146
70.64493
70.64859
70.65245
70.65651
70.66077
70.66524
70.66993
70.67484
70.67997
70.68534
70.69094
70.69678
70.70287
70.70921
70.71581
70.72267
70.72979
70.73719
70.74486
70.75281
70.76105
70.76957
70.77839
70.78751
70.79694
70.80667
70.81671
70.82707
70.83775
70.84876
70.86009
70.87176
70.88376
70.89611
70.9088
70.92184
70.93523
70.94898
70.96309
70.97757
70.99241
71.00762
71.02321
71.03918
71.05553
71.07226
71.08938
71.10689
71.1248
71.1431
71.1618
71.18091
71.20043
71.22035
71.24069
71.26144
71.2826
71.30419
71.3262
71.34864
71.37151
71.3948
71.41853
71.44269
71.46729
71.49233
71.51781
71.54374
71.57011
71.59693
71.6242
71.65193
71.6801
71.70873
71.73782
71.76737
71.79738
71.82785
71.85879
71.89019
71.92206
71.9544
71.98721
72.02049
72.05424
72.08847
72.12317
72.15835
72.19401
72.23014
72.26676
72.30386
72.34144
72.3795
72.41804
72.45707
72.49659
72.53659
72.57708
72.61806
72.65952
72.70147
72.74392
72.78685
72.83027
72.87418
72.91859
72.96349
73.00887
73.05475
73.10113
73.14799
73.19535
73.2432
73.29155
73.34038
73.38971
73.43954
73.48985
73.54066
73.59197
73.64376
73.69605
73.74883
73.8021
73.85586
73.91011
73.96485
74.02009
74.07581
74.13202
74.18872
74.24591
74.30359
74.36175
74.4204
74.47953
74.53915
74.59925
74.65984
74.7209
74.78245
74.84448
74.90698
74.96997
75.03343
75.09736
75.16177
75.22665
75.29201
75.35783
75.42413
75.49089
75.55812
75.62582
75.69398
75.7626
75.83168
75.90122
75.97121
76.04167
76.11258
76.18394
76.25575
76.328
76.40071
76.47386
76.54745
76.62149
76.69596
76.77087
76.84622
76.922
76.99821
77.07481
77.15191
77.2294
77.3073
77.38563
77.46438
77.54354
77.62311
77.70309
77.78348
77.86427
77.94546
78.02705
78.10904
78.19142
78.27419
78.35735
78.4409
78.52482
78.60913
78.69381
78.77887
78.86429
78.95008
79.03624
79.12275
79.20963
79.29685
79.38443
79.47235
79.56062
79.64923
79.73818
79.82746
79.91707
80.007
80.09726
80.18784
80.27873
80.36994
80.46145
80.55327
80.64539
80.7378
80.83051
80.9235
81.01678
81.11034
81.20418
81.29829
81.39267
81.48731
81.58221
81.67736
81.77277
81.86843
81.96432
82.06046
82.15683
82.25343
82.35025
82.4473
82.54456
82.64203
82.73971
82.83759
82.93566
83.03393
83.13239
83.23103
83.32985
83.42884
83.528
83.62733
83.72681
83.82645
83.92623
84.02616
84.12623
84.22643
84.32676
84.42722
84.52779
84.62848
84.72927
84.83017
84.93117
85.03225
85.13343
85.23469
85.33602
85.43743
85.5389
85.64043
85.74202
85.84366
85.94534
86.04706
86.14881
86.2506
86.3524
86.45423
86.55606
86.6579
86.75975
86.86158
86.96341
87.06522
87.16701
87.26878
87.37051
87.4722
87.57385
87.67545
87.777
87.87848
87.9799
88.08125
88.18252
88.28371
88.38481
88.48582
88.58673
88.68753
88.78822
88.8888
88.98925
89.08958
89.18977
89.28983
89.38974
89.4895
89.58911
89.68856
89.78784
89.88695
89.98588
90.08463
90.18324
90.28163
90.3798
90.47776
90.57552
90.67306
90.77038
90.86748
90.96434
91.06097
91.15736
91.2535
91.34939
91.44502
91.54039
91.63549
91.73031
91.82486
91.91913
92.01311
92.10679
92.20018
92.29327
92.38604
92.4785
92.57065
92.66247
92.75396
92.84512
92.93595
93.02634
93.11656
93.20634
93.29577
93.38484
93.47354
93.56187
93.64982
93.7374
93.82459
93.91139
93.9978
94.08382
94.16943
94.25464
94.33943
94.42382
94.50778
94.59133
94.67444
94.75713
94.83938
94.92119
95.00256
95.08349
95.16396
95.24398
95.32354
95.40264
95.48128
95.55944
95.63714
95.71435
95.79109
95.86734
95.94311
96.01838
96.09316
96.16745
96.24123
96.31451
96.38728
96.45955
96.53129
96.60253
96.67324
96.74343
96.81309
96.88223
96.95083
97.0189
97.08643
97.15343
97.21987
97.28578
97.35113
97.41594
97.48019
97.54388
97.60701
97.66959
97.7316
97.79304
97.85391
97.91422
97.97395
98.0331
98.09168
98.14968
98.20709
98.26392
98.32016
98.37582
98.43088
98.48536
98.53923
98.59251
98.6452
98.69728
98.74876
98.79964
98.84991
98.89957
98.94863
98.99707
99.0449
99.09212
99.13873
99.18471
99.23008
99.27483
99.31895
99.36246
99.40534
99.44759
99.48922
99.53022
99.57059
99.61033
99.64943
99.68791
99.72575
99.76296
99.79952
99.83546
99.87075
99.9054
99.93942
99.97279
100.00552
100.03761
100.06905
100.09985
100.13
100.15951
100.18837
100.21658
100.24414
100.27105
100.29731
100.32293
100.34789
100.37219
100.39585
100.41885
100.4412
100.46289
100.48393
100.50431
100.52404
100.54311
100.56153
100.57928
100.59638
100.61282
100.62861
100.64373
100.6582
