B,0 #基圆半径
G,0 #测杆滚轮半径 如果是平面随动件则可以近似设置为10倍基圆半径的滚子

A,0,359.75,0.25 #角度范围及角度步距
86.18556
86.29302
86.4005
86.508
86.61551
86.72302
86.83054
86.93804
87.04552
87.15298
87.26042
87.36781
87.47516
87.58246
87.68791
87.79689
87.904
88.01103
88.11797
88.22483
88.33158
88.43823
88.54477
88.65119
88.75748
88.86364
88.96965
89.07552
89.18124
89.28679
89.39218
89.49739
89.60241
89.70725
89.81189
89.91633
90.02056
90.12457
90.22836
90.33191
90.43523
90.5383
90.64113
90.74369
90.84599
90.94802
91.04976
91.15122
91.25239
91.35326
91.45383
91.55408
91.65401
91.75362
91.85289
91.95183
92.05042
92.14866
92.24653
92.34405
92.44119
92.53795
92.63433
92.73032
92.82592
92.92111
93.01589
93.11025
93.2042
93.29771
93.3908
93.48344
93.57564
93.66738
93.75867
93.8495
93.93986
94.02974
94.11915
94.20807
94.29649
94.38442
94.47185
94.55878
94.64518
94.73108
94.81645
94.90129
94.9856
95.06937
95.1526
95.23528
95.31741
95.39898
95.47999
95.56043
95.64031
95.71961
95.79833
95.87647
95.95402
96.03097
96.10734
96.1831
96.25826
96.33281
96.40676
96.48009
96.5528
96.62489
96.69635
96.76719
96.8374
96.90698
96.97592
97.04421
97.11187
97.17888
97.24525
97.31096
97.37603
97.44044
97.50419
97.56729
97.62972
97.69149
97.7526
97.81305
97.87282
97.93193
97.99037
98.04814
98.10524
98.16166
98.21741
98.27249
98.32689
98.38061
98.43366
98.48604
98.53774
98.58876
98.6391
98.68877
98.73777
98.78609
98.83373
98.88071
98.927
98.97263
99.01759
99.06187
99.10549
99.14844
99.19072
99.23234
99.2733
99.3136
99.35324
99.39223
99.43056
99.46824
99.50527
99.54166
99.5774
99.6125
99.64697
99.6808
99.714
99.74657
99.77852
99.80985
99.84056
99.87066
99.90015
99.92903
99.957323
99.98501
100.0121
100.03861
100.06454
100.08989
100.11467
100.13888
100.16252
100.18561
100.20815
100.23014
100.25159
100.2725
100.29288
100.31274
100.33208
100.35091
100.36923
100.38705
100.40438
100.42122
100.43758
100.45346
100.46888
100.48383
100.49833
100.51238
100.52599
100.53917
100.55192
100.56424
100.57616
100.58766
100.59877
100.60949
100.61982
100.62978
100.63936
100.64858
100.65745
100.66597
100.67415
100.682
100.68952
100.69672
100.70361
100.7102
100.7165
100.7225
100.72823
100.73368
100.73887
100.7438
100.74848
100.75292
100.75712
100.76109
100.76484
100.76838
100.77172
100.77485
100.77779
100.78055
100.78313
100.78554
100.78779
100.78988
100.79182
100.79362
100.79528
100.79681
100.79821
100.7995
100.80068
100.80175
100.80272
100.8036
100.8044
100.80511
100.80574
100.80631
100.8068
100.80724
100.80762
100.80795
100.80824
100.80848
100.80868
100.80885
100.80899
100.80911
100.8092
100.80927
100.80932
100.80936
100.80939
100.80941
100.80943
100.80944
100.80944
100.80944
100.80944
100.80944
100.80944
100.80944
100.80944
100.80944
100.80944
100.80944
100.80944
100.80944
100.80944
100.80944
100.80944
100.80944
100.80944
100.80944
100.80944
100.80944
100.80944
100.80944
100.80944
100.80944
100.80944
100.80944
100.80944
100.80944
100.80944
100.80944
100.80944
100.80944
100.80944
100.80944
100.80944
100.80944
100.80944
100.80944
100.80944
100.80944
100.80944
100.80944
100.80944
100.80944
100.80944
100.80944
100.80944
100.80944
100.80944
100.80944
100.80944
100.80944
100.80944
100.80944
100.80944
100.80944
100.80944
100.80944
100.80944
100.80944
100.80944
100.80944
100.80944
100.80944
100.80944
100.80944
100.80944
100.80944
100.80944
100.80944
100.80944
100.80944
100.80944
100.80944
100.80944
100.80944
100.80944
100.80944
100.80944
100.80944
100.80944
100.80944
100.80944
100.80944
100.80944
100.80944
100.80944
100.80944
100.80944
100.80944
100.80944
100.80944
100.80944
100.80944
100.80944
100.80944
100.80944
100.80944
100.80944
100.80944
100.80944
100.80944
100.80944
100.80944
100.80944
100.80944
100.80944
100.80944
100.80944
100.80944
100.80944
100.80944
100.80944
100.80944
100.80944
100.80944
100.80944
100.80944
100.80944
100.80944
100.80944
100.80944
100.80944
100.80944
100.80944
100.80944
100.80944
100.80944
100.80944
100.80944
100.80944
100.80944
100.80944
100.80944
100.80944
100.80944
100.80944
100.80944
100.80944
100.80944
100.80944
100.80944
100.80944
100.80944
100.80944
100.80944
100.80944
100.80944
100.80944
100.80944
100.80944
100.80944
100.80944
100.80944
100.80944
100.80944
100.80944
100.80944
100.80944
100.80944
100.80944
100.80944
100.80944
100.80944
100.80944
100.80944
100.80944
100.80944
100.80944
100.80944
100.80944
100.80944
100.80944
100.80944
100.80944
100.80944
100.80944
100.80944
100.80944
100.80944
100.80944
100.80944
100.80944
100.80944
100.80944
100.80944
100.80944
100.80944
100.80944
100.80944
100.80944
100.80944
100.80944
100.80944
100.80944
100.80944
100.80944
100.80944
100.80944
100.80944
100.80944
100.80944
100.80944
100.80944
100.80944
100.80944
100.80944
100.80944
100.80944
100.80944
100.80944
100.80944
100.80944
100.80944
100.80944
100.80944
100.80944
100.80944
100.80944
100.80944
100.80944
100.80944
100.80944
100.80944
100.80944
100.80944
100.80944
100.80944
100.80944
100.80944
100.80944
100.80944
100.80944
100.80944
100.80944
100.80944
100.80944
100.80944
100.80944
100.80944
100.80944
100.80944
100.80944
100.80944
100.80944
100.80944
100.80944
100.80944
100.80944
100.80944
100.80944
100.80944
100.80944
100.80944
100.80944
100.80944
100.80944
100.80944
100.80944
100.80944
100.80944
100.80944
100.80944
100.80944
100.80944
100.80944
100.80944
100.80944
100.80944
100.80944
100.80944
100.80944
100.80944
100.80944
100.80944
100.80944
100.80944
100.80944
100.80944
100.80944
100.80944
100.80944
100.80944
100.80944
100.80944
100.80944
100.80944
100.80944
100.80944
100.80944
100.80944
100.80944
100.80944
100.80944
100.80944
100.80944
100.80944
100.80944
100.80944
100.80944
100.80944
100.80944
100.80944
100.80944
100.80944
100.80944
100.80944
100.80944
100.80944
100.80944
100.80944
100.80944
100.80944
100.80944
100.80944
100.80944
100.80944
100.80944
100.80944
100.80944
100.80944
100.80944
100.80944
100.80944
100.80944
100.80944
100.80944
100.80944
100.80944
100.80944
100.80944
100.80944
100.80944
100.80944
100.80944
100.80944
100.80944
100.80944
100.80944
100.80944
100.80944
100.80944
100.80944
100.80944
100.80944
100.80944
100.80944
100.80944
100.80944
100.80944
100.80944
100.80944
100.80944
100.80944
100.80944
100.80944
100.80944
100.80944
100.80944
100.80944
100.80944
100.80944
100.80944
100.80944
100.80944
100.80944
100.80944
100.80944
100.80944
100.80943
100.80943
100.80941
100.80939
100.80936
100.80932
100.80926
100.80918
100.80909
100.80897
100.80883
100.80865
100.80844
100.80819
100.8079
100.80756
100.80717
100.80673
100.80622
100.80564
100.805
100.80427
100.80346
100.80257
100.80158
100.80049
100.79929
100.79799
100.79656
100.79501
100.79333
100.79151
100.78954
100.78743
100.78515
100.78271
100.7801
100.77731
100.77434
100.77177
100.7678
100.76422
100.76043
100.75642
100.75218
100.7477
100.74297
100.738
100.73276
100.72726
100.72148
100.71542
100.70907
100.70242
100.69547
100.68821
100.68062
100.67271
100.66447
100.65588
100.64694
100.63764
100.62798
100.61794
100.60753
100.59673
100.58553
100.57394
100.56193
100.54951
100.53666
100.52338
100.50967
100.49551
100.4809
100.46583
100.4503
100.4343
100.41781
100.40085
100.38339
100.36543
100.34697
100.328
100.30852
100.28851
100.26797
100.2469
100.22529
100.20313
100.18043
100.15716
100.13334
100.10895
100.08398
100.05844
100.03232
100.00561
99.97831
99.95041
99.92192
99.89281
99.8631
99.83278
99.80184
99.77028
99.73809
99.70528
99.67183
99.63775
99.60303
99.56768
99.53167
99.49502
99.45773
99.41978
99.38117
99.34191
99.302
99.26142
99.22018
99.17827
99.1357
99.09247
99.04856
99.00399
98.95875
98.91283
98.86625
98.81899
98.77106
98.72245
98.67317
98.62322
98.5726
98.5213
98.46933
98.41669
98.36338
98.3094
98.25474
98.19942
98.14343
98.08678
98.02946
97.97148
97.91283
97.85353
97.79357
97.73295
97.67168
97.60975
97.54718
97.48397
97.4201
97.3556
97.29046
97.22469
97.15828
97.09125
97.02359
96.95531
96.88641
96.81689
96.74677
96.67604
96.6047
96.53277
96.46024
96.38712
96.31342
96.23913
96.16427
96.08883
96.01283
95.93626
95.85914
95.78146
95.70323
95.62446
95.54516
95.46352
95.38495
95.30406
95.22266
95.14074
95.05832
94.9754
94.89199
94.80809
94.7237
94.63884
94.55351
94.46772
94.38147
94.29476
94.20761
94.12002
94.032
93.94354
93.85467
93.76538
93.67569
93.58559
93.4951
93.40421
93.31295
93.22131
93.1293
93.03692
92.94419
92.85112
92.75769
92.66393
92.56985
92.47544
92.38071
92.28567
92.19033
92.09469
91.99877
91.90256
91.80607
91.70932
91.6123
91.51503
91.41751
91.31974
91.22174
91.12351
91.02506
90.92639
90.82751
90.72843
90.62916
90.52969
90.43004
90.33022
90.23023
90.13007
90.02976
89.9293
89.82869
89.72795
89.62708
89.52608
89.42496
89.32374
89.22241
89.12098
89.01946
88.91785
88.81616
88.7144
88.61257
88.51068
88.40874
88.30675
88.20471
88.10263
88.00053
87.8984
87.79625
87.69408
87.59191
87.48974
87.38757
87.28541
87.18326
87.08114
86.97904
86.87697
86.77494
86.67296
86.57102
86.46914
86.36731
86.26555
86.16386
86.06224
85.9607
85.85925
85.75788
85.65662
85.55545
85.45438
85.35343
85.25259
85.15187
85.05127
84.95081
84.85047
84.75028
84.65023
84.55032
84.45057
84.35097
84.25153
84.15226
84.05316
83.95423
83.85548
83.75691
83.65852
83.56033
83.46233
83.36453
83.26693
83.16954
83.07236
82.97539
82.87864
82.78211
82.6858
82.58972
82.49388
82.39827
82.3029
82.20778
82.1129
82.01827
81.92389
81.82977
81.73591
81.64232
81.54899
81.45593
81.36314
81.27062
81.17839
81.08644
80.99477
80.90339
80.8123
80.7215
80.63101
80.5408
80.45091
80.36131
80.27202
80.18305
80.09438
80.00603
79.918
79.83029
79.7429
79.65584
79.5691
79.48269
79.39662
79.31088
79.22547
79.14041
79.05568
78.9713
78.88724
78.80353
78.72019
78.63721
78.55458
78.4723
78.39038
78.30883
78.22763
78.1468
78.06633
77.98623
77.9065
77.82714
77.74815
77.66954
77.5913
77.51344
77.43596
77.35886
77.28215
77.20582
77.12987
77.05431
76.97914
76.90436
76.82997
76.75598
76.68238
76.60917
76.53637
76.46396
76.39195
76.32035
76.24914
76.17834
76.10795
76.03796
75.96838
75.89921
75.83045
75.7621
75.69416
75.62664
75.55953
75.49284
75.42656
75.3607
75.29526
75.23025
75.16565
75.10147
75.03772
74.97439
74.91149
74.84901
74.78696
74.72533
74.66414
74.60337
74.54304
74.48313
74.42366
74.36462
74.30602
74.24785
74.19012
74.13282
74.07569
74.01953
73.96355
73.908
73.8529
73.79823
73.74401
73.69023
73.63689
73.584
73.53155
73.47954
73.42798
73.37687
73.3262
73.27599
73.22622
73.17689
73.12802
73.0796
73.03163
72.98411
72.93704
72.89043
72.84427
72.79856
72.7533
72.7085
72.66416
72.62027
72.57684
72.53387
72.49135
72.44929
72.40769
72.36655
72.32857
72.28565
72.24589
72.20659
72.16775
72.12937
72.09146
72.05401
72.01703
71.98051
71.94445
71.90886
71.87373
71.83907
71.80488
71.77115
71.73789
71.7051
71.67278
71.64093
71.60954
71.57863
71.54819
71.51821
71.48871
71.45968
71.43112
71.40304
71.37543
71.34829
71.32162
71.29543
71.26972
71.24448
71.21971
71.19543
71.17161
71.14828
71.12542
71.10304
71.08114
71.05972
71.03878
71.01832
70.99834
70.97883
70.95981
70.94127
70.92322
70.90564
70.88855
70.87194
70.85582
70.84018
70.82502
70.81035
70.79617
70.78247
70.76926
70.75653
70.7443
70.73255
70.72128
70.71051
70.70023
70.69044
70.68113
70.67232
70.664
70.65617
70.64883
70.64198
70.63563
70.62977
70.6244
70.61953
70.61515
70.61127
70.60789
70.605
70.6026
70.60071
70.59931
70.59841
70.59801
70.59811
70.5987
70.5998
70.6014
70.60349
70.60609
70.60919
70.6128
70.6169
70.62151
70.62662
70.63224
70.63836
70.64499
70.65212
70.65976
70.6679
70.67656
70.68571
70.69538
70.70556
70.71624
70.72743
70.73914
70.75135
70.76407
70.77731
70.79106
70.80532
70.82009
70.83537
70.85117
70.86748
70.8843
70.90764
70.9195
70.93787
70.95676
70.97616
70.99608
71.01652
71.03747
71.05894
71.08093
71.10344
71.12647
71.15002
71.17409
71.19868
71.22379
71.24942
71.27557
71.30225
71.32944
71.35716
71.38541
71.41417
71.44346
71.47327
71.50361
71.53447
71.56586
71.59777
71.6302
71.66317
71.69665
71.73067
71.76521
71.80028
71.83587
71.87199
71.90864
71.94581
71.98352
72.02175
72.0605
72.09979
72.13961
72.17995
72.22082
72.26222
72.30415
72.34661
72.38959
72.43311
72.47715
72.52172
72.56682
72.61245
72.65861
72.70529
72.75251
72.80025
72.84852
72.89732
72.94665
72.9965
73.04688
73.09779
73.14923
73.2012
73.25369
73.3067
73.36025
73.41431
73.46891
73.52403
73.57967
73.63584
73.69253
73.74974
73.80748
73.86573
73.92451
73.98381
74.04363
74.10397
74.16483
74.22621
74.28811
74.35052
74.41345
74.47689
74.54085
74.60532
74.6703
74.7358
74.8018
74.86832
74.93534
75.00287
75.07091
75.13945
75.2085
75.27805
75.3481
75.41865
75.4897
75.56124
75.63329
75.70583
75.77886
75.85238
75.92639
76.0009
76.07589
76.15136
76.22732
76.30376
76.38067
76.45807
76.53595
76.61429
76.69311
76.7724
76.85216
76.93238
77.01307
77.09422
77.17583
77.2579
77.34042
77.42339
77.50681
77.59068
77.675
77.75976
77.84496
77.93059
78.01666
78.10316
78.19009
78.27744
78.36522
78.45341
78.54203
78.63105
78.72049
78.81033
78.90058
78.99123
79.08228
79.17372
79.26555
79.35777
79.45037
79.54335
79.63671
79.73044
79.82453
79.919
80.01382
80.109
80.20453
80.30041
80.39664
80.49321
80.59011
80.68735
80.78491
80.8828
80.98101
81.07953
81.17836
81.27749
81.37693
81.47666
81.57669
81.677
81.77759
81.87846
81.9796
82.08101
82.18268
82.28461
82.38679
82.48921
82.59188
82.69478
82.79791
82.90127
83.00485
83.10864
83.21264
83.31684
83.42124
83.52584
83.63062
83.73557
83.84071
83.94601
84.05148
84.1571
84.26287
84.36879
84.47485
84.58103
84.68735
84.79379
84.90034
85.007
85.11376
85.22062
85.32756
85.43459
85.54169
85.64887
85.75611
85.8634
85.97075
86.07814
