0.5 0.000339571600358023
1 0.00137196691358107
1.5 0.0031175739684621
2 0.00559672228882854
2.5 0.00882973086038836
3 0.0128369711999617
3.5 0.017638931603897
4 0.0232563550938005
4.5 0.0297102661395882
5 0.0370218837246166
5.5 0.0452124842664779
6 0.0543031234248015
6.5 0.064314557808523
7 0.075267092540507
7.5 0.0871805445075135
8 0.10007427159536
8.5 0.113967175526262
9 0.128877868372219
9.5 0.144824749810721
10 0.161826127741117
10.5 0.179900302361937
11 0.199065721400124
11.5 0.219341055844227
12 0.240745254321273
12.5 0.263297640099226
13 0.287017908739338
13.5 0.311926188741284
14 0.338043037088237
14.5 0.365389250603587
15 0.393985604264566
15.5 0.423852610952172
16 0.455010460701148
16.5 0.487478921287362
17 0.521277297694687
17.5 0.556424499617616
18 0.592938977946287
18.5 0.630838701996171
19 0.670141276440622
19.5 0.710864061703928
20 0.753024244944332
20.5 0.796638864957797
21 0.841724876316683
21.5 0.888299216519729
22 0.936378803984538
22.5 0.985980497275462
23 1.03712093439041
23.5 1.08981642347131
24 1.14408281144254
24.5 1.19993531237266
25 1.2573883909709
25.5 1.31645574477954
26 1.37715035551574
26.5 1.43948445637304
27 1.50346950671443
27.5 1.56911621109776
28 1.63643462491127
28.5 1.70543432435137
29 1.7761244205604
29.5 1.84851361834326
30 1.92261034666346
30.5 1.99842292722839
31 2.07595977561449
31.5 2.15522947984856
32 2.23624080050882
32.5 2.31900268029804
33 2.403524317589
33.5 2.48981508572784
34 2.57788560941111
34.5 2.66774640286032
35 2.75940870295478
35.5 2.85288417867681
36 2.94818492800379
36.5 3.04532343832384
37 3.14431244734773
37.5 3.24516487473441
38 3.34789380719186
38.5 3.45251239826914
39 3.55903376649219
39.5 3.66747099708517
40 3.77783726063047
40.5 3.89014590777689
41 4.00441055509443
41.5 4.12064508147624
42 4.23886365493285
42.5 4.35908081556231
43 4.48131157751346
43.5 4.60557151710107
44 4.7318768118502
44.5 4.86024432806981
45 4.99069156276659
45.5 5.1232365501838
46 5.25789760387989
46.5 5.39469306255219
47 5.53364109514399
47.5 5.67475959041447
48 5.81806607902501
48.5 5.96357769027462
49 6.11131102493942
49.5 6.26128204569188
50 6.41350603522143
50.5 6.56799760937734
51 6.72477075170306
51.5 6.88383886897111
52 7.04521472465011
52.5 7.20891034888462
53 7.37493701097309
53.5 7.54330521137765
54 7.71402473838237
54.5 7.88710469098113
55 8.06255334874522
55.5 8.24037822515912
56 8.42058604133852
56.5 8.60318271123489
57 8.78817342747389
57.5 8.97556280697661
58 9.16535497593958
58.5 9.35755364251412
59 9.55216214707306
59.5 9.74918359644986
60 9.94862094306037
60.5 10.1504769436344
61 10.3547541491472
61.5 10.5614548337552
62 10.7705809224579
62.5 10.982133923158
63 11.1961150224117
63.5 11.4125252043744
64 11.6313652509963
64.5 11.8526355750433
65 12.0763361681751
65.5 12.3024665498991
66 12.5310257952088
66.5 12.7620123945046
67 12.9954241494993
67.5 13.231258093767
68 13.4695103682388
68.5 13.7101760882337
69 13.9532492181691
69.5 14.1987225083446
70 14.4465874881928
70.5 14.6968344970658
71 14.9494526523977
71.5 15.2044298493467
72 15.4617528580036
72.5 15.7214074683359
73 15.983378576161
73.5 16.2476501982896
74 16.5142054747839
74.5 16.7830266783083
75 17.054095139043
75.5 17.3273910725522
76 17.6028933223621
76.5 17.8805791627475
77 18.1604241881363
77.5 18.4424021903158
78 18.7264851061904
78.5 19.0126429882923
79 19.3008440203713
79.5 19.5910545124133
80 19.8832389374619
80.5 20.1773599745137
81 20.4733785656044
81.5 20.7712540299904
82 21.0709442417577
82.5 21.372405893863
83 21.6755946367057
83.5 21.9804649960138
84 22.2869702181773
84.5 22.5950620973911
85 22.9046907312945
85.5 23.2158044725553
86 23.5283499711692
86.5 23.8422721970308
87 24.1575145132585
87.5 24.4740187756149
88 24.7917254054023
88.5 25.1105734466028
89 25.4305005691382
89.5 25.7514429037783
90 26.0733351231143
90.5 26.3961105316905
91 26.7197010641196
91.5 27.0440374213702
92 27.369048982026
92.5 27.6946631786852
93 28.0208061765717
93.5 28.3474036941405
94 28.6743804189509
94.5 29.0016605158134
95 29.3291675313596
95.5 29.6568233437147
96 29.984548242623
96.5 30.3122610038795
97 30.6398782246872
97.5 30.9673136179149
98 31.2944778307011
98.5 31.621279731546
99 31.9476271787161
99.5 32.2734264771141
100 32.5985823535231
100.5 32.9229988585864
101 33.2465793612412
101.5 33.5692267867341
102 33.8908443431857
102.5 34.2113351295845
103 34.5306023842753
103.5 34.8485492773759
104 35.1650787974443
104.5 35.4800941235535
105 35.7934988319919
105.5 36.1051961406586
106 36.415089814306
106.5 36.723085549457
107 37.029090891526
107.5 37.3330148404926
108 37.634766664154
108.5 37.9342566707379
109 38.231396177043
109.5 38.52609745499
110 38.8182733791277
110.5 39.1078370548436
111 39.3947014377501
111.5 39.6787794602398
112 39.9599843008355
112.5 40.2382293624312
113 40.5134287091075
113.5 40.7854971753109
114 41.0543506759869
114.5 41.3199064843215
115 41.5820834950096
115.5 41.8408022121414
116 42.0959852011806
116.5 42.3475565177991
117 42.595441976581
117.5 42.8395692786252
118 43.0798682208847
118.5 43.3162709042105
119 43.5487116954283
119.5 43.7771271462023
120 44.001455561551
120.5 44.2216370695958
121 44.4376143491743
121.5 44.6493325434312
122 44.8567389374425
122.5 45.0597827568554
123 45.2584147180419
123.5 45.4525868609165
124 45.6422521138418
124.5 45.8273643013054
125 46.0078785594053
125.5 46.1837517339078
126 46.3549427279617
126.5 46.5214129996167
127 46.6831264903644
127.5 46.8400497309063
128 46.9921516083501
128.5 47.1394033086392
129 47.2817785474098
129.5 47.4192531705599
130 47.5518054238227
130.5 47.6794157177203
131 47.8020663597846
131.5 47.9197412051903
132 48.0324255283306
132.5 48.1401057363863
133 48.2427693598422
133.5 48.3404053053859
134 48.4330046829916
134.5 48.5205613532077
135 48.6030724845266
135.5 48.6805382488579
136 48.7529611503996
136.5 48.8203457528848
137 48.8826988194443
137.5 48.940028935353
138 48.9923461925541
138.5 49.0396614961371
139 49.0819857979283
139.5 49.1193300489176
140 49.1517051606866
140.5 49.1791215467728
141 49.2015893629905
141.5 49.2191190511063
142 49.2317209780955
142.5 49.2394051063414
143 49.2421820066423
143.5 49.2400632863851
144 49.2330632311221
144.5 49.2211986565596
145 49.204489660524
145.5 49.1829594562553
146 49.1566342223343
146.5 49.1255434740868
147 49.0897199226136
147.5 49.0491992992699
148 49.0040196223381
148.5 48.9542204025018
149 48.8998421270384
149.5 48.840925996147
150 48.7775135479719
150.5 48.7096457638164
151 48.6373623563932
151.5 48.5607016536336
152 48.4797006733924
152.5 48.3943943231985
153 48.3048150496904
153.5 48.2109930004468
154 48.1129561365927
154.5 48.0107304954666
155 47.9043406597868
155.5 47.7938100168925
156 47.6791607275901
156.5 47.5604135257297
157 47.4375880617365
157.5 47.3107032878117
158 47.1797775331406
158.5 47.0448286459745
159 46.905874590962
159.5 46.7629339377547
160 46.616026456571
160.5 46.4651735293945
161 46.3103985572898
161.5 46.1517268120185
162 45.9891852927815
162.5 45.8228034058142
163 45.6526128981313
163.5 45.4786478702243
164 45.3009448636544
164.5 45.1195429667614
165 44.9344839730267
165.5 44.7458123892302
166 44.553575362848
166.5 44.3578226144038
167 44.1586064162072
167.5 43.9559813880411
168 43.7500040754054
168.5 43.54073250376
169 43.3282256892916
169.5 43.1125432225611
170 42.8937447805032
170.5 42.6718898585654
171 42.4470375840912
171.5 42.2192464192267
172 41.98857381722
172.5 41.7550760660416
173 41.5188083810994
173.5 41.2798249065089
174 41.0381786656578
174.5 40.7939216595571
175 40.5471050639535
175.5 40.2977794151091
176 40.045994639865
176.5 39.7917999672911
177 39.535243916499
177.5 39.276374344463
178 39.0152384664066
178.5 38.7518831738739
179 38.4863553246694
179.5 38.2187019259213
180 37.9489702477335
180.5 37.6772078733872
181 37.4034628298275
181.5 37.1277839018854
182 36.8502209501514
182.5 36.5708251142175
183 36.2896488854598
183.5 36.0067461938658
184 35.7221724712692
184.5 35.435984633058
185 35.1482411643647
185.5 34.8590022299314
186 34.5683297489298
186.5 34.2762874544414
187 33.9829408298125
187.5 33.6883567718539
188 33.3926031156611
188.5 33.0957481954997
189 32.7978604658284
189.5 32.4990082618633
190 32.1992596497709
190.5 31.898682320737
191 31.5973435083575
191.5 31.2953098263324
192 30.9926469632509
192.5 30.6894194529797
193 30.3856905946526
193.5 30.0815225709938
194 29.7769765867635
194.5 29.4721129479802
195 29.1669911301757
195.5 28.8616697839792
196 28.556206656596
196.5 28.2506586492807
197 27.9450819450258
197.5 27.6395319259915
198 27.3340629305079
198.5 27.028728086612
199 26.7235792029484
199.5 26.4186667129575
200 26.1140397688516
200.5 25.8097466701056
201 25.5058354122561
201.5 25.2023541931318
202 24.8993518881375
202.5 24.5968783653491
203 24.2949848267908
203.5 23.9937240210329
204 23.693150273842
204.5 23.3933193532951
205 23.094288268708
205.5 22.796114999654
206 22.4988580550819
206.5 22.2025759502616
207 21.9073266859335
207.5 21.6131674841729
208 21.320154798361
208.5 21.0283442822634
209 20.7377908195456
209.5 20.4485486341759
210 20.1606711939432
210.5 19.8742109094219
211 19.5892187263919
211.5 19.3057439178125
212 19.0238340149941
212.5 18.7435348488738
213 18.464890535766
213.5 18.1879435793613
214 17.9127349904841
214.5 17.6393042804218
215 17.3676893832773
215.5 17.097926520987
216 16.8300499431006
216.5 16.5640917250801
217 16.3000815820503
217.5 16.0380468665618
218 15.7780129121053
218.5 15.5200035626846
219 15.2640415590038
219.5 15.0101488596975
220 14.7583469581531
220.5 14.5086571154347
221 14.2611004165138
221.5 14.0156977612333
222 13.7724698232778
222.5 13.5314370284527
223 13.292619472699
223.5 13.0560367705495
224 12.8217079344354
224.5 12.589651116505
225 12.3598831512308
225.5 12.1324193391431
226 11.9072733663389
226.5 11.6844574112793
227 11.4639822209111
227.5 11.2458572500965
228 11.0300906190482
228.5 10.8166892813404
229 10.6056591640875
229.5 10.3970050723703
230 10.1907307271941
230.5 9.98683880391452
231 9.78533100798894
231.5 9.58620822591177
232 9.38947048206427
232.5 9.19511686455051
233 9.00314559866421
233.5 8.81355424964814
234 8.62633991118532
234.5 8.44149930827826
235 8.2590289703288
235.5 8.07892528239945
236 7.90118449255356
236.5 7.72580262099288
237 7.55277552666216
237.5 7.38209885397085
238 7.21376786486033
238.5 7.04777723221968
239 6.88412076956485
239.5 6.72279131269647
240 6.563780670274
240.5 6.40707964277902
241 6.25267815942203
241.5 6.10056543244955
242 5.95072997644973
242.5 5.80315956281131
243 5.65784148695732
243.5 5.51476264601603
244 5.37390961736554
244.5 5.23526878069385
245 5.0988265054029
245.5 4.96456928828969
246 4.83248370721658
246.5 4.70255640176997
247 4.57477407387078
247.5 4.44912348849155
248 4.32559163492916
248.5 4.20416578461361
249 4.08483339308364
249.5 3.96758197095929
250 3.85239919882797
250.5 3.73927296760577
251 3.62819129184406
251.5 3.51914220418078
252 3.41211373752189
252.5 3.30709383558462
253 3.20407026620016
253.5 3.10303067116725
254 3.00396240428492
254.5 2.90685259927921
255 2.81168803259951
255.5 2.71845526218585
256 2.62714061063909
256.5 2.53772995877919
257 2.4502082988259
257.5 2.36456001399219
258 2.28076930008347
258.5 2.1988204352919
259 2.11869822379744
259.5 2.04038737991759
260 1.96387215521684
260.5 1.88913700938166
261 1.81616602209084
261.5 1.74494311626565
262 1.67545144448317
262.5 1.60767475900511
263 1.5415969306963
263.5 1.47720050053252
264 1.41446741249704
264.5 1.35337903674662
265 1.29391730533815
265.5 1.23606462084115
266 1.17980337035389
266.5 1.12511556655718
267 1.07198284365709
267.5 1.02038601810316
268 0.970304975463545
268.5 0.921720224163286
269 0.874613291300632
269.5 0.828966114533994
270 0.784760793144271
270.5 0.741979693486642
271 0.700605466084926
271.5 0.660620904101176
272 0.622008788220475
272.5 0.584751975131941
273 0.548833486798379
273.5 0.514236338623751
274 0.480943536074932
274.5 0.448938002671153
275 0.41820269666658
275.5 0.388720565034515
276 0.360474763938311
276.5 0.333448531378736
277 0.307625117753242
277.5 0.282987960447037
278 0.259520348554056
278.5 0.237205516083726
279 0.216026528875392
279.5 0.195966205095234
280 0.177007364892228
280.5 0.159132690049775
281 0.14232461261966
281.5 0.126565491839705
282 0.111837393723941
282.5 0.0981220562731837
283 0.0854008972253784
283.5 0.0736547486924689
284 0.0628638437422959
284.5 0.0530079698941704
285 0.0440665011170674
285.5 0.0360184706014356
286 0.0288428659929351
286.5 0.0225186083353463
287 0.0170244254602676
287.5 0.0123389989314947
288 0.00844094100345986
288.5 0.00530867524345751
289 0.00292042844012819
289.5 0.00125437428627392
290 0.000288694355417729
