1 0.00531917824312874
2 0.0212895425410721
3 0.0479323626985184
4 0.0852707178413851
5 0.133330020843785
6 0.192137480972953
7 0.261721417699823
8 0.342111130108703
9 0.433337069108039
10 0.535431588401532
11 0.648429542451493
12 0.772368389271179
13 0.907288305545948
14 1.05323339319891
15 1.21025260610858
16 1.37839964668102
17 1.55773329029355
18 1.7483187604245
19 1.95022762092433
20 2.16353748545948
21 2.38833119008318
22 2.62469559646682
23 2.87272083231747
24 3.13250050222352
25 3.40413066546257
26 3.68770835482865
27 3.98333069250971
28 4.29109273877706
29 4.6110844826922
30 4.94338747584302
31 5.28807148855009
32 5.64519268844611
33 6.0147911920543
34 6.396887323525
35 6.79147910408229
36 7.19853897684418
37 7.61800999529524
38 8.04980246928211
39 8.49379097831281
40 8.94981153702179
41 9.41766080821886
42 9.8970975325553
43 10.387845201418
44 10.8895955899245
45 11.4020117191755
46 11.9247324573708
47 12.4573763405949
48 12.9995435774785
49 13.550818057103
50 14.1107672482547
51 14.6789434334754
52 15.2548868607041
53 15.8381274830189
54 16.4281828718465
55 17.0245560301846
56 17.6267350242719
57 18.2341896590337
58 18.8463670928447
59 19.4626905617725
60 20.0825595500877
61 20.7053492537557
62 21.3304099338521
63 21.9570722657859
64 22.584661528028
65 23.2125112147108
66 23.8399712586103
67 24.466414881819
68 25.0912480581234
69 25.7139129188255
70 26.3338849712394
71 26.9506718177663
72 27.5638125569419
73 28.1728782369902
74 28.7774773462484
75 29.3772563368298
76 29.9718859487726
77 30.5610396539412
78 31.1443766553629
79 31.7215334304537
80 32.2921269498934
81 32.855767805985
82 33.4120771941716
83 33.9606918161588
84 34.5012614415942
85 35.0334536889243
86 35.5569649041494
87 36.0715218536235
88 36.5768780320029
89 37.0728137011274
90 37.5591451116411
91 38.035731650227
92 38.5024612527045
93 38.9592270901295
94 39.4059126791166
95 39.8423889640013
96 40.2685178991491
97 40.684164978354
98 41.0892184336989
99 41.4835934768835
100 41.8672284252161
101 42.2400813330088
102 42.6021293152792
103 42.9533661553177
104 43.2938006665385
105 43.6234455951529
106 43.9423090479483
107 44.2503955012383
108 44.5477175736203
109 44.8343164322456
110 45.1102668492958
111 45.3756710515488
112 45.6306493922452
113 45.8753272068106
114 46.1098265059329
115 46.3342642800325
116 46.5487495652442
117 46.7533856546263
118 46.9482747387868
119 47.13352672053
120 47.3092662511109
121 47.475636953172
122 47.6328125152788
123 47.7809800528852
124 47.9203309263013
125 48.0510705716237
126 48.1734169408584
127 48.2876137773009
128 48.3939105146512
129 48.4925625198456
130 48.5838463838427
131 48.6680238278571
132 48.745341902132
133 48.816040759477
134 48.8803569703333
135 48.9385260683259
136 48.9907808671095
137 49.0373491035506
138 49.0784568666404
139 49.1143328000585
140 49.1452075853868
141 49.1713156092829
142 49.1928994810078
143 49.210213488123
144 49.2235175545905
145 49.2330698097977
146 49.2391253390347
147 49.2419368234108
148 49.2422103527338
149 49.2422103527338
150 49.2422103527338
151 49.2422103527338
152 49.2422103527338
153 49.2422103527338
154 49.2422103527338
155 49.2422103527338
156 49.2422103527338
157 49.2422103527338
158 49.2422103527338
159 49.2422103527338
160 49.2422103527338
161 49.2422103527338
162 49.2422103527338
163 49.2422103527338
164 49.2422103527338
165 49.2422103527338
166 49.2422103527338
167 49.2422103527338
168 49.2422103527338
169 49.2422103527338
170 49.2422103527338
171 49.2422103527338
172 49.2422103527338
173 49.2422103527338
174 49.2422103527338
175 49.2422103527338
176 49.2422103527338
177 49.2422103527338
178 49.2422103527338
179 49.2422103527338
180 49.2422103527338
181 49.2422103527338
182 49.2422103527338
183 49.2422103527338
184 49.2422103527338
185 49.2422103527338
186 49.2422103527338
187 49.2422103527338
188 49.2422103527338
189 49.2422103527338
190 49.2422103527338
191 49.2422103527338
192 49.2422103527338
193 49.2422103527338
194 49.2422103527338
195 49.2422103527338
196 49.2422103527338
197 49.2422103527338
198 49.2422103527338
199 49.2422103527338
200 49.2422103527338
201 49.2422103527338
202 49.2422103527338
203 49.2422103527338
204 49.2422103527338
205 49.2422103527338
206 49.2422103527338
207 49.2422103527338
208 49.2422103527338
209 49.2422103527338
210 49.2422103527338
211 49.2422103527338
212 49.2422103527338
213 49.2422103527338
214 49.2422103527338
215 49.2422103527338
216 49.2422103527338
217 49.2422087595941
218 49.2405851078066
219 49.2357515276275
220 49.2274603645535
221 49.2154524940938
222 49.1994537040078
223 49.1791818045271
224 49.1543570585629
225 49.1247052506908
226 49.0899522468597
227 49.0498148424104
228 49.0039915232628
229 48.9521560637573
230 48.893961571416
231 48.8290587486603
232 48.7571070750716
233 48.6777777723316
234 48.5907484188063
235 48.4956959799095
236 48.3922973927377
237 48.2802460455105
238 48.1592718281228
239 48.029149001376
240 47.8896937504415
241 47.7407516182563
242 47.5821780741075
243 47.4138227455282
244 47.2355159098522
245 47.0470616073826
246 46.848243458196
247 46.6388367470075
248 46.4186177789259
249 46.1873573409343
250 45.9448100698276
251 45.6907013944054
252 45.4247221149271
253 45.146552923391
254 44.8558956055635
255 44.552491647481
256 44.2361303302349
257 43.9066496243227
258 43.5639392531359
259 43.2079395976773
260 42.8386385771031
261 42.4560562288718
262 42.0602272653608
263 41.6511926382316
264 41.2290035256657
265 40.7937191415349
266 40.3454090073292
267 39.8841603447456
268 39.4100890967859
269 38.9233521993923
270 38.4241510925281
271 37.912726379879
272 37.3893459065249
273 36.8542988147482
274 36.307902741818
275 35.7505192246845
276 35.1825601309896
277 34.6044850578996
278 34.0167943623495
279 33.4200172209374
280 32.814697991821
281 32.2013984437295
282 31.5807061280086
283 30.9532330478446
284 30.3196094445016
285 29.6804795802915
286 29.0365011203437
287 28.3883416197919
288 27.7366790855309
289 27.0821957145539
290 26.4255681615635
291 25.7674731264375
292 25.1085967132027
293 24.4496445328708
294 23.7913369024394
295 23.1343919943088
296 22.4795203724204
297 21.8274154721184
298 21.1787469548214
299 20.5341606862478
300 19.8942796625936
301 19.259702112166
302 18.6310000656082
303 18.0087080379725
304 17.3933279297528
305 16.7853341838461
306 16.1851731351259
307 15.5932666201301
308 15.0100161568609
309 14.4358025177089
310 13.8709841613945
311 13.3158950936253
312 12.7708433439026
313 12.236109708683
314 11.7119476262077
315 11.1985844948569
316 10.6962230376389
317 10.205041480972
318 9.72519391093594
319 9.25681184113875
320 8.80000687128629
321 8.35487174992414
322 7.92147980754765
323 7.49988747936576
324 7.09013656585482
325 6.6922566771804
326 6.30626719931776
327 5.93217835837194
328 5.5699908557194
329 5.21969563968105
330 4.88127375195513
331 4.55469721151797
332 4.23993006827781
333 3.9369298509328
334 3.6456482046941
335 3.36603215353425
336 3.0980247360719
337 2.84156607832692
338 2.59659466783079
339 2.36304845571339
340 2.1408656761462
341 1.92998566101783
342 1.73034887044394
343 1.54189627494574
344 1.36456878200855
345 1.19830693049919
346 1.04305184992919
347 0.898746508064964
348 0.765336210012681
349 0.642768810481697
350 0.53099554473221
351 0.429971675098333
352 0.339657783728277
353 0.260020426840079
354 0.191032114969672
355 0.132671774098412
356 0.0849250767811817
357 0.0477835212977927
358 0.021244755376359
359 0.0053135823546191
