B,49.1672 #基圆半径
G,0 #测杆滚轮半径

A,0,359,0.5 #角度范围及角度步距
0
0.001329234
0.005319178
0.011971747
0.021289543
0.033275523
0.047932363
0.065263018
0.085270718
0.107958572
0.133330021
0.161388511
0.192137481
0.225580599
0.261721418
0.300563708
0.34211113
0.386367621
0.433337069
0.483023632
0.535431588
0.590565348
0.648429542
0.709028921
0.772368389
0.838453061
0.907288306
0.978879765
1.053233393
1.13035548
1.210252606
1.292931616
1.378399647
1.466664222
1.55773329
1.65161522
1.74831876
1.847853052
1.950227621
2.055452351
2.163537485
2.27449351
2.38833119
2.505061504
2.624695596
2.747244837
2.872720832
3.001135389
3.132500502
3.266828221
3.404130665
3.544419986
3.687708355
3.834007915
3.983330693
4.135688468
4.291092739
4.449554567
4.611084483
4.7756924
4.943387476
5.114178024
5.288071489
5.465074492
5.645192688
5.828430521
6.014791192
6.204276621
6.396887324
6.592622337
6.791479104
6.993453354
7.198538977
7.406727897
7.618009995
7.832373014
8.049802469
8.270281542
8.493790978
8.720309048
8.949811537
9.1822718
9.417660808
9.655947237
9.897097533
10.14107605
10.3878452
10.63736549
10.88959559
11.1444925
11.40201172
11.66210739
11.92473246
12.1898386
12.45737634
12.72729517
12.99954358
13.27406906
13.55081806
13.82973598
14.11076725
14.39385545
14.67894343
14.96597338
15.25488686
15.54562484
15.83812748
16.13233405
16.42818287
16.72561136
17.02455603
17.32495244
17.62673502
17.92983688
18.23418966
18.53972351
18.84636709
19.15404755
19.46269056
19.77222033
20.08255955
20.39362935
20.70534925
21.01763724
21.33040993
21.64358312
21.95707227
22.270793
22.58466153
22.8985949
23.21251121
23.52632977
23.83997126
24.15335811
24.46641488
24.77906846
25.09124806
25.40288506
25.71391292
26.02426708
26.33388497
26.64270606
26.95067182
27.25772558
27.56381256
27.86888018
28.17287824
28.47575903
28.77747735
29.07799025
29.37725634
29.67523506
29.97188595
30.2671681
30.56103965
30.85345742
31.14437666
31.43375115
31.72153343
32.00767501
32.29212695
32.57484051
32.85576781
33.13486199
33.41207719
33.68736852
33.96069182
34.23200361
34.50126144
34.76842445
35.03345369
35.29631219
35.5569649
35.81537865
36.07152185
36.32536447
36.57687803
36.8260359
37.0728137
37.3171897
37.55914511
37.79866386
38.03573165
38.27033513
38.50246125
38.73209662
38.95922709
39.1838377
39.40591268
39.62543549
39.84238896
40.05675559
40.2685179
40.47765933
40.68416498
40.88802179
41.08921843
41.28774509
41.48359348
41.67675656
41.86722843
42.05500447
42.24008133
42.42245674
42.60212932
42.77909882
42.95336616
43.12493285
43.29380067
43.45997119
43.6234456
43.78422469
43.94230905
44.09769906
44.2503955
44.40040035
44.54771757
44.69235343
44.83431643
44.97361689
45.11026685
45.24427999
45.37567105
45.50445556
45.63064939
45.75426816
45.87532721
45.99384167
46.10982651
46.22329614
46.33426428
46.44274439
46.54874957
46.65229245
46.75338565
46.85204197
46.94827474
47.04209799
47.13352672
47.22257707
47.30926625
47.39361262
47.47563695
47.55536232
47.63281252
47.70801062
47.78098005
47.85174517
47.92033093
47.98676364
48.05107057
48.11327837
48.17341694
48.2315182
48.28761378
48.3417342
48.39391051
48.44417507
48.49256252
48.53910859
48.58384638
48.62680771
48.66802383
48.70752521
48.7453419
48.78150388
48.81604076
48.84898197
48.88035697
48.91019522
48.93852607
48.96537841
48.99078087
49.01476171
49.0373491
49.05857131
49.07845687
49.09703447
49.1143328
49.13038083
49.14520759
49.15884255
49.17131561
49.1826574
49.19289948
49.20207399
49.21021349
49.21735058
49.22351755
49.22874664
49.23306981
49.2365188
49.23912534
49.24092096
49.24193682
49.24221035
49.24221035
49.24221035
49.24221035
49.24221035
49.24221035
49.24221035
49.24221035
49.24221035
49.24221035
49.24221035
49.24221035
49.24221035
49.24221035
49.24221035
49.24221035
49.24221035
49.24221035
49.24221035
49.24221035
49.24221035
49.24221035
49.24221035
49.24221035
49.24221035
49.24221035
49.24221035
49.24221035
49.24221035
49.24221035
49.24221035
49.24221035
49.24221035
49.24221035
49.24221035
49.24221035
49.24221035
49.24221035
49.24221035
49.24221035
49.24221035
49.24221035
49.24221035
49.24221035
49.24221035
49.24221035
49.24221035
49.24221035
49.24221035
49.24221035
49.24221035
49.24221035
49.24221035
49.24221035
49.24221035
49.24221035
49.24221035
49.24221035
49.24221035
49.24221035
49.24221035
49.24221035
49.24221035
49.24221035
49.24221035
49.24221035
49.24221035
49.24221035
49.24221035
49.24221035
49.24221035
49.24221035
49.24221035
49.24221035
49.24221035
49.24221035
49.24221035
49.24221035
49.24221035
49.24221035
49.24221035
49.24221035
49.24221035
49.24221035
49.24221035
49.24221035
49.24221035
49.24221035
49.24221035
49.24221035
49.24221035
49.24221035
49.24221035
49.24221035
49.24221035
49.24221035
49.24221035
49.24221035
49.24221035
49.24221035
49.24221035
49.24221035
49.24221035
49.24221035
49.24221035
49.24221035
49.24221035
49.24221035
49.24221035
49.24221035
49.24221035
49.24221035
49.24221035
49.24221035
49.24221035
49.24221035
49.24221035
49.24221035
49.24221035
49.24221035
49.24221035
49.24221035
49.24221035
49.24221035
49.24221035
49.24221035
49.24221035
49.24221035
49.24221035
49.24221035
49.24221035
49.24221035
49.24221035
49.24221035
49.24221035
49.24221035
49.24221035
49.24221035
49.24221035
49.24220876
49.24178298
49.24058511
49.23858484
49.23575153
49.23205399
49.22746036
49.22193782
49.21545249
49.20796956
49.1994537
49.18986952
49.1791818
49.16735578
49.15435706
49.14015157
49.12470525
49.10798376
49.08995225
49.07057491
49.04981484
49.02763368
49.00399152
48.97884671
48.95215606
48.92387566
48.89396157
48.86237024
48.82905875
48.79398483
48.75710708
48.71838483
48.67777777
48.63524571
48.59074842
48.5442454
48.49569598
48.44505977
48.39229739
48.3373712
48.28024605
48.22088949
48.15927183
48.09536632
48.029149
47.9605981
47.88969375
47.81641753
47.74075162
47.66267795
47.58217807
47.49923303
47.41382275
47.32592493
47.23551591
47.14257037
47.04706161
46.948962
46.84824346
46.74487769
46.63883675
46.53009284
46.41861778
46.30438257
46.18735734
46.06751088
45.94481007
45.81921954
45.69070139
45.55921576
45.42472211
45.28718062
45.14655292
45.00280256
44.85589561
44.70580122
44.55249165
44.39594201
44.23613033
44.07303797
43.90664962
43.73695306
43.56393925
43.38760234
43.2079396
43.02495103
42.83863858
42.64900556
42.45605623
42.25979518
42.06022727
41.85735775
41.65119264
41.44173882
41.22900353
41.01299423
40.79371914
40.57118737
40.34540901
40.11639557
39.88416034
39.64871881
39.4100891
39.16829227
38.9233522
38.67529543
38.42415109
38.16995046
37.91272638
37.65251304
37.38934591
37.1232617
36.85429881
36.58249796
36.30790274
36.03055985
35.75051922
35.46783395
35.18256013
34.89475667
34.60448506
34.31180907
34.01679436
33.71950787
33.42001722
33.11839079
32.81469799
32.50900967
32.20139844
31.89193864
31.58070613
31.26777815
30.95323305
30.63715012
30.31960944
30.00069197
29.68047958
29.35905489
29.03650112
28.71290197
28.38834162
28.06290545
27.73667909
27.40974751
27.08219571
26.75410788
26.42556816
26.09666146
25.76747313
25.43808911
25.10859671
24.77908504
24.44964453
24.12036522
23.7913369
23.46264934
23.13439199
22.80665317
22.47952037
22.15307967
21.82741547
21.50261076
21.17874695
20.85590405
20.53416069
20.21359412
19.89427966
19.57629141
19.25970211
18.94458234
18.63100007
18.31902085
18.00870804
17.70012365
17.39332793
17.08837922
16.78533418
16.48424769
16.18517314
15.88816252
15.59326662
15.30053508
15.01001616
14.72175678
14.43580252
14.15219747
13.87098416
13.59220359
13.31589509
13.04209637
12.77084334
12.50217026
12.23610971
11.97269244
11.71194763
11.45390294
11.19858449
10.94601684
10.69622304
10.44922459
10.20504148
9.963692224
9.725193911
9.489562286
9.256811841
9.026955966
8.800006871
8.575975578
8.35487175
8.136703975
7.921479808
7.709205769
7.499887479
7.293529726
7.090136566
6.88971133
6.692256677
6.497774773
6.306267199
6.117734929
5.932178358
5.74959728
5.569990856
5.393357672
5.21969564
5.049002074
4.881273752
4.716506896
4.554697212
4.39583998
4.239930068
4.086961983
3.936929851
3.789827428
3.645648205
3.504385456
3.366032154
3.230581052
3.098024736
2.968355635
2.841566078
2.717648341
2.596594668
2.47839729
2.363048456
2.250540461
2.140865676
2.034016573
1.929985661
1.828765542
1.73034887
1.634728234
1.541896275
1.451845605
1.364568782
1.280058369
1.19830693
1.119307164
1.04305185
0.969533926
0.898746508
0.830682796
0.76533621
0.702700278
0.64276881
0.585535831
0.530995545
0.479142536
0.429971675
0.383478194
0.339657784
0.298506412
0.260020427
0.224196614
0.191032115
0.160524481
0.132671774
0.107472413
0.084925077
0.065028924
0.047783521
0.033188669
0.021244755
0.011952709
0.005313582
