0.0000 0.0000
0.5000 0.0001
1.0000 0.0002
1.5000 0.0004
2.0000 0.0007
2.5000 0.0011
3.0000 0.0017
3.5000 0.0025
4.0000 0.0035
4.5000 0.0047
5.0000 0.0045
5.5000 0.0081
6.0000 0.0104
6.5000 0.0131
7.0000 0.0162
7.5000 0.0198
8.0000 0.0240
8.5000 0.0287
9.0000 0.0341
9.5000 0.0402
10.0000 0.0469
10.5000 0.0545
11.0000 0.0628
11.5000 0.0719
12.0000 0.0820
12.5000 0.0929
13.0000 0.1049
13.5000 0.1178
14.0000 0.1318
14.5000 0.1469
15.0000 0.1630
15.5000 0.1804
16.0000 0.1989
16.5000 0.2187
17.0000 0.2398
17.5000 0.2621
18.0000 0.2858
18.5000 0.3108
19.0000 0.3372
19.5000 0.3651
20.0000 0.3944
20.5000 0.4252
21.0000 0.4575
21.5000 0.4914
22.0000 0.5268
22.5000 0.5638
23.0000 0.6024
23.5000 0.6427
24.0000 0.6846
24.5000 0.7282
25.0000 0.7735
25.5000 0.8205
26.0000 0.8693
26.5000 0.9198
27.0000 0.9721
27.5000 1.0262
28.0000 1.0821
28.5000 1.1398
29.0000 1.1994
29.5000 1.2608
30.0000 1.3241
30.5000 1.3892
31.0000 1.4562
31.5000 1.5252
32.0000 1.5960
32.5000 1.6688
33.0000 1.7434
33.5000 1.8200
34.0000 1.8986
34.5000 1.9791
35.0000 2.0615
35.5000 2.1459
36.0000 2.2323
36.5000 2.3206
37.0000 2.4109
37.5000 2.5031
38.0000 2.5974
38.5000 2.6935
39.0000 2.7917
39.5000 2.8919
40.0000 2.9940
40.5000 3.0981
41.0000 3.2041
41.5000 3.3121
42.0000 3.4221
42.5000 3.5340
43.0000 3.6479
43.5000 3.7638
44.0000 3.8815
44.5000 4.0012
45.0000 4.1229
45.5000 4.2465
46.0000 4.3720
46.5000 4.4994
47.0000 4.6286
47.5000 4.7598
48.0000 4.8929
48.5000 5.0278
49.0000 5.1646
49.5000 5.3032
50.0000 5.4437
50.5000 5.5859
51.0000 5.7300
51.5000 5.8759
52.0000 6.0235
52.5000 6.1729
53.0000 6.3240
53.5000 6.4768
54.0000 6.6314
54.5000 6.7876
55.0000 6.9455
55.5000 7.1051
56.0000 7.2663
56.5000 7.4291
57.0000 7.5934
57.5000 7.7593
58.0000 7.9268
58.5000 8.0958
59.0000 8.2663
59.5000 8.4382
60.0000 8.6116
60.5000 8.7864
61.0000 8.9626
61.5000 9.1402
62.0000 9.3191
62.5000 9.4993
63.0000 9.6807
63.5000 9.8635
64.0000 10.0474
64.5000 10.2325
65.0000 10.4188
65.5000 10.6062
66.0000 10.7947
66.5000 10.9842
67.0000 11.1748
67.5000 11.3663
68.0000 11.5588
68.5000 11.7523
69.0000 11.9466
69.5000 12.1417
70.0000 12.3377
70.5000 12.5344
71.0000 12.7318
71.5000 12.9300
72.0000 13.1288
72.5000 13.3282
73.0000 13.5282
73.5000 13.7288
74.0000 13.9298
74.5000 14.1313
75.0000 14.3332
75.5000 14.5354
76.0000 14.7380
76.5000 14.9409
77.0000 15.1440
77.5000 15.3473
78.0000 15.5508
78.5000 15.7544
79.0000 15.9581
79.5000 16.1617
80.0000 16.3654
80.5000 16.5690
81.0000 16.7725
81.5000 16.9758
82.0000 17.1790
82.5000 17.3819
83.0000 17.5845
83.5000 17.7868
84.0000 17.9887
84.5000 18.1902
85.0000 18.3912
85.5000 18.5918
86.0000 18.7917
86.5000 18.9911
87.0000 19.1898
87.5000 19.3879
88.0000 19.5852
88.5000 19.7818
89.0000 19.9775
89.5000 20.1724
90.0000 20.3663
90.5000 20.5594
91.0000 20.7514
91.5000 20.9424
92.0000 21.1323
92.5000 21.3211
93.0000 21.5088
93.5000 21.6953
94.0000 21.8805
94.5000 22.0645
95.0000 22.2471
95.5000 22.4283
96.0000 22.6083
96.5000 22.7868
97.0000 22.9639
97.5000 23.1394
98.0000 23.3134
98.5000 23.4858
99.0000 23.6566
99.5000 23.8258
100.0000 23.9933
100.5000 24.1591
101.0000 24.3232
101.5000 24.4855
102.0000 24.6460
102.5000 24.8046
103.0000 24.9614
103.5000 25.1163
104.0000 25.2693
104.5000 25.4204
105.0000 25.5694
105.5000 25.7165
106.0000 25.8616
106.5000 26.0045
107.0000 26.1454
107.5000 26.2842
108.0000 26.4209
108.5000 26.5554
109.0000 26.6878
109.5000 26.8179
110.0000 26.9459
110.5000 27.0716
111.0000 27.1950
111.5000 27.3162
112.0000 27.4351
112.5000 27.5517
113.0000 27.6659
113.5000 27.7778
114.0000 27.8874
114.5000 27.9945
115.0000 28.0993
115.5000 28.2016
116.0000 28.3016
116.5000 28.3991
117.0000 28.4941
117.5000 28.5867
118.0000 28.6768
118.5000 28.7645
119.0000 28.8496
119.5000 28.9322
120.0000 29.0123
120.5000 29.0899
121.0000 29.1650
121.5000 29.2375
122.0000 29.3074
122.5000 29.3748
123.0000 29.4396
123.5000 29.5019
124.0000 29.5615
124.5000 29.6186
125.0000 29.6731
125.5000 29.7249
126.0000 29.7742
126.5000 29.8208
127.0000 29.8649
127.5000 29.9063
128.0000 29.9451
128.5000 29.9813
129.0000 30.0148
129.5000 30.0457
130.0000 30.0740
130.5000 30.0996
131.0000 30.1226
131.5000 30.1430
132.0000 30.1607
132.5000 30.1758
133.0000 30.1882
133.5000 30.1980
134.0000 30.2051
134.5000 30.2096
135.0000 30.2114
135.5000 30.2106
136.0000 30.2071
136.5000 30.2010
137.0000 30.1923
137.5000 30.1809
138.0000 30.1669
138.5000 30.1502
139.0000 30.1309
139.5000 30.1090
140.0000 30.0844
140.5000 30.0572
141.0000 30.0274
141.5000 29.9950
142.0000 29.9599
142.5000 29.9223
143.0000 29.8820
143.5000 29.8391
144.0000 29.7936
144.5000 29.7455
145.0000 29.6949
145.5000 29.6416
146.0000 29.5857
146.5000 29.5273
147.0000 29.4663
147.5000 29.4028
148.0000 29.3367
148.5000 29.2680
149.0000 29.1968
149.5000 29.1231
150.0000 29.0468
150.5000 28.9680
151.0000 28.8867
151.5000 28.8029
152.0000 28.7162
152.5000 28.6278
153.0000 28.5365
153.5000 28.4428
154.0000 28.3466
154.5000 28.2480
155.0000 28.1469
155.5000 28.0434
156.0000 27.9375
156.5000 27.8291
157.0000 27.7184
157.5000 27.6053
158.0000 27.4899
158.5000 27.3721
159.0000 27.2519
159.5000 27.1295
160.0000 27.0047
160.5000 26.8815
161.0000 26.7482
161.5000 26.6166
162.0000 26.4828
162.5000 26.3467
163.0000 26.2084
163.5000 26.0679
164.0000 25.9252
164.5000 25.7803
165.0000 25.6334
165.5000 25.4843
166.0000 25.3331
166.5000 25.1798
167.0000 25.0245
167.5000 24.8671
168.0000 24.7077
168.5000 24.5464
169.0000 24.3830
169.5000 24.2178
170.0000 24.0506
170.5000 23.8816
171.0000 23.7106
171.5000 23.5379
172.0000 23.3633
172.5000 23.1870
173.0000 23.0089
173.5000 22.8291
174.0000 22.6476
174.5000 22.4645
175.0000 22.2798
175.5000 22.0934
176.0000 21.9055
176.5000 21.7161
177.0000 21.5252
177.5000 21.3329
178.0000 21.1391
178.5000 20.9440
179.0000 20.7475
179.5000 20.5498
180.0000 20.3507
180.5000 20.1505
181.0000 19.9491
181.5000 19.7465
182.0000 19.5429
182.5000 19.3383
183.0000 19.1326
183.5000 18.9260
184.0000 18.7184
184.5000 18.5100
185.0000 18.3008
185.5000 18.0908
186.0000 17.8801
186.5000 17.6688
187.0000 17.4568
187.5000 17.2443
188.0000 17.0312
188.5000 16.8176
189.0000 16.6037
189.5000 16.3894
190.0000 16.1748
190.5000 15.9599
191.0000 15.7449
191.5000 15.5297
192.0000 15.3144
192.5000 15.0990
193.0000 14.8837
193.5000 14.6685
194.0000 14.4534
194.5000 14.2385
195.0000 14.0238
195.5000 13.8094
196.0000 13.5954
196.5000 13.3818
197.0000 13.1686
197.5000 12.9560
198.0000 12.7439
198.5000 12.5325
199.0000 12.3218
199.5000 12.1118
200.0000 11.9026
200.5000 11.6943
201.0000 11.4869
201.5000 11.2804
202.0000 11.0749
202.5000 10.8705
203.0000 10.6672
203.5000 10.4651
204.0000 10.2641
204.5000 10.0645
205.0000 9.8661
205.5000 9.6691
206.0000 9.4735
206.5000 9.2793
207.0000 9.0867
207.5000 8.8955
208.0000 8.7060
208.5000 8.5180
209.0000 8.3299
209.5000 8.1471
210.0000 7.9643
210.5000 7.7832
211.0000 7.6039
211.5000 7.4264
212.0000 7.2509
212.5000 7.0772
213.0000 6.9055
213.5000 6.7357
214.0000 6.5716
214.5000 6.4020
215.0000 6.2385
215.5000 6.0769
216.0000 5.9173
216.5000 5.7599
217.0000 5.6046
217.5000 5.4515
218.0000 5.3006
218.5000 5.1518
219.0000 5.0053
219.5000 4.8610
220.0000 4.7189
220.5000 4.5791
221.0000 4.4416
221.5000 4.3063
222.0000 4.1733
222.5000 4.0426
223.0000 3.9142
223.5000 3.7880
224.0000 3.6642
224.5000 3.5428
225.0000 3.4236
225.5000 3.3067
226.0000 3.1922
226.5000 3.0800
227.0000 2.9701
227.5000 2.8625
228.0000 2.7572
228.5000 2.6542
229.0000 2.5535
229.5000 2.4551
230.0000 2.3590
230.5000 2.2652
231.0000 2.1737
231.5000 2.0844
232.0000 1.9973
232.5000 1.9125
233.0000 1.8299
233.5000 1.7495
234.0000 1.6713
234.5000 1.5953
235.0000 1.5215
235.5000 1.4498
236.0000 1.3802
236.5000 1.3128
237.0000 1.2474
237.5000 1.1841
238.0000 1.1229
238.5000 1.0637
239.0000 1.0065
239.5000 0.9513
240.0000 0.8981
240.5000 0.8468
241.0000 0.7974
241.5000 0.7499
242.0000 0.7042
242.5000 0.6604
243.0000 0.6184
243.5000 0.5781
244.0000 0.5396
244.5000 0.5029
245.0000 0.4677
245.5000 0.4343
246.0000 0.4024
246.5000 0.3722
247.0000 0.3435
247.5000 0.3162
248.0000 0.2905
248.5000 0.2662
249.0000 0.2433
249.5000 0.2218
250.0000 0.2015
250.5000 0.1826
251.0000 0.1649
251.5000 0.1484
252.0000 0.1331
252.5000 0.1189
253.0000 0.1058
253.5000 0.0937
254.0000 0.0826
254.5000 0.0724
255.0000 0.0632
255.5000 0.0547
256.0000 0.0472
256.5000 0.0404
257.0000 0.0343
257.5000 0.0288
258.0000 0.0241
258.5000 0.0199
259.0000 0.0162
259.5000 0.0131
260.0000 0.0104
260.5000 0.0082
261.0000 0.0063
261.5000 0.0047
262.0000 0.0035
262.5000 0.0025
263.0000 0.0017
263.5000 0.0011
264.0000 0.0007
264.5000 0.0004
265.0000 0.0002
265.5000 0.0001
266.0000 0.0000
266.5000 0.0000
267.0000 0.0000
267.5000 0.0000
268.0000 0.0000
268.5000 0.0000
269.0000 0.0000
269.5000 0.0000
270.0000 0.0000
270.5000 0.0000
271.0000 0.0000
271.5000 0.0000
272.0000 0.0000
272.5000 0.0000
273.0000 0.0000
273.5000 0.0000
274.0000 0.0000
274.5000 0.0000
275.0000 0.0000
275.5000 0.0000
276.0000 0.0000
276.5000 0.0000
277.0000 0.0000
277.5000 0.0000
278.0000 0.0000
278.5000 0.0000
279.0000 0.0000
279.5000 0.0000
280.0000 0.0000
280.5000 0.0000
281.0000 0.0000
281.5000 0.0000
282.0000 0.0000
282.5000 0.0000
283.0000 0.0000
283.5000 0.0000
284.0000 0.0000
284.5000 0.0000
285.0000 0.0000
285.5000 0.0000
286.0000 0.0000
286.5000 0.0000
287.0000 0.0000
287.5000 0.0000
288.0000 0.0000
288.5000 0.0000
289.0000 0.0000
289.5000 0.0000
290.0000 0.0000
290.5000 0.0000
291.0000 0.0000
291.5000 0.0000
292.0000 0.0000
292.5000 0.0000
293.0000 0.0000
293.5000 0.0000
294.0000 0.0000
294.5000 0.0000
295.0000 0.0000
295.5000 0.0000
296.0000 0.0000
296.5000 0.0000
297.0000 0.0000
297.5000 0.0000
298.0000 0.0000
298.5000 0.0000
299.0000 0.0000
299.5000 0.0000
300.0000 0.0000
300.5000 0.0000
301.0000 0.0000
301.5000 0.0000
302.0000 0.0000
302.5000 0.0000
303.0000 0.0000
303.5000 0.0000
304.0000 0.0000
304.5000 0.0000
305.0000 0.0000
305.5000 0.0000
306.0000 0.0000
306.5000 0.0000
307.0000 0.0000
307.5000 0.0000
308.0000 0.0000
308.5000 0.0000
309.0000 0.0000
309.5000 0.0000
310.0000 0.0000
310.5000 0.0000
311.0000 0.0000
311.5000 0.0000
312.0000 0.0000
312.5000 0.0000
313.0000 0.0000
313.5000 0.0000
314.0000 0.0000
314.5000 0.0000
315.0000 0.0000
315.5000 0.0000
316.0000 0.0000
316.5000 0.0000
317.0000 0.0000
317.5000 0.0000
318.0000 0.0000
318.5000 0.0000
319.0000 0.0000
319.5000 0.0000
320.0000 0.0000
320.5000 0.0000
321.0000 0.0000
321.5000 0.0000
322.0000 0.0000
322.5000 0.0000
323.0000 0.0000
323.5000 0.0000
324.0000 0.0000
324.5000 0.0000
325.0000 0.0000
325.5000 0.0000
326.0000 0.0000
326.5000 0.0000
327.0000 0.0000
327.5000 0.0000
328.0000 0.0000
328.5000 0.0000
329.0000 0.0000
329.5000 0.0000
330.0000 0.0000
330.5000 0.0000
331.0000 0.0000
331.5000 0.0000
332.0000 0.0000
332.5000 0.0000
333.0000 0.0000
333.5000 0.0000
334.0000 0.0000
334.5000 0.0000
335.0000 0.0000
335.5000 0.0000
336.0000 0.0000
336.5000 0.0000
337.0000 0.0000
337.5000 0.0000
338.0000 0.0000
338.5000 0.0000
339.0000 0.0000
339.5000 0.0000
340.0000 0.0000
340.5000 0.0000
341.0000 0.0000
341.5000 0.0000
342.0000 0.0000
342.5000 0.0000
343.0000 0.0000
343.5000 0.0000
344.0000 0.0000
344.5000 0.0000
345.0000 0.0000
345.5000 0.0000
346.0000 0.0000
346.5000 0.0000
347.0000 0.0000
347.5000 0.0000
348.0000 0.0000
348.5000 0.0000
349.0000 0.0000
349.5000 0.0000
350.0000 0.0000
350.5000 0.0000
351.0000 0.0000
351.5000 0.0000
352.0000 0.0000
352.5000 0.0000
353.0000 0.0000
353.5000 0.0000
354.0000 0.0000
354.5000 0.0000
355.0000 0.0000
355.5000 0.0000
356.0000 0.0000
356.5000 0.0000
357.0000 0.0000
357.5000 0.0000
358.0000 0.0000
358.5000 0.0000
359.0000 0.0000
359.5000 0.0000
