0.0000 0.0000
0.2500 0.0001
0.5000 0.0001
0.7500 0.0001
1.0000 0.0002
1.2500 0.0003
1.5000 0.0004
1.7500 0.0006
2.0000 0.0007
2.2500 0.0009
2.5000 0.0011
2.7500 0.0014
3.0000 0.0017
3.2500 0.0021
3.5000 0.0025
3.7500 0.0029
4.0000 0.0035
4.2500 0.0041
4.5000 0.0047
4.7500 0.0054
5.0000 0.0045
5.2500 0.0072
5.5000 0.0081
5.7500 0.0092
6.0000 0.0104
6.2500 0.0117
6.5000 0.0131
6.7500 0.0146
7.0000 0.0162
7.2500 0.0179
7.5000 0.0198
7.7500 0.0218
8.0000 0.0240
8.2500 0.0263
8.5000 0.0287
8.7500 0.0314
9.0000 0.0341
9.2500 0.0371
9.5000 0.0402
9.7500 0.0435
10.0000 0.0469
10.2500 0.0506
10.5000 0.0545
10.7500 0.0585
11.0000 0.0628
11.2500 0.0672
11.5000 0.0719
11.7500 0.0768
12.0000 0.0820
12.2500 0.0873
12.5000 0.0929
12.7500 0.0988
13.0000 0.1049
13.2500 0.1112
13.5000 0.1178
13.7500 0.1247
14.0000 0.1318
14.2500 0.1392
14.5000 0.1469
14.7500 0.1548
15.0000 0.1630
15.2500 0.1716
15.5000 0.1804
15.7500 0.1895
16.0000 0.1989
16.2500 0.2087
16.5000 0.2187
16.7500 0.2291
17.0000 0.2398
17.2500 0.2508
17.5000 0.2621
17.7500 0.2738
18.0000 0.2858
18.2500 0.2981
18.5000 0.3108
18.7500 0.3238
19.0000 0.3372
19.2500 0.3510
19.5000 0.3651
19.7500 0.3796
20.0000 0.3944
20.2500 0.4096
20.5000 0.4252
20.7500 0.4412
21.0000 0.4575
21.2500 0.4743
21.5000 0.4914
21.7500 0.5089
22.0000 0.5268
22.2500 0.5451
22.5000 0.5638
22.7500 0.5829
23.0000 0.6024
23.2500 0.6223
23.5000 0.6427
23.7500 0.6634
24.0000 0.6846
24.2500 0.7062
24.5000 0.7282
24.7500 0.7506
25.0000 0.7735
25.2500 0.7968
25.5000 0.8205
25.7500 0.8447
26.0000 0.8693
26.2500 0.8943
26.5000 0.9198
26.7500 0.9457
27.0000 0.9721
27.2500 0.9989
27.5000 1.0262
27.7500 1.0539
28.0000 1.0821
28.2500 1.1107
28.5000 1.1398
28.7500 1.1694
29.0000 1.1994
29.2500 1.2298
29.5000 1.2608
29.7500 1.2922
30.0000 1.3241
30.2500 1.3564
30.5000 1.3892
30.7500 1.4225
31.0000 1.4562
31.2500 1.4905
31.5000 1.5252
31.7500 1.5603
32.0000 1.5960
32.2500 1.6321
32.5000 1.6688
32.7500 1.7059
33.0000 1.7434
33.2500 1.7815
33.5000 1.8200
33.7500 1.8591
34.0000 1.8986
34.2500 1.9386
34.5000 1.9791
34.7500 2.0201
35.0000 2.0615
35.2500 2.1035
35.5000 2.1459
35.7500 2.1889
36.0000 2.2323
36.2500 2.2762
36.5000 2.3206
36.7500 2.3655
37.0000 2.4109
37.2500 2.4567
37.5000 2.5031
37.7500 2.5500
38.0000 2.5974
38.2500 2.6452
38.5000 2.6935
38.7500 2.7424
39.0000 2.7917
39.2500 2.8415
39.5000 2.8919
39.7500 2.9427
40.0000 2.9940
40.2500 3.0458
40.5000 3.0981
40.7500 3.1508
41.0000 3.2041
41.2500 3.2579
41.5000 3.3121
41.7500 3.3668
42.0000 3.4221
42.2500 3.4778
42.5000 3.5340
42.7500 3.5907
43.0000 3.6479
43.2500 3.7056
43.5000 3.7638
43.7500 3.8224
44.0000 3.8815
44.2500 3.9412
44.5000 4.0012
44.7500 4.0618
45.0000 4.1229
45.2500 4.1844
45.5000 4.2465
45.7500 4.3090
46.0000 4.3720
46.2500 4.4354
46.5000 4.4994
46.7500 4.5638
47.0000 4.6286
47.2500 4.6940
47.5000 4.7598
47.7500 4.8261
48.0000 4.8929
48.2500 4.9601
48.5000 5.0278
48.7500 5.0960
49.0000 5.1646
49.2500 5.2337
49.5000 5.3032
49.7500 5.3732
50.0000 5.4437
50.2500 5.5146
50.5000 5.5859
50.7500 5.6578
51.0000 5.7300
51.2500 5.8027
51.5000 5.8759
51.7500 5.9494
52.0000 6.0235
52.2500 6.0980
52.5000 6.1729
52.7500 6.2482
53.0000 6.3240
53.2500 6.4002
53.5000 6.4768
53.7500 6.5539
54.0000 6.6314
54.2500 6.7093
54.5000 6.7876
54.7500 6.8664
55.0000 6.9455
55.2500 7.0251
55.5000 7.1051
55.7500 7.1855
56.0000 7.2663
56.2500 7.3475
56.5000 7.4291
56.7500 7.5110
57.0000 7.5934
57.2500 7.6762
57.5000 7.7593
57.7500 7.8429
58.0000 7.9268
58.2500 8.0111
58.5000 8.0958
58.7500 8.1809
59.0000 8.2663
59.2500 8.3521
59.5000 8.4382
59.7500 8.5247
60.0000 8.6116
60.2500 8.6989
60.5000 8.7864
60.7500 8.8744
61.0000 8.9626
61.2500 9.0512
61.5000 9.1402
61.7500 9.2295
62.0000 9.3191
62.2500 9.4090
62.5000 9.4993
62.7500 9.5898
63.0000 9.6807
63.2500 9.7719
63.5000 9.8635
63.7500 9.9553
64.0000 10.0474
64.2500 10.1398
64.5000 10.2325
64.7500 10.3255
65.0000 10.4188
65.2500 10.5123
65.5000 10.6062
65.7500 10.7003
66.0000 10.7947
66.2500 10.8893
66.5000 10.9842
66.7500 11.0794
67.0000 11.1748
67.2500 11.2704
67.5000 11.3663
67.7500 11.4625
68.0000 11.5588
68.2500 11.6554
68.5000 11.7523
68.7500 11.8493
69.0000 11.9466
69.2500 12.0440
69.5000 12.1417
69.7500 12.2396
70.0000 12.3377
70.2500 12.4359
70.5000 12.5344
70.7500 12.6330
71.0000 12.7318
71.2500 12.8308
71.5000 12.9300
71.7500 13.0293
72.0000 13.1288
72.2500 13.2285
72.5000 13.3282
72.7500 13.4282
73.0000 13.5282
73.2500 13.6284
73.5000 13.7288
73.7500 13.8292
74.0000 13.9298
74.2500 14.0305
74.5000 14.1313
74.7500 14.2322
75.0000 14.3332
75.2500 14.4343
75.5000 14.5354
75.7500 14.6367
76.0000 14.7380
76.2500 14.8394
76.5000 14.9409
76.7500 15.0424
77.0000 15.1440
77.2500 15.2457
77.5000 15.3473
77.7500 15.4491
78.0000 15.5508
78.2500 15.6526
78.5000 15.7544
78.7500 15.8562
79.0000 15.9581
79.2500 16.0599
79.5000 16.1617
79.7500 16.2636
80.0000 16.3654
80.2500 16.4672
80.5000 16.5690
80.7500 16.6708
81.0000 16.7725
81.2500 16.8742
81.5000 16.9758
81.7500 17.0774
82.0000 17.1790
82.2500 17.2805
82.5000 17.3819
82.7500 17.4832
83.0000 17.5845
83.2500 17.6857
83.5000 17.7868
83.7500 17.8878
84.0000 17.9887
84.2500 18.0895
84.5000 18.1902
84.7500 18.2908
85.0000 18.3912
85.2500 18.4916
85.5000 18.5918
85.7500 18.6918
86.0000 18.7917
86.2500 18.8915
86.5000 18.9911
86.7500 19.0906
87.0000 19.1898
87.2500 19.2889
87.5000 19.3879
87.7500 19.4866
88.0000 19.5852
88.2500 19.6836
88.5000 19.7818
88.7500 19.8798
89.0000 19.9775
89.2500 20.0751
89.5000 20.1724
89.7500 20.2695
90.0000 20.3663
90.2500 20.4630
90.5000 20.5594
90.7500 20.6555
91.0000 20.7514
91.2500 20.8470
91.5000 20.9424
91.7500 21.0375
92.0000 21.1323
92.2500 21.2269
92.5000 21.3211
92.7500 21.4151
93.0000 21.5088
93.2500 21.6022
93.5000 21.6953
93.7500 21.7880
94.0000 21.8805
94.2500 21.9727
94.5000 22.0645
94.7500 22.1560
95.0000 22.2471
95.2500 22.3380
95.5000 22.4283
95.7500 22.5186
96.0000 22.6083
96.2500 22.6978
96.5000 22.7868
96.7500 22.8755
97.0000 22.9639
97.2500 23.0518
97.5000 23.1394
97.7500 23.2266
98.0000 23.3134
98.2500 23.3998
98.5000 23.4858
98.7500 23.5714
99.0000 23.6566
99.2500 23.7414
99.5000 23.8258
99.7500 23.9098
100.0000 23.9933
100.2500 24.0764
100.5000 24.1591
100.7500 24.2414
101.0000 24.3232
101.2500 24.4046
101.5000 24.4855
101.7500 24.5660
102.0000 24.6460
102.2500 24.7255
102.5000 24.8046
102.7500 24.8833
103.0000 24.9614
103.2500 25.0391
103.5000 25.1163
103.7500 25.1931
104.0000 25.2693
104.2500 25.3451
104.5000 25.4204
104.7500 25.4952
105.0000 25.5694
105.2500 25.6432
105.5000 25.7165
105.7500 25.7893
106.0000 25.8616
106.2500 25.9333
106.5000 26.0045
106.7500 26.0752
107.0000 26.1454
107.2500 26.2151
107.5000 26.2842
107.7500 26.3528
108.0000 26.4209
108.2500 26.4884
108.5000 26.5554
108.7500 26.6219
109.0000 26.6878
109.2500 26.7531
109.5000 26.8179
109.7500 26.8822
110.0000 26.9459
110.2500 27.0090
110.5000 27.0716
110.7500 27.1336
111.0000 27.1950
111.2500 27.2559
111.5000 27.3162
111.7500 27.3760
112.0000 27.4351
112.2500 27.4937
112.5000 27.5517
112.7500 27.6091
113.0000 27.6659
113.2500 27.7222
113.5000 27.7778
113.7500 27.8329
114.0000 27.8874
114.2500 27.9412
114.5000 27.9945
114.7500 28.0472
115.0000 28.0993
115.2500 28.1508
115.5000 28.2016
115.7500 28.2519
116.0000 28.3016
116.2500 28.3506
116.5000 28.3991
116.7500 28.4469
117.0000 28.4941
117.2500 28.5407
117.5000 28.5867
117.7500 28.6321
118.0000 28.6768
118.2500 28.7210
118.5000 28.7645
118.7500 28.8073
119.0000 28.8496
119.2500 28.8912
119.5000 28.9322
119.7500 28.9726
120.0000 29.0123
120.2500 29.0514
120.5000 29.0899
120.7500 29.1278
121.0000 29.1650
121.2500 29.2015
121.5000 29.2375
121.7500 29.2728
122.0000 29.3074
122.2500 29.3414
122.5000 29.3748
122.7500 29.4075
123.0000 29.4396
123.2500 29.4711
123.5000 29.5019
123.7500 29.5320
124.0000 29.5615
124.2500 29.5904
124.5000 29.6186
124.7500 29.6461
125.0000 29.6731
125.2500 29.6993
125.5000 29.7249
125.7500 29.7499
126.0000 29.7742
126.2500 29.7978
126.5000 29.8208
126.7500 29.8432
127.0000 29.8649
127.2500 29.8859
127.5000 29.9063
127.7500 29.9260
128.0000 29.9451
128.2500 29.9635
128.5000 29.9813
128.7500 29.9984
129.0000 30.0148
129.2500 30.0306
129.5000 30.0457
129.7500 30.0602
130.0000 30.0740
130.2500 30.0871
130.5000 30.0996
130.7500 30.1115
131.0000 30.1226
131.2500 30.1331
131.5000 30.1430
131.7500 30.1522
132.0000 30.1607
132.2500 30.1685
132.5000 30.1758
132.7500 30.1823
133.0000 30.1882
133.2500 30.1934
133.5000 30.1980
133.7500 30.2018
134.0000 30.2051
134.2500 30.2077
134.5000 30.2096
134.7500 30.2108
135.0000 30.2114
135.2500 30.2113
135.5000 30.2106
135.7500 30.2092
136.0000 30.2071
136.2500 30.2044
136.5000 30.2010
136.7500 30.1970
137.0000 30.1923
137.2500 30.1869
137.5000 30.1809
137.7500 30.1742
138.0000 30.1669
138.2500 30.1589
138.5000 30.1502
138.7500 30.1409
139.0000 30.1309
139.2500 30.1203
139.5000 30.1090
139.7500 30.0970
140.0000 30.0844
140.2500 30.0712
140.5000 30.0572
140.7500 30.0427
141.0000 30.0274
141.2500 30.0115
141.5000 29.9950
141.7500 29.9778
142.0000 29.9599
142.2500 29.9414
142.5000 29.9223
142.7500 29.9025
143.0000 29.8820
143.2500 29.8609
143.5000 29.8391
143.7500 29.8167
144.0000 29.7936
144.2500 29.7699
144.5000 29.7455
144.7500 29.7205
145.0000 29.6949
145.2500 29.6685
145.5000 29.6416
145.7500 29.6140
146.0000 29.5857
146.2500 29.5569
146.5000 29.5273
146.7500 29.4972
147.0000 29.4663
147.2500 29.4349
147.5000 29.4028
147.7500 29.3700
148.0000 29.3367
148.2500 29.3027
148.5000 29.2680
148.7500 29.2327
149.0000 29.1968
149.2500 29.1603
149.5000 29.1231
149.7500 29.0852
150.0000 29.0468
150.2500 29.0077
150.5000 28.9680
150.7500 28.9277
151.0000 28.8867
151.2500 28.8451
151.5000 28.8029
151.7500 28.7600
152.0000 28.7162
152.2500 28.6725
152.5000 28.6278
152.7500 28.5825
153.0000 28.5365
153.2500 28.4900
153.5000 28.4428
153.7500 28.3950
154.0000 28.3466
154.2500 28.2976
154.5000 28.2480
154.7500 28.1977
155.0000 28.1469
155.2500 28.0954
155.5000 28.0434
155.7500 27.9907
156.0000 27.9375
156.2500 27.8836
156.5000 27.8291
156.7500 27.7741
157.0000 27.7184
157.2500 27.6622
157.5000 27.6053
157.7500 27.5479
158.0000 27.4899
158.2500 27.4313
158.5000 27.3721
158.7500 27.3123
159.0000 27.2519
159.2500 27.1910
159.5000 27.1295
159.7500 27.0674
160.0000 27.0047
160.2500 26.9414
160.5000 26.8815
160.7500 26.8132
161.0000 26.7482
161.2500 26.6827
161.5000 26.6166
161.7500 26.5500
162.0000 26.4828
162.2500 26.4150
162.5000 26.3467
162.7500 26.2778
163.0000 26.2084
163.2500 26.1384
163.5000 26.0679
163.7500 25.9968
164.0000 25.9252
164.2500 25.8530
164.5000 25.7803
164.7500 25.7071
165.0000 25.6334
165.2500 25.5591
165.5000 25.4843
165.7500 25.4089
166.0000 25.3331
166.2500 25.2567
166.5000 25.1798
166.7500 25.1024
167.0000 25.0245
167.2500 24.9460
167.5000 24.8671
167.7500 24.7877
168.0000 24.7077
168.2500 24.6273
168.5000 24.5464
168.7500 24.4650
169.0000 24.3830
169.2500 24.3007
169.5000 24.2178
169.7500 24.1344
170.0000 24.0506
170.2500 23.9663
170.5000 23.8816
170.7500 23.7963
171.0000 23.7106
171.2500 23.6245
171.5000 23.5379
171.7500 23.4508
172.0000 23.3633
172.2500 23.2754
172.5000 23.1870
172.7500 23.0982
173.0000 23.0089
173.2500 22.9194
173.5000 22.8291
173.7500 22.7386
174.0000 22.6476
174.2500 22.5563
174.5000 22.4645
174.7500 22.3723
175.0000 22.2798
175.2500 22.1868
175.5000 22.0934
175.7500 21.9997
176.0000 21.9055
176.2500 21.8110
176.5000 21.7161
176.7500 21.6209
177.0000 21.5252
177.2500 21.4292
177.5000 21.3329
177.7500 21.2362
178.0000 21.1391
178.2500 21.0417
178.5000 20.9440
178.7500 20.8459
179.0000 20.7475
179.2500 20.6488
179.5000 20.5498
179.7500 20.4504
180.0000 20.3507
180.2500 20.2508
180.5000 20.1505
180.7500 20.0499
181.0000 19.9491
181.2500 19.8479
181.5000 19.7465
181.7500 19.6449
182.0000 19.5429
182.2500 19.4403
182.5000 19.3383
182.7500 19.2355
183.0000 19.1326
183.2500 19.0294
183.5000 18.9260
183.7500 18.8223
184.0000 18.7184
184.2500 18.6143
184.5000 18.5100
184.7500 18.4055
185.0000 18.3008
185.2500 18.1959
185.5000 18.0908
185.7500 17.9856
186.0000 17.8801
186.2500 17.7745
186.5000 17.6688
186.7500 17.5629
187.0000 17.4568
187.2500 17.3506
187.5000 17.2443
187.7500 17.1378
188.0000 17.0312
188.2500 16.9245
188.5000 16.8176
188.7500 16.7107
189.0000 16.6037
189.2500 16.4966
189.5000 16.3894
189.7500 16.2821
190.0000 16.1748
190.2500 16.0674
190.5000 15.9599
190.7500 15.8524
191.0000 15.7449
191.2500 15.6373
191.5000 15.5297
191.7500 15.4220
192.0000 15.3144
192.2500 15.2067
192.5000 15.0990
192.7500 14.9914
193.0000 14.8837
193.2500 14.7761
193.5000 14.6685
193.7500 14.5609
194.0000 14.4534
194.2500 14.3459
194.5000 14.2385
194.7500 14.1311
195.0000 14.0238
195.2500 13.9166
195.5000 13.8094
195.7500 13.7023
196.0000 13.5954
196.2500 13.4885
196.5000 13.3818
196.7500 13.2751
197.0000 13.1686
197.2500 13.0622
197.5000 12.9560
197.7500 12.8499
198.0000 12.7439
198.2500 12.6382
198.5000 12.5325
198.7500 12.4271
199.0000 12.3218
199.2500 12.2167
199.5000 12.1118
199.7500 12.0071
200.0000 11.9026
200.2500 11.7984
200.5000 11.6943
200.7500 11.5905
201.0000 11.4869
201.2500 11.3835
201.5000 11.2804
201.7500 11.1775
202.0000 11.0749
202.2500 10.9726
202.5000 10.8705
202.7500 10.7687
203.0000 10.6672
203.2500 10.5660
203.5000 10.4651
203.7500 10.3645
204.0000 10.2641
204.2500 10.1641
204.5000 10.0645
204.7500 9.9651
205.0000 9.8661
205.2500 9.7674
205.5000 9.6691
205.7500 9.5711
206.0000 9.4735
206.2500 9.3762
206.5000 9.2793
206.7500 9.1828
207.0000 9.0867
207.2500 8.9909
207.5000 8.8955
207.7500 8.8005
208.0000 8.7060
208.2500 8.6118
208.5000 8.5180
208.7500 8.4247
209.0000 8.3299
209.2500 8.2392
209.5000 8.1471
209.7500 8.0555
210.0000 7.9643
210.2500 7.8735
210.5000 7.7832
210.7500 7.6933
211.0000 7.6039
211.2500 7.5149
211.5000 7.4264
211.7500 7.3384
212.0000 7.2509
212.2500 7.1638
212.5000 7.0772
212.7500 6.9911
213.0000 6.9055
213.2500 6.8204
213.5000 6.7357
213.7500 6.6516
214.0000 6.5716
214.2500 6.4848
214.5000 6.4020
214.7500 6.3201
215.0000 6.2385
215.2500 6.1574
215.5000 6.0769
215.7500 5.9968
216.0000 5.9173
216.2500 5.8384
216.5000 5.7599
216.7500 5.6820
217.0000 5.6046
217.2500 5.5278
217.5000 5.4515
217.7500 5.3758
218.0000 5.3006
218.2500 5.2259
218.5000 5.1518
218.7500 5.0783
219.0000 5.0053
219.2500 4.9329
219.5000 4.8610
219.7500 4.7897
220.0000 4.7189
220.2500 4.6487
220.5000 4.5791
220.7500 4.5100
221.0000 4.4416
221.2500 4.3736
221.5000 4.3063
221.7500 4.2395
222.0000 4.1733
222.2500 4.1076
222.5000 4.0426
222.7500 3.9781
223.0000 3.9142
223.2500 3.8508
223.5000 3.7880
223.7500 3.7259
224.0000 3.6642
224.2500 3.6032
224.5000 3.5428
224.7500 3.4829
225.0000 3.4236
225.2500 3.3649
225.5000 3.3067
225.7500 3.2492
226.0000 3.1922
226.2500 3.1358
226.5000 3.0800
226.7500 3.0247
227.0000 2.9701
227.2500 2.9160
227.5000 2.8625
227.7500 2.8095
228.0000 2.7572
228.2500 2.7054
228.5000 2.6542
228.7500 2.6036
229.0000 2.5535
229.2500 2.5040
229.5000 2.4551
229.7500 2.4068
230.0000 2.3590
230.2500 2.3118
230.5000 2.2652
230.7500 2.2191
231.0000 2.1737
231.2500 2.1287
231.5000 2.0844
231.7500 2.0405
232.0000 1.9973
232.2500 1.9546
232.5000 1.9125
232.7500 1.8709
233.0000 1.8299
233.2500 1.7894
233.5000 1.7495
233.7500 1.7101
234.0000 1.6713
234.2500 1.6330
234.5000 1.5953
234.7500 1.5581
235.0000 1.5215
235.2500 1.4854
235.5000 1.4498
235.7500 1.4147
236.0000 1.3802
236.2500 1.3462
236.5000 1.3128
236.7500 1.2798
237.0000 1.2474
237.2500 1.2155
237.5000 1.1841
237.7500 1.1533
238.0000 1.1229
238.2500 1.0931
238.5000 1.0637
238.7500 1.0349
239.0000 1.0065
239.2500 0.9787
239.5000 0.9513
239.7500 0.9245
240.0000 0.8981
240.2500 0.8722
240.5000 0.8468
240.7500 0.8218
241.0000 0.7974
241.2500 0.7734
241.5000 0.7499
241.7500 0.7268
242.0000 0.7042
242.2500 0.6821
242.5000 0.6604
242.7500 0.6392
243.0000 0.6184
243.2500 0.5981
243.5000 0.5781
243.7500 0.5587
244.0000 0.5396
244.2500 0.5210
244.5000 0.5029
244.7500 0.4851
245.0000 0.4677
245.2500 0.4508
245.5000 0.4343
245.7500 0.4182
246.0000 0.4024
246.2500 0.3871
246.5000 0.3722
246.7500 0.3576
247.0000 0.3435
247.2500 0.3297
247.5000 0.3162
247.7500 0.3032
248.0000 0.2905
248.2500 0.2782
248.5000 0.2662
248.7500 0.2546
249.0000 0.2433
249.2500 0.2324
249.5000 0.2218
249.7500 0.2115
250.0000 0.2015
250.2500 0.1919
250.5000 0.1826
250.7500 0.1736
251.0000 0.1649
251.2500 0.1565
251.5000 0.1484
251.7500 0.1406
252.0000 0.1331
252.2500 0.1259
252.5000 0.1189
252.7500 0.1122
253.0000 0.1058
253.2500 0.0996
253.5000 0.0937
253.7500 0.0880
254.0000 0.0826
254.2500 0.0774
254.5000 0.0724
254.7500 0.0677
255.0000 0.0632
255.2500 0.0588
255.5000 0.0547
255.7500 0.0509
256.0000 0.0472
256.2500 0.0437
256.5000 0.0404
256.7500 0.0372
257.0000 0.0343
257.2500 0.0315
257.5000 0.0288
257.7500 0.0264
258.0000 0.0241
258.2500 0.0219
258.5000 0.0199
258.7500 0.0180
259.0000 0.0162
259.2500 0.0146
259.5000 0.0131
259.7500 0.0117
260.0000 0.0104
260.2500 0.0092
260.5000 0.0082
260.7500 0.0072
261.0000 0.0063
261.2500 0.0055
261.5000 0.0047
261.7500 0.0041
262.0000 0.0035
262.2500 0.0029
262.5000 0.0025
262.7500 0.0021
263.0000 0.0017
263.2500 0.0014
263.5000 0.0011
263.7500 0.0009
264.0000 0.0007
264.2500 0.0006
264.5000 0.0004
264.7500 0.0003
265.0000 0.0002
265.2500 0.0001
265.5000 0.0001
265.7500 0.0001
266.0000 0.0000
266.2500 0.0000
266.5000 0.0000
266.7500 0.0000
267.0000 0.0000
267.2500 0.0000
267.5000 0.0000
267.7500 0.0000
268.0000 0.0000
268.2500 0.0000
268.5000 0.0000
268.7500 0.0000
269.0000 0.0000
269.2500 0.0000
269.5000 0.0000
269.7500 0.0000
270.0000 0.0000
270.2500 0.0000
270.5000 0.0000
270.7500 0.0000
271.0000 0.0000
271.2500 0.0000
271.5000 0.0000
271.7500 0.0000
272.0000 0.0000
272.2500 0.0000
272.5000 0.0000
272.7500 0.0000
273.0000 0.0000
273.2500 0.0000
273.5000 0.0000
273.7500 0.0000
274.0000 0.0000
274.2500 0.0000
274.5000 0.0000
274.7500 0.0000
275.0000 0.0000
275.2500 0.0000
275.5000 0.0000
275.7500 0.0000
276.0000 0.0000
276.2500 0.0000
276.5000 0.0000
276.7500 0.0000
277.0000 0.0000
277.2500 0.0000
277.5000 0.0000
277.7500 0.0000
278.0000 0.0000
278.2500 0.0000
278.5000 0.0000
278.7500 0.0000
279.0000 0.0000
279.2500 0.0000
279.5000 0.0000
279.7500 0.0000
280.0000 0.0000
280.2500 0.0000
280.5000 0.0000
280.7500 0.0000
281.0000 0.0000
281.2500 0.0000
281.5000 0.0000
281.7500 0.0000
282.0000 0.0000
282.2500 0.0000
282.5000 0.0000
282.7500 0.0000
283.0000 0.0000
283.2500 0.0000
283.5000 0.0000
283.7500 0.0000
284.0000 0.0000
284.2500 0.0000
284.5000 0.0000
284.7500 0.0000
285.0000 0.0000
285.2500 0.0000
285.5000 0.0000
285.7500 0.0000
286.0000 0.0000
286.2500 0.0000
286.5000 0.0000
286.7500 0.0000
287.0000 0.0000
287.2500 0.0000
287.5000 0.0000
287.7500 0.0000
288.0000 0.0000
288.2500 0.0000
288.5000 0.0000
288.7500 0.0000
289.0000 0.0000
289.2500 0.0000
289.5000 0.0000
289.7500 0.0000
290.0000 0.0000
290.2500 0.0000
290.5000 0.0000
290.7500 0.0000
291.0000 0.0000
291.2500 0.0000
291.5000 0.0000
291.7500 0.0000
292.0000 0.0000
292.2500 0.0000
292.5000 0.0000
292.7500 0.0000
293.0000 0.0000
293.2500 0.0000
293.5000 0.0000
293.7500 0.0000
294.0000 0.0000
294.2500 0.0000
294.5000 0.0000
294.7500 0.0000
295.0000 0.0000
295.2500 0.0000
295.5000 0.0000
295.7500 0.0000
296.0000 0.0000
296.2500 0.0000
296.5000 0.0000
296.7500 0.0000
297.0000 0.0000
297.2500 0.0000
297.5000 0.0000
297.7500 0.0000
298.0000 0.0000
298.2500 0.0000
298.5000 0.0000
298.7500 0.0000
299.0000 0.0000
299.2500 0.0000
299.5000 0.0000
299.7500 0.0000
300.0000 0.0000
300.2500 0.0000
300.5000 0.0000
300.7500 0.0000
301.0000 0.0000
301.2500 0.0000
301.5000 0.0000
301.7500 0.0000
302.0000 0.0000
302.2500 0.0000
302.5000 0.0000
302.7500 0.0000
303.0000 0.0000
303.2500 0.0000
303.5000 0.0000
303.7500 0.0000
304.0000 0.0000
304.2500 0.0000
304.5000 0.0000
304.7500 0.0000
305.0000 0.0000
305.2500 0.0000
305.5000 0.0000
305.7500 0.0000
306.0000 0.0000
306.2500 0.0000
306.5000 0.0000
306.7500 0.0000
307.0000 0.0000
307.2500 0.0000
307.5000 0.0000
307.7500 0.0000
308.0000 0.0000
308.2500 0.0000
308.5000 0.0000
308.7500 0.0000
309.0000 0.0000
309.2500 0.0000
309.5000 0.0000
309.7500 0.0000
310.0000 0.0000
310.2500 0.0000
310.5000 0.0000
310.7500 0.0000
311.0000 0.0000
311.2500 0.0000
311.5000 0.0000
311.7500 0.0000
312.0000 0.0000
312.2500 0.0000
312.5000 0.0000
312.7500 0.0000
313.0000 0.0000
313.2500 0.0000
313.5000 0.0000
313.7500 0.0000
314.0000 0.0000
314.2500 0.0000
314.5000 0.0000
314.7500 0.0000
315.0000 0.0000
315.2500 0.0000
315.5000 0.0000
315.7500 0.0000
316.0000 0.0000
316.2500 0.0000
316.5000 0.0000
316.7500 0.0000
317.0000 0.0000
317.2500 0.0000
317.5000 0.0000
317.7500 0.0000
318.0000 0.0000
318.2500 0.0000
318.5000 0.0000
318.7500 0.0000
319.0000 0.0000
319.2500 0.0000
319.5000 0.0000
319.7500 0.0000
320.0000 0.0000
320.2500 0.0000
320.5000 0.0000
320.7500 0.0000
321.0000 0.0000
321.2500 0.0000
321.5000 0.0000
321.7500 0.0000
322.0000 0.0000
322.2500 0.0000
322.5000 0.0000
322.7500 0.0000
323.0000 0.0000
323.2500 0.0000
323.5000 0.0000
323.7500 0.0000
324.0000 0.0000
324.2500 0.0000
324.5000 0.0000
324.7500 0.0000
325.0000 0.0000
325.2500 0.0000
325.5000 0.0000
325.7500 0.0000
326.0000 0.0000
326.2500 0.0000
326.5000 0.0000
326.7500 0.0000
327.0000 0.0000
327.2500 0.0000
327.5000 0.0000
327.7500 0.0000
328.0000 0.0000
328.2500 0.0000
328.5000 0.0000
328.7500 0.0000
329.0000 0.0000
329.2500 0.0000
329.5000 0.0000
329.7500 0.0000
330.0000 0.0000
330.2500 0.0000
330.5000 0.0000
330.7500 0.0000
331.0000 0.0000
331.2500 0.0000
331.5000 0.0000
331.7500 0.0000
332.0000 0.0000
332.2500 0.0000
332.5000 0.0000
332.7500 0.0000
333.0000 0.0000
333.2500 0.0000
333.5000 0.0000
333.7500 0.0000
334.0000 0.0000
334.2500 0.0000
334.5000 0.0000
334.7500 0.0000
335.0000 0.0000
335.2500 0.0000
335.5000 0.0000
335.7500 0.0000
336.0000 0.0000
336.2500 0.0000
336.5000 0.0000
336.7500 0.0000
337.0000 0.0000
337.2500 0.0000
337.5000 0.0000
337.7500 0.0000
338.0000 0.0000
338.2500 0.0000
338.5000 0.0000
338.7500 0.0000
339.0000 0.0000
339.2500 0.0000
339.5000 0.0000
339.7500 0.0000
340.0000 0.0000
340.2500 0.0000
340.5000 0.0000
340.7500 0.0000
341.0000 0.0000
341.2500 0.0000
341.5000 0.0000
341.7500 0.0000
342.0000 0.0000
342.2500 0.0000
342.5000 0.0000
342.7500 0.0000
343.0000 0.0000
343.2500 0.0000
343.5000 0.0000
343.7500 0.0000
344.0000 0.0000
344.2500 0.0000
344.5000 0.0000
344.7500 0.0000
345.0000 0.0000
345.2500 0.0000
345.5000 0.0000
345.7500 0.0000
346.0000 0.0000
346.2500 0.0000
346.5000 0.0000
346.7500 0.0000
347.0000 0.0000
347.2500 0.0000
347.5000 0.0000
347.7500 0.0000
348.0000 0.0000
348.2500 0.0000
348.5000 0.0000
348.7500 0.0000
349.0000 0.0000
349.2500 0.0000
349.5000 0.0000
349.7500 0.0000
350.0000 0.0000
350.2500 0.0000
350.5000 0.0000
350.7500 0.0000
351.0000 0.0000
351.2500 0.0000
351.5000 0.0000
351.7500 0.0000
352.0000 0.0000
352.2500 0.0000
352.5000 0.0000
352.7500 0.0000
353.0000 0.0000
353.2500 0.0000
353.5000 0.0000
353.7500 0.0000
354.0000 0.0000
354.2500 0.0000
354.5000 0.0000
354.7500 0.0000
355.0000 0.0000
355.2500 0.0000
355.5000 0.0000
355.7500 0.0000
356.0000 0.0000
356.2500 0.0000
356.5000 0.0000
356.7500 0.0000
357.0000 0.0000
357.2500 0.0000
357.5000 0.0000
357.7500 0.0000
358.0000 0.0000
358.2500 0.0000
358.5000 0.0000
358.7500 0.0000
359.0000 0.0000
359.2500 0.0000
359.5000 0.0000
359.7500 0.0000
