0.0000 4.1229
0.2500 4.1844
0.5000 4.2465
0.7500 4.3090
1.0000 4.3720
1.2500 4.4354
1.5000 4.4994
1.7500 4.5638
2.0000 4.6287
2.2500 4.6940
2.5000 4.7598
2.7500 4.8261
3.0000 4.8929
3.2500 4.9601
3.5000 5.0278
3.7500 5.0960
4.0000 5.1646
4.2500 5.2337
4.5000 5.3032
4.7500 5.3732
5.0000 5.4437
5.2500 5.5146
5.5000 5.5859
5.7500 5.6578
6.0000 5.7300
6.2500 5.8027
6.5000 5.8759
6.7500 5.9494
7.0000 6.0235
7.2500 6.0980
7.5000 6.1729
7.7500 6.2482
8.0000 6.3240
8.2500 6.4002
8.5000 6.4768
8.7500 6.5539
9.0000 6.6314
9.2500 6.7093
9.5000 6.7876
9.7500 6.8664
10.0000 6.9455
10.2500 7.0251
10.5000 7.1051
10.7500 7.1855
11.0000 7.2663
11.2500 7.3475
11.5000 7.4291
11.7500 7.5110
12.0000 7.5934
12.2500 7.6762
12.5000 7.7594
12.7500 7.8429
13.0000 7.9268
13.2500 8.0111
13.5000 8.0958
13.7500 8.1809
14.0000 8.2663
14.2500 8.3521
14.5000 8.4382
14.7500 8.5247
15.0000 8.6116
15.2500 8.6989
15.5000 8.7864
15.7500 8.8744
16.0000 8.9626
16.2500 9.0512
16.5000 9.1402
16.7500 9.2295
17.0000 9.3191
17.2500 9.4090
17.5000 9.4993
17.7500 9.5898
18.0000 9.6807
18.2500 9.7719
18.5000 9.8635
18.7500 9.9553
19.0000 10.0474
19.2500 10.1398
19.5000 10.2325
19.7500 10.3255
20.0000 10.4188
20.2500 10.5123
20.5000 10.6062
20.7500 10.7003
21.0000 10.7947
21.2500 10.8893
21.5000 10.9842
21.7500 11.0794
22.0000 11.1748
22.2500 11.2704
22.5000 11.3663
22.7500 11.4625
23.0000 11.5588
23.2500 11.6554
23.5000 11.7523
23.7500 11.8493
24.0000 11.9466
24.2500 12.0440
24.5000 12.1417
24.7500 12.2396
25.0000 12.3377
25.2500 12.4359
25.5000 12.5344
25.7500 12.6330
26.0000 12.7318
26.2500 12.8308
26.5000 12.9300
26.7500 13.0293
27.0000 13.1288
27.2500 13.2284
27.5000 13.3282
27.7500 13.4282
28.0000 13.5282
28.2500 13.6284
28.5000 13.7288
28.7500 13.8292
29.0000 13.9298
29.2500 14.0305
29.5000 14.1313
29.7500 14.2322
30.0000 14.3332
30.2500 14.4342
30.5000 14.5354
30.7500 14.6367
31.0000 14.7380
31.2500 14.8394
31.5000 14.9409
31.7500 15.0424
32.0000 15.1440
32.2500 15.2457
32.5000 15.3473
32.7500 15.4491
33.0000 15.5508
33.2500 15.6526
33.5000 15.7544
33.7500 15.8562
34.0000 15.9581
34.2500 16.0599
34.5000 16.1617
34.7500 16.2636
35.0000 16.3654
35.2500 16.4672
35.5000 16.5690
35.7500 16.6708
36.0000 16.7725
36.2500 16.8742
36.5000 16.9758
36.7500 17.0774
37.0000 17.1790
37.2500 17.2805
37.5000 17.3819
37.7500 17.4832
38.0000 17.5845
38.2500 17.6857
38.5000 17.7868
38.7500 17.8878
39.0000 17.9887
39.2500 18.0895
39.5000 18.1902
39.7500 18.2908
40.0000 18.3912
40.2500 18.4916
40.5000 18.5918
40.7500 18.6918
41.0000 18.7917
41.2500 18.8915
41.5000 18.9911
41.7500 19.0906
42.0000 19.1898
42.2500 19.2889
42.5000 19.3879
42.7500 19.4866
43.0000 19.5852
43.2500 19.6836
43.5000 19.7818
43.7500 19.8798
44.0000 19.9775
44.2500 20.0751
44.5000 20.1724
44.7500 20.2695
45.0000 20.3663
45.2500 20.4630
45.5000 20.5594
45.7500 20.6555
46.0000 20.7514
46.2500 20.8470
46.5000 20.9424
46.7500 21.0375
47.0000 21.1323
47.2500 21.2269
47.5000 21.3211
47.7500 21.4151
48.0000 21.5088
48.2500 21.6022
48.5000 21.6953
48.7500 21.7880
49.0000 21.8805
49.2500 21.9727
49.5000 22.0645
49.7500 22.1560
50.0000 22.2471
50.2500 22.3380
50.5000 22.4283
50.7500 22.5186
51.0000 22.6083
51.2500 22.6978
51.5000 22.7868
51.7500 22.8755
52.0000 22.9639
52.2500 23.0518
52.5000 23.1394
52.7500 23.2266
53.0000 23.3134
53.2500 23.3998
53.5000 23.4858
53.7500 23.5714
54.0000 23.6566
54.2500 23.7414
54.5000 23.8258
54.7500 23.9098
55.0000 23.9933
55.2500 24.0764
55.5000 24.1591
55.7500 24.2414
56.0000 24.3232
56.2500 24.4046
56.5000 24.4855
56.7500 24.5660
57.0000 24.6460
57.2500 24.7255
57.5000 24.8046
57.7500 24.8833
58.0000 24.9614
58.2500 25.0391
58.5000 25.1163
58.7500 25.1931
59.0000 25.2693
59.2500 25.3451
59.5000 25.4204
59.7500 25.4952
60.0000 25.5695
60.2500 25.6432
60.5000 25.7165
60.7500 25.7893
61.0000 25.8616
61.2500 25.9333
61.5000 26.0045
61.7500 26.0752
62.0000 26.1454
62.2500 26.2151
62.5000 26.2842
62.7500 26.3528
63.0000 26.4209
63.2500 26.4884
63.5000 26.5554
63.7500 26.6219
64.0000 26.6878
64.2500 26.7531
64.5000 26.8179
64.7500 26.8822
65.0000 26.9459
65.2500 27.0090
65.5000 27.0716
65.7500 27.1336
66.0000 27.1950
66.2500 27.2559
66.5000 27.3162
66.7500 27.3760
67.0000 27.4351
67.2500 27.4937
67.5000 27.5517
67.7500 27.6091
68.0000 27.6659
68.2500 27.7222
68.5000 27.7778
68.7500 27.8329
69.0000 27.8874
69.2500 27.9412
69.5000 27.9945
69.7500 28.0472
70.0000 28.0993
70.2500 28.1508
70.5000 28.2016
70.7500 28.2519
71.0000 28.3016
71.2500 28.3506
71.5000 28.3991
71.7500 28.4469
72.0000 28.4941
72.2500 28.5407
72.5000 28.5867
72.7500 28.6321
73.0000 28.6768
73.2500 28.7210
73.5000 28.7645
73.7500 28.8073
74.0000 28.8496
74.2500 28.8912
74.5000 28.9322
74.7500 28.9726
75.0000 29.0123
75.2500 29.0514
75.5000 29.0899
75.7500 29.1278
76.0000 29.1650
76.2500 29.2015
76.5000 29.2375
76.7500 29.2728
77.0000 29.3074
77.2500 29.3414
77.5000 29.3748
77.7500 29.4075
78.0000 29.4396
78.2500 29.4711
78.5000 29.5019
78.7500 29.5320
79.0000 29.5615
79.2500 29.5904
79.5000 29.6186
79.7500 29.6461
80.0000 29.6731
80.2500 29.6993
80.5000 29.7249
80.7500 29.7499
81.0000 29.7742
81.2500 29.7978
81.5000 29.8209
81.7500 29.8432
82.0000 29.8649
82.2500 29.8859
82.5000 29.9063
82.7500 29.9260
83.0000 29.9451
83.2500 29.9635
83.5000 29.9813
83.7500 29.9984
84.0000 30.0148
84.2500 30.0306
84.5000 30.0457
84.7500 30.0602
85.0000 30.0740
85.2500 30.0872
85.5000 30.0996
85.7500 30.1115
86.0000 30.1226
86.2500 30.1331
86.5000 30.1430
86.7500 30.1522
87.0000 30.1607
87.2500 30.1685
87.5000 30.1758
87.7500 30.1823
88.0000 30.1882
88.2500 30.1934
88.5000 30.1979
88.7500 30.2018
89.0000 30.2051
89.2500 30.2077
89.5000 30.2096
89.7500 30.2108
90.0000 30.2114
90.2500 30.2113
90.5000 30.2106
90.7500 30.2092
91.0000 30.2071
91.2500 30.2044
91.5000 30.2010
91.7500 30.1970
92.0000 30.1923
92.2500 30.1869
92.5000 30.1809
92.7500 30.1742
93.0000 30.1669
93.2500 30.1589
93.5000 30.1502
93.7500 30.1409
94.0000 30.1309
94.2500 30.1203
94.5000 30.1090
94.7500 30.0970
95.0000 30.0844
95.2500 30.0712
95.5000 30.0572
95.7500 30.0427
96.0000 30.0274
96.2500 30.0115
96.5000 29.9950
96.7500 29.9778
97.0000 29.9599
97.2500 29.9414
97.5000 29.9223
97.7500 29.9025
98.0000 29.8820
98.2500 29.8609
98.5000 29.8391
98.7500 29.8167
99.0000 29.7936
99.2500 29.7699
99.5000 29.7455
99.7500 29.7205
100.0000 29.6949
100.2500 29.6685
100.5000 29.6416
100.7500 29.6140
101.0000 29.5857
101.2500 29.5568
101.5000 29.5273
101.7500 29.4972
102.0000 29.4663
102.2500 29.4349
102.5000 29.4028
102.7500 29.3700
103.0000 29.3367
103.2500 29.3027
103.5000 29.2680
103.7500 29.2327
104.0000 29.1968
104.2500 29.1603
104.5000 29.1231
104.7500 29.0852
105.0000 29.0468
105.2500 29.0077
105.5000 28.9680
105.7500 28.9277
106.0000 28.8867
106.2500 28.8451
106.5000 28.8029
106.7500 28.7601
107.0000 28.7162
107.2500 28.6725
107.5000 28.6278
107.7500 28.5825
108.0000 28.5365
108.2500 28.4900
108.5000 28.4428
108.7500 28.3950
109.0000 28.3466
109.2500 28.2976
109.5000 28.2479
109.7500 28.1977
110.0000 28.1469
110.2500 28.0954
110.5000 28.0434
110.7500 27.9907
111.0000 27.9375
111.2500 27.8836
111.5000 27.8291
111.7500 27.7741
112.0000 27.7184
112.2500 27.6622
112.5000 27.6053
112.7500 27.5479
113.0000 27.4899
113.2500 27.4313
113.5000 27.3721
113.7500 27.3123
114.0000 27.2519
114.2500 27.1910
114.5000 27.1295
114.7500 27.0674
115.0000 27.0047
115.2500 26.9414
115.5000 26.8815
115.7500 26.8132
116.0000 26.7482
116.2500 26.6827
116.5000 26.6166
116.7500 26.5500
117.0000 26.4828
117.2500 26.4150
117.5000 26.3467
117.7500 26.2778
118.0000 26.2084
118.2500 26.1384
118.5000 26.0679
118.7500 25.9968
119.0000 25.9252
119.2500 25.8530
119.5000 25.7803
119.7500 25.7071
120.0000 25.6334
120.2500 25.5591
120.5000 25.4843
120.7500 25.4089
121.0000 25.3331
121.2500 25.2567
121.5000 25.1798
121.7500 25.1024
122.0000 25.0245
122.2500 24.9460
122.5000 24.8671
122.7500 24.7877
123.0000 24.7077
123.2500 24.6273
123.5000 24.5464
123.7500 24.4650
124.0000 24.3830
124.2500 24.3007
124.5000 24.2178
124.7500 24.1344
125.0000 24.0506
125.2500 23.9663
125.5000 23.8816
125.7500 23.7963
126.0000 23.7106
126.2500 23.6245
126.5000 23.5379
126.7500 23.4508
127.0000 23.3633
127.2500 23.2754
127.5000 23.1870
127.7500 23.0982
128.0000 23.0089
128.2500 22.9194
128.5000 22.8291
128.7500 22.7386
129.0000 22.6477
129.2500 22.5563
129.5000 22.4645
129.7500 22.3723
130.0000 22.2798
130.2500 22.1868
130.5000 22.0934
130.7500 21.9997
131.0000 21.9055
131.2500 21.8110
131.5000 21.7161
131.7500 21.6209
132.0000 21.5252
132.2500 21.4292
132.5000 21.3329
132.7500 21.2362
133.0000 21.1391
133.2500 21.0417
133.5000 20.9440
133.7500 20.8459
134.0000 20.7475
134.2500 20.6488
134.5000 20.5498
134.7500 20.4504
135.0000 20.3507
135.2500 20.2508
135.5000 20.1505
135.7500 20.0499
136.0000 19.9491
136.2500 19.8479
136.5000 19.7465
136.7500 19.6449
137.0000 19.5429
137.2500 19.4403
137.5000 19.3383
137.7500 19.2355
138.0000 19.1326
138.2500 19.0294
138.5000 18.9259
138.7500 18.8223
139.0000 18.7184
139.2500 18.6143
139.5000 18.5100
139.7500 18.4055
140.0000 18.3008
140.2500 18.1959
140.5000 18.0908
140.7500 17.9856
141.0000 17.8801
141.2500 17.7745
141.5000 17.6688
141.7500 17.5629
142.0000 17.4568
142.2500 17.3506
142.5000 17.2443
142.7500 17.1378
143.0000 17.0312
143.2500 16.9245
143.5000 16.8177
143.7500 16.7107
144.0000 16.6037
144.2500 16.4966
144.5000 16.3894
144.7500 16.2821
145.0000 16.1748
145.2500 16.0674
145.5000 15.9599
145.7500 15.8524
146.0000 15.7449
146.2500 15.6373
146.5000 15.5297
146.7500 15.4220
147.0000 15.3144
147.2500 15.2067
147.5000 15.0990
147.7500 14.9914
148.0000 14.8837
148.2500 14.7761
148.5000 14.6685
148.7500 14.5609
149.0000 14.4534
149.2500 14.3459
149.5000 14.2384
149.7500 14.1311
150.0000 14.0238
150.2500 13.9166
150.5000 13.8094
150.7500 13.7023
151.0000 13.5954
151.2500 13.4885
151.5000 13.3818
151.7500 13.2751
152.0000 13.1686
152.2500 13.0622
152.5000 12.9560
152.7500 12.8499
153.0000 12.7439
153.2500 12.6382
153.5000 12.5325
153.7500 12.4271
154.0000 12.3218
154.2500 12.2167
154.5000 12.1118
154.7500 12.0071
155.0000 11.9026
155.2500 11.7984
155.5000 11.6943
155.7500 11.5905
156.0000 11.4869
156.2500 11.3835
156.5000 11.2804
156.7500 11.1775
157.0000 11.0749
157.2500 10.9726
157.5000 10.8705
157.7500 10.7687
158.0000 10.6672
158.2500 10.5660
158.5000 10.4651
158.7500 10.3645
159.0000 10.2641
159.2500 10.1641
159.5000 10.0645
159.7500 9.9651
160.0000 9.8661
160.2500 9.7674
160.5000 9.6691
160.7500 9.5711
161.0000 9.4735
161.2500 9.3762
161.5000 9.2793
161.7500 9.1828
162.0000 9.0867
162.2500 8.9909
162.5000 8.8955
162.7500 8.8005
163.0000 8.7060
163.2500 8.6118
163.5000 8.5180
163.7500 8.4247
164.0000 8.3299
164.2500 8.2392
164.5000 8.1471
164.7500 8.0555
165.0000 7.9643
165.2500 7.8735
165.5000 7.7832
165.7500 7.6933
166.0000 7.6039
166.2500 7.5149
166.5000 7.4265
166.7500 7.3384
167.0000 7.2509
167.2500 7.1638
167.5000 7.0772
167.7500 6.9911
168.0000 6.9055
168.2500 6.8204
168.5000 6.7357
168.7500 6.6516
169.0000 6.5716
169.2500 6.4848
169.5000 6.4020
169.7500 6.3201
170.0000 6.2385
170.2500 6.1574
170.5000 6.0769
170.7500 5.9968
171.0000 5.9173
171.2500 5.8384
171.5000 5.7599
171.7500 5.6820
172.0000 5.6046
172.2500 5.5278
172.5000 5.4515
172.7500 5.3758
173.0000 5.3006
173.2500 5.2259
173.5000 5.1518
173.7500 5.0783
174.0000 5.0053
174.2500 4.9329
174.5000 4.8610
174.7500 4.7897
175.0000 4.7189
175.2500 4.6487
175.5000 4.5791
175.7500 4.5100
176.0000 4.4416
176.2500 4.3736
176.5000 4.3063
176.7500 4.2395
177.0000 4.1733
177.2500 4.1076
177.5000 4.0426
177.7500 3.9781
178.0000 3.9142
178.2500 3.8508
178.5000 3.7880
178.7500 3.7259
179.0000 3.6642
179.2500 3.6032
179.5000 3.5428
179.7500 3.4829
180.0000 3.4236
180.2500 3.3649
180.5000 3.3067
180.7500 3.2492
181.0000 3.1922
181.2500 3.1358
181.5000 3.0800
181.7500 3.0247
182.0000 2.9701
182.2500 2.9160
182.5000 2.8625
182.7500 2.8095
183.0000 2.7572
183.2500 2.7054
183.5000 2.6542
183.7500 2.6036
184.0000 2.5535
184.2500 2.5040
184.5000 2.4551
184.7500 2.4068
185.0000 2.3590
185.2500 2.3118
185.5000 2.2652
185.7500 2.2191
186.0000 2.1736
186.2500 2.1287
186.5000 2.0844
186.7500 2.0405
187.0000 1.9973
187.2500 1.9546
187.5000 1.9125
187.7500 1.8709
188.0000 1.8299
188.2500 1.7894
188.5000 1.7495
188.7500 1.7101
189.0000 1.6713
189.2500 1.6330
189.5000 1.5953
189.7500 1.5581
190.0000 1.5215
190.2500 1.4854
190.5000 1.4498
190.7500 1.4147
191.0000 1.3802
191.2500 1.3462
191.5000 1.3128
191.7500 1.2798
192.0000 1.2474
192.2500 1.2155
192.5000 1.1841
192.7500 1.1533
193.0000 1.1229
193.2500 1.0931
193.5000 1.0637
193.7500 1.0349
194.0000 1.0065
194.2500 0.9787
194.5000 0.9513
194.7500 0.9245
195.0000 0.8981
195.2500 0.8722
195.5000 0.8468
195.7500 0.8218
196.0000 0.7974
196.2500 0.7734
196.5000 0.7499
196.7500 0.7268
197.0000 0.7042
197.2500 0.6821
197.5000 0.6604
197.7500 0.6392
198.0000 0.6184
198.2500 0.5981
198.5000 0.5781
198.7500 0.5587
199.0000 0.5396
199.2500 0.5210
199.5000 0.5029
199.7500 0.4851
200.0000 0.4677
200.2500 0.4508
200.5000 0.4343
200.7500 0.4182
201.0000 0.4024
201.2500 0.3871
201.5000 0.3722
201.7500 0.3576
202.0000 0.3435
202.2500 0.3297
202.5000 0.3162
202.7500 0.3032
203.0000 0.2905
203.2500 0.2782
203.5000 0.2662
203.7500 0.2546
204.0000 0.2433
204.2500 0.2324
204.5000 0.2218
204.7500 0.2115
205.0000 0.2015
205.2500 0.1919
205.5000 0.1826
205.7500 0.1736
206.0000 0.1649
206.2500 0.1565
206.5000 0.1484
206.7500 0.1406
207.0000 0.1331
207.2500 0.1259
207.5000 0.1189
207.7500 0.1122
208.0000 0.1058
208.2500 0.0996
208.5000 0.0937
208.7500 0.0880
209.0000 0.0826
209.2500 0.0774
209.5000 0.0724
209.7500 0.0677
210.0000 0.0632
210.2500 0.0588
210.5000 0.0548
210.7500 0.0509
211.0000 0.0472
211.2500 0.0437
211.5000 0.0404
211.7500 0.0372
212.0000 0.0343
212.2500 0.0315
212.5000 0.0288
212.7500 0.0264
213.0000 0.0241
213.2500 0.0219
213.5000 0.0199
213.7500 0.0180
214.0000 0.0162
214.2500 0.0146
214.5000 0.0131
214.7500 0.0117
215.0000 0.0104
215.2500 0.0092
215.5000 0.0082
215.7500 0.0072
216.0000 0.0063
216.2500 0.0055
216.5000 0.0047
216.7500 0.0041
217.0000 0.0035
217.2500 0.0029
217.5000 0.0025
217.7500 0.0021
218.0000 0.0017
218.2500 0.0014
218.5000 0.0011
218.7500 0.0009
219.0000 0.0007
219.2500 0.0005
219.5000 0.0004
219.7500 0.0003
220.0000 0.0002
220.2500 0.0002
220.5000 0.0001
220.7500 0.0001
221.0000 0.0000
221.2500 0.0000
221.5000 0.0000
221.7500 0.0000
222.0000 0.0000
222.2500 0.0000
222.5000 0.0000
222.7500 0.0000
223.0000 0.0000
223.2500 0.0000
223.5000 0.0000
223.7500 0.0000
224.0000 0.0000
224.2500 0.0000
224.5000 0.0000
224.7500 0.0000
225.0000 0.0000
225.2500 0.0000
225.5000 0.0000
225.7500 0.0000
226.0000 0.0000
226.2500 0.0000
226.5000 0.0000
226.7500 0.0000
227.0000 0.0000
227.2500 0.0000
227.5000 0.0000
227.7500 0.0000
228.0000 0.0000
228.2500 0.0000
228.5000 0.0000
228.7500 0.0000
229.0000 0.0000
229.2500 0.0000
229.5000 0.0000
229.7500 0.0000
230.0000 0.0000
230.2500 0.0000
230.5000 0.0000
230.7500 0.0000
231.0000 0.0000
231.2500 0.0000
231.5000 0.0000
231.7500 0.0000
232.0000 0.0000
232.2500 0.0000
232.5000 0.0000
232.7500 0.0000
233.0000 0.0000
233.2500 0.0000
233.5000 0.0000
233.7500 0.0000
234.0000 0.0000
234.2500 0.0000
234.5000 0.0000
234.7500 0.0000
235.0000 0.0000
235.2500 0.0000
235.5000 0.0000
235.7500 0.0000
236.0000 0.0000
236.2500 0.0000
236.5000 0.0000
236.7500 0.0000
237.0000 0.0000
237.2500 0.0000
237.5000 0.0000
237.7500 0.0000
238.0000 0.0000
238.2500 0.0000
238.5000 0.0000
238.7500 0.0000
239.0000 0.0000
239.2500 0.0000
239.5000 0.0000
239.7500 0.0000
240.0000 0.0000
240.2500 0.0000
240.5000 0.0000
240.7500 0.0000
241.0000 0.0000
241.2500 0.0000
241.5000 0.0000
241.7500 0.0000
242.0000 0.0000
242.2500 0.0000
242.5000 0.0000
242.7500 0.0000
243.0000 0.0000
243.2500 0.0000
243.5000 0.0000
243.7500 0.0000
244.0000 0.0000
244.2500 0.0000
244.5000 0.0000
244.7500 0.0000
245.0000 0.0000
245.2500 0.0000
245.5000 0.0000
245.7500 0.0000
246.0000 0.0000
246.2500 0.0000
246.5000 0.0000
246.7500 0.0000
247.0000 0.0000
247.2500 0.0000
247.5000 0.0000
247.7500 0.0000
248.0000 0.0000
248.2500 0.0000
248.5000 0.0000
248.7500 0.0000
249.0000 0.0000
249.2500 0.0000
249.5000 0.0000
249.7500 0.0000
250.0000 0.0000
250.2500 0.0000
250.5000 0.0000
250.7500 0.0000
251.0000 0.0000
251.2500 0.0000
251.5000 0.0000
251.7500 0.0000
252.0000 0.0000
252.2500 0.0000
252.5000 0.0000
252.7500 0.0000
253.0000 0.0000
253.2500 0.0000
253.5000 0.0000
253.7500 0.0000
254.0000 0.0000
254.2500 0.0000
254.5000 0.0000
254.7500 0.0000
255.0000 0.0000
255.2500 0.0000
255.5000 0.0000
255.7500 0.0000
256.0000 0.0000
256.2500 0.0000
256.5000 0.0000
256.7500 0.0000
257.0000 0.0000
257.2500 0.0000
257.5000 0.0000
257.7500 0.0000
258.0000 0.0000
258.2500 0.0000
258.5000 0.0000
258.7500 0.0000
259.0000 0.0000
259.2500 0.0000
259.5000 0.0000
259.7500 0.0000
260.0000 0.0000
260.2500 0.0000
260.5000 0.0000
260.7500 0.0000
261.0000 0.0000
261.2500 0.0000
261.5000 0.0000
261.7500 0.0000
262.0000 0.0000
262.2500 0.0000
262.5000 0.0000
262.7500 0.0000
263.0000 0.0000
263.2500 0.0000
263.5000 0.0000
263.7500 0.0000
264.0000 0.0000
264.2500 0.0000
264.5000 0.0000
264.7500 0.0000
265.0000 0.0000
265.2500 0.0000
265.5000 0.0000
265.7500 0.0000
266.0000 0.0000
266.2500 0.0000
266.5000 0.0000
266.7500 0.0000
267.0000 0.0000
267.2500 0.0000
267.5000 0.0000
267.7500 0.0000
268.0000 0.0000
268.2500 0.0000
268.5000 0.0000
268.7500 0.0000
269.0000 0.0000
269.2500 0.0000
269.5000 0.0000
269.7500 0.0000
270.0000 0.0000
270.2500 0.0000
270.5000 0.0000
270.7500 0.0000
271.0000 0.0000
271.2500 0.0000
271.5000 0.0000
271.7500 0.0000
272.0000 0.0000
272.2500 0.0000
272.5000 0.0000
272.7500 0.0000
273.0000 0.0000
273.2500 0.0000
273.5000 0.0000
273.7500 0.0000
274.0000 0.0000
274.2500 0.0000
274.5000 0.0000
274.7500 0.0000
275.0000 0.0000
275.2500 0.0000
275.5000 0.0000
275.7500 0.0000
276.0000 0.0000
276.2500 0.0000
276.5000 0.0000
276.7500 0.0000
277.0000 0.0000
277.2500 0.0000
277.5000 0.0000
277.7500 0.0000
278.0000 0.0000
278.2500 0.0000
278.5000 0.0000
278.7500 0.0000
279.0000 0.0000
279.2500 0.0000
279.5000 0.0000
279.7500 0.0000
280.0000 0.0000
280.2500 0.0000
280.5000 0.0000
280.7500 0.0000
281.0000 0.0000
281.2500 0.0000
281.5000 0.0000
281.7500 0.0000
282.0000 0.0000
282.2500 0.0000
282.5000 0.0000
282.7500 0.0000
283.0000 0.0000
283.2500 0.0000
283.5000 0.0000
283.7500 0.0000
284.0000 0.0000
284.2500 0.0000
284.5000 0.0000
284.7500 0.0000
285.0000 0.0000
285.2500 0.0000
285.5000 0.0000
285.7500 0.0000
286.0000 0.0000
286.2500 0.0000
286.5000 0.0000
286.7500 0.0000
287.0000 0.0000
287.2500 0.0000
287.5000 0.0000
287.7500 0.0000
288.0000 0.0000
288.2500 0.0000
288.5000 0.0000
288.7500 0.0000
289.0000 0.0000
289.2500 0.0000
289.5000 0.0000
289.7500 0.0000
290.0000 0.0000
290.2500 0.0000
290.5000 0.0000
290.7500 0.0000
291.0000 0.0000
291.2500 0.0000
291.5000 0.0000
291.7500 0.0000
292.0000 0.0000
292.2500 0.0000
292.5000 0.0000
292.7500 0.0000
293.0000 0.0000
293.2500 0.0000
293.5000 0.0000
293.7500 0.0000
294.0000 0.0000
294.2500 0.0000
294.5000 0.0000
294.7500 0.0000
295.0000 0.0000
295.2500 0.0000
295.5000 0.0000
295.7500 0.0000
296.0000 0.0000
296.2500 0.0000
296.5000 0.0000
296.7500 0.0000
297.0000 0.0000
297.2500 0.0000
297.5000 0.0000
297.7500 0.0000
298.0000 0.0000
298.2500 0.0000
298.5000 0.0000
298.7500 0.0000
299.0000 0.0000
299.2500 0.0000
299.5000 0.0000
299.7500 0.0000
300.0000 0.0000
300.2500 0.0000
300.5000 0.0000
300.7500 0.0000
301.0000 0.0000
301.2500 0.0000
301.5000 0.0000
301.7500 0.0000
302.0000 0.0000
302.2500 0.0000
302.5000 0.0000
302.7500 0.0000
303.0000 0.0000
303.2500 0.0000
303.5000 0.0000
303.7500 0.0000
304.0000 0.0000
304.2500 0.0000
304.5000 0.0000
304.7500 0.0000
305.0000 0.0000
305.2500 0.0000
305.5000 0.0000
305.7500 0.0000
306.0000 0.0000
306.2500 0.0000
306.5000 0.0000
306.7500 0.0000
307.0000 0.0000
307.2500 0.0000
307.5000 0.0000
307.7500 0.0000
308.0000 0.0000
308.2500 0.0000
308.5000 0.0000
308.7500 0.0000
309.0000 0.0000
309.2500 0.0000
309.5000 0.0000
309.7500 0.0000
310.0000 0.0000
310.2500 0.0000
310.5000 0.0000
310.7500 0.0000
311.0000 0.0000
311.2500 0.0000
311.5000 0.0000
311.7500 0.0000
312.0000 0.0000
312.2500 0.0000
312.5000 0.0000
312.7500 0.0000
313.0000 0.0000
313.2500 0.0000
313.5000 0.0000
313.7500 0.0000
314.0000 0.0000
314.2500 0.0000
314.5000 0.0000
314.7500 0.0000
315.0000 0.0000
315.2500 0.0001
315.5000 0.0001
315.7500 0.0002
316.0000 0.0002
316.2500 0.0003
316.5000 0.0004
316.7500 0.0006
317.0000 0.0007
317.2500 0.0009
317.5000 0.0011
317.7500 0.0014
318.0000 0.0017
318.2500 0.0021
318.5000 0.0025
318.7500 0.0029
319.0000 0.0035
319.2500 0.0041
319.5000 0.0047
319.7500 0.0055
320.0000 0.0045
320.2500 0.0072
320.5000 0.0081
320.7500 0.0092
321.0000 0.0104
321.2500 0.0117
321.5000 0.0131
321.7500 0.0146
322.0000 0.0162
322.2500 0.0179
322.5000 0.0198
322.7500 0.0218
323.0000 0.0240
323.2500 0.0263
323.5000 0.0287
323.7500 0.0314
324.0000 0.0341
324.2500 0.0371
324.5000 0.0402
324.7500 0.0435
325.0000 0.0469
325.2500 0.0506
325.5000 0.0545
325.7500 0.0585
326.0000 0.0628
326.2500 0.0672
326.5000 0.0719
326.7500 0.0768
327.0000 0.0820
327.2500 0.0873
327.5000 0.0929
327.7500 0.0988
328.0000 0.1049
328.2500 0.1112
328.5000 0.1178
328.7500 0.1247
329.0000 0.1318
329.2500 0.1392
329.5000 0.1469
329.7500 0.1548
330.0000 0.1630
330.2500 0.1716
330.5000 0.1804
330.7500 0.1895
331.0000 0.1989
331.2500 0.2087
331.5000 0.2187
331.7500 0.2291
332.0000 0.2398
332.2500 0.2508
332.5000 0.2621
332.7500 0.2738
333.0000 0.2858
333.2500 0.2981
333.5000 0.3108
333.7500 0.3238
334.0000 0.3372
334.2500 0.3510
334.5000 0.3651
334.7500 0.3796
335.0000 0.3944
335.2500 0.4096
335.5000 0.4252
335.7500 0.4412
336.0000 0.4575
336.2500 0.4743
336.5000 0.4914
336.7500 0.5089
337.0000 0.5268
337.2500 0.5451
337.5000 0.5638
337.7500 0.5829
338.0000 0.6024
338.2500 0.6223
338.5000 0.6427
338.7500 0.6634
339.0000 0.6846
339.2500 0.7062
339.5000 0.7282
339.7500 0.7506
340.0000 0.7735
340.2500 0.7968
340.5000 0.8205
340.7500 0.8447
341.0000 0.8693
341.2500 0.8943
341.5000 0.9198
341.7500 0.9457
342.0000 0.9721
342.2500 0.9989
342.5000 1.0262
342.7500 1.0539
343.0000 1.0821
343.2500 1.1107
343.5000 1.1398
343.7500 1.1694
344.0000 1.1994
344.2500 1.2298
344.5000 1.2608
344.7500 1.2922
345.0000 1.3241
345.2500 1.3564
345.5000 1.3892
345.7500 1.4225
346.0000 1.4562
346.2500 1.4905
346.5000 1.5252
346.7500 1.5603
347.0000 1.5960
347.2500 1.6321
347.5000 1.6688
347.7500 1.7059
348.0000 1.7434
348.2500 1.7815
348.5000 1.8200
348.7500 1.8591
349.0000 1.8986
349.2500 1.9386
349.5000 1.9791
349.7500 2.0201
350.0000 2.0615
350.2500 2.1035
350.5000 2.1459
350.7500 2.1889
351.0000 2.2323
351.2500 2.2762
351.5000 2.3206
351.7500 2.3655
352.0000 2.4109
352.2500 2.4567
352.5000 2.5031
352.7500 2.5500
353.0000 2.5974
353.2500 2.6452
353.5000 2.6936
353.7500 2.7424
354.0000 2.7917
354.2500 2.8415
354.5000 2.8919
354.7500 2.9427
355.0000 2.9940
355.2500 3.0458
355.5000 3.0981
355.7500 3.1508
356.0000 3.2041
356.2500 3.2579
356.5000 3.3121
356.7500 3.3668
357.0000 3.4221
357.2500 3.4778
357.5000 3.5340
357.7500 3.5907
358.0000 3.6479
358.2500 3.7056
358.5000 3.7638
358.7500 3.8224
359.0000 3.8815
359.2500 3.9412
359.5000 4.0012
359.7500 4.0618
