0.0000 4.1229
0.5000 4.2465
1.0000 4.3720
1.5000 4.4994
2.0000 4.6287
2.5000 4.7598
3.0000 4.8929
3.5000 5.0278
4.0000 5.1646
4.5000 5.3032
5.0000 5.4437
5.5000 5.5859
6.0000 5.7300
6.5000 5.8759
7.0000 6.0235
7.5000 6.1729
8.0000 6.3240
8.5000 6.4768
9.0000 6.6314
9.5000 6.7876
10.0000 6.9455
10.5000 7.1051
11.0000 7.2663
11.5000 7.4291
12.0000 7.5934
12.5000 7.7594
13.0000 7.9268
13.5000 8.0958
14.0000 8.2663
14.5000 8.4382
15.0000 8.6116
15.5000 8.7864
16.0000 8.9626
16.5000 9.1402
17.0000 9.3191
17.5000 9.4993
18.0000 9.6807
18.5000 9.8635
19.0000 10.0474
19.5000 10.2325
20.0000 10.4188
20.5000 10.6062
21.0000 10.7947
21.5000 10.9842
22.0000 11.1748
22.5000 11.3663
23.0000 11.5588
23.5000 11.7523
24.0000 11.9466
24.5000 12.1417
25.0000 12.3377
25.5000 12.5344
26.0000 12.7318
26.5000 12.9300
27.0000 13.1288
27.5000 13.3282
28.0000 13.5282
28.5000 13.7288
29.0000 13.9298
29.5000 14.1313
30.0000 14.3332
30.5000 14.5354
31.0000 14.7380
31.5000 14.9409
32.0000 15.1440
32.5000 15.3473
33.0000 15.5508
33.5000 15.7544
34.0000 15.9581
34.5000 16.1617
35.0000 16.3654
35.5000 16.5690
36.0000 16.7725
36.5000 16.9758
37.0000 17.1790
37.5000 17.3819
38.0000 17.5845
38.5000 17.7868
39.0000 17.9887
39.5000 18.1902
40.0000 18.3912
40.5000 18.5918
41.0000 18.7917
41.5000 18.9911
42.0000 19.1898
42.5000 19.3879
43.0000 19.5852
43.5000 19.7818
44.0000 19.9775
44.5000 20.1724
45.0000 20.3663
45.5000 20.5594
46.0000 20.7514
46.5000 20.9424
47.0000 21.1323
47.5000 21.3211
48.0000 21.5088
48.5000 21.6953
49.0000 21.8805
49.5000 22.0645
50.0000 22.2471
50.5000 22.4283
51.0000 22.6083
51.5000 22.7868
52.0000 22.9639
52.5000 23.1394
53.0000 23.3134
53.5000 23.4858
54.0000 23.6566
54.5000 23.8258
55.0000 23.9933
55.5000 24.1591
56.0000 24.3232
56.5000 24.4855
57.0000 24.6460
57.5000 24.8046
58.0000 24.9614
58.5000 25.1163
59.0000 25.2693
59.5000 25.4204
60.0000 25.5695
60.5000 25.7165
61.0000 25.8616
61.5000 26.0045
62.0000 26.1454
62.5000 26.2842
63.0000 26.4209
63.5000 26.5554
64.0000 26.6878
64.5000 26.8179
65.0000 26.9459
65.5000 27.0716
66.0000 27.1950
66.5000 27.3162
67.0000 27.4351
67.5000 27.5517
68.0000 27.6659
68.5000 27.7778
69.0000 27.8874
69.5000 27.9945
70.0000 28.0993
70.5000 28.2016
71.0000 28.3016
71.5000 28.3991
72.0000 28.4941
72.5000 28.5867
73.0000 28.6768
73.5000 28.7645
74.0000 28.8496
74.5000 28.9322
75.0000 29.0123
75.5000 29.0899
76.0000 29.1650
76.5000 29.2375
77.0000 29.3074
77.5000 29.3748
78.0000 29.4396
78.5000 29.5019
79.0000 29.5615
79.5000 29.6186
80.0000 29.6731
80.5000 29.7249
81.0000 29.7742
81.5000 29.8209
82.0000 29.8649
82.5000 29.9063
83.0000 29.9451
83.5000 29.9813
84.0000 30.0148
84.5000 30.0457
85.0000 30.0740
85.5000 30.0996
86.0000 30.1226
86.5000 30.1430
87.0000 30.1607
87.5000 30.1758
88.0000 30.1882
88.5000 30.1979
89.0000 30.2051
89.5000 30.2096
90.0000 30.2114
90.5000 30.2106
91.0000 30.2071
91.5000 30.2010
92.0000 30.1923
92.5000 30.1809
93.0000 30.1669
93.5000 30.1502
94.0000 30.1309
94.5000 30.1090
95.0000 30.0844
95.5000 30.0572
96.0000 30.0274
96.5000 29.9950
97.0000 29.9599
97.5000 29.9223
98.0000 29.8820
98.5000 29.8391
99.0000 29.7936
99.5000 29.7455
100.0000 29.6949
100.5000 29.6416
101.0000 29.5857
101.5000 29.5273
102.0000 29.4663
102.5000 29.4028
103.0000 29.3367
103.5000 29.2680
104.0000 29.1968
104.5000 29.1231
105.0000 29.0468
105.5000 28.9680
106.0000 28.8867
106.5000 28.8029
107.0000 28.7162
107.5000 28.6278
108.0000 28.5365
108.5000 28.4428
109.0000 28.3466
109.5000 28.2479
110.0000 28.1469
110.5000 28.0434
111.0000 27.9375
111.5000 27.8291
112.0000 27.7184
112.5000 27.6053
113.0000 27.4899
113.5000 27.3721
114.0000 27.2519
114.5000 27.1295
115.0000 27.0047
115.5000 26.8815
116.0000 26.7482
116.5000 26.6166
117.0000 26.4828
117.5000 26.3467
118.0000 26.2084
118.5000 26.0679
119.0000 25.9252
119.5000 25.7803
120.0000 25.6334
120.5000 25.4843
121.0000 25.3331
121.5000 25.1798
122.0000 25.0245
122.5000 24.8671
123.0000 24.7077
123.5000 24.5464
124.0000 24.3830
124.5000 24.2178
125.0000 24.0506
125.5000 23.8816
126.0000 23.7106
126.5000 23.5379
127.0000 23.3633
127.5000 23.1870
128.0000 23.0089
128.5000 22.8291
129.0000 22.6477
129.5000 22.4645
130.0000 22.2798
130.5000 22.0934
131.0000 21.9055
131.5000 21.7161
132.0000 21.5252
132.5000 21.3329
133.0000 21.1391
133.5000 20.9440
134.0000 20.7475
134.5000 20.5498
135.0000 20.3507
135.5000 20.1505
136.0000 19.9491
136.5000 19.7465
137.0000 19.5429
137.5000 19.3383
138.0000 19.1326
138.5000 18.9259
139.0000 18.7184
139.5000 18.5100
140.0000 18.3008
140.5000 18.0908
141.0000 17.8801
141.5000 17.6688
142.0000 17.4568
142.5000 17.2443
143.0000 17.0312
143.5000 16.8177
144.0000 16.6037
144.5000 16.3894
145.0000 16.1748
145.5000 15.9599
146.0000 15.7449
146.5000 15.5297
147.0000 15.3144
147.5000 15.0990
148.0000 14.8837
148.5000 14.6685
149.0000 14.4534
149.5000 14.2384
150.0000 14.0238
150.5000 13.8094
151.0000 13.5954
151.5000 13.3818
152.0000 13.1686
152.5000 12.9560
153.0000 12.7439
153.5000 12.5325
154.0000 12.3218
154.5000 12.1118
155.0000 11.9026
155.5000 11.6943
156.0000 11.4869
156.5000 11.2804
157.0000 11.0749
157.5000 10.8705
158.0000 10.6672
158.5000 10.4651
159.0000 10.2641
159.5000 10.0645
160.0000 9.8661
160.5000 9.6691
161.0000 9.4735
161.5000 9.2793
162.0000 9.0867
162.5000 8.8955
163.0000 8.7060
163.5000 8.5180
164.0000 8.3299
164.5000 8.1471
165.0000 7.9643
165.5000 7.7832
166.0000 7.6039
166.5000 7.4265
167.0000 7.2509
167.5000 7.0772
168.0000 6.9055
168.5000 6.7357
169.0000 6.5716
169.5000 6.4020
170.0000 6.2385
170.5000 6.0769
171.0000 5.9173
171.5000 5.7599
172.0000 5.6046
172.5000 5.4515
173.0000 5.3006
173.5000 5.1518
174.0000 5.0053
174.5000 4.8610
175.0000 4.7189
175.5000 4.5791
176.0000 4.4416
176.5000 4.3063
177.0000 4.1733
177.5000 4.0426
178.0000 3.9142
178.5000 3.7880
179.0000 3.6642
179.5000 3.5428
180.0000 3.4236
180.5000 3.3067
181.0000 3.1922
181.5000 3.0800
182.0000 2.9701
182.5000 2.8625
183.0000 2.7572
183.5000 2.6542
184.0000 2.5535
184.5000 2.4551
185.0000 2.3590
185.5000 2.2652
186.0000 2.1736
186.5000 2.0843
187.0000 1.9973
187.5000 1.9125
188.0000 1.8299
188.5000 1.7495
189.0000 1.6713
189.5000 1.5953
190.0000 1.5215
190.5000 1.4498
191.0000 1.3802
191.5000 1.3128
192.0000 1.2474
192.5000 1.1841
193.0000 1.1229
193.5000 1.0637
194.0000 1.0065
194.5000 0.9513
195.0000 0.8981
195.5000 0.8468
196.0000 0.7974
196.5000 0.7499
197.0000 0.7042
197.5000 0.6604
198.0000 0.6184
198.5000 0.5781
199.0000 0.5396
199.5000 0.5029
200.0000 0.4677
200.5000 0.4343
201.0000 0.4024
201.5000 0.3722
202.0000 0.3435
202.5000 0.3162
203.0000 0.2905
203.5000 0.2662
204.0000 0.2433
204.5000 0.2218
205.0000 0.2015
205.5000 0.1826
206.0000 0.1649
206.5000 0.1484
207.0000 0.1331
207.5000 0.1189
208.0000 0.1058
208.5000 0.0937
209.0000 0.0826
209.5000 0.0724
210.0000 0.0632
210.5000 0.0548
211.0000 0.0472
211.5000 0.0404
212.0000 0.0343
212.5000 0.0288
213.0000 0.0241
213.5000 0.0199
214.0000 0.0162
214.5000 0.0131
215.0000 0.0104
215.5000 0.0082
216.0000 0.0063
216.5000 0.0047
217.0000 0.0035
217.5000 0.0025
218.0000 0.0017
218.5000 0.0011
219.0000 0.0007
219.5000 0.0004
220.0000 0.0002
220.5000 0.0001
221.0000 0.0000
221.5000 0.0000
222.0000 0.0000
222.5000 0.0000
223.0000 0.0000
223.5000 0.0000
224.0000 0.0000
224.5000 0.0000
225.0000 0.0000
225.5000 0.0000
226.0000 0.0000
226.5000 0.0000
227.0000 0.0000
227.5000 0.0000
228.0000 0.0000
228.5000 0.0000
229.0000 0.0000
229.5000 0.0000
230.0000 0.0000
230.5000 0.0000
231.0000 0.0000
231.5000 0.0000
232.0000 0.0000
232.5000 0.0000
233.0000 0.0000
233.5000 0.0000
234.0000 0.0000
234.5000 0.0000
235.0000 0.0000
235.5000 0.0000
236.0000 0.0000
236.5000 0.0000
237.0000 0.0000
237.5000 0.0000
238.0000 0.0000
238.5000 0.0000
239.0000 0.0000
239.5000 0.0000
240.0000 0.0000
240.5000 0.0000
241.0000 0.0000
241.5000 0.0000
242.0000 0.0000
242.5000 0.0000
243.0000 0.0000
243.5000 0.0000
244.0000 0.0000
244.5000 0.0000
245.0000 0.0000
245.5000 0.0000
246.0000 0.0000
246.5000 0.0000
247.0000 0.0000
247.5000 0.0000
248.0000 0.0000
248.5000 0.0000
249.0000 0.0000
249.5000 0.0000
250.0000 0.0000
250.5000 0.0000
251.0000 0.0000
251.5000 0.0000
252.0000 0.0000
252.5000 0.0000
253.0000 0.0000
253.5000 0.0000
254.0000 0.0000
254.5000 0.0000
255.0000 0.0000
255.5000 0.0000
256.0000 0.0000
256.5000 0.0000
257.0000 0.0000
257.5000 0.0000
258.0000 0.0000
258.5000 0.0000
259.0000 0.0000
259.5000 0.0000
260.0000 0.0000
260.5000 0.0000
261.0000 0.0000
261.5000 0.0000
262.0000 0.0000
262.5000 0.0000
263.0000 0.0000
263.5000 0.0000
264.0000 0.0000
264.5000 0.0000
265.0000 0.0000
265.5000 0.0000
266.0000 0.0000
266.5000 0.0000
267.0000 0.0000
267.5000 0.0000
268.0000 0.0000
268.5000 0.0000
269.0000 0.0000
269.5000 0.0000
270.0000 0.0000
270.5000 0.0000
271.0000 0.0000
271.5000 0.0000
272.0000 0.0000
272.5000 0.0000
273.0000 0.0000
273.5000 0.0000
274.0000 0.0000
274.5000 0.0000
275.0000 0.0000
275.5000 0.0000
276.0000 0.0000
276.5000 0.0000
277.0000 0.0000
277.5000 0.0000
278.0000 0.0000
278.5000 0.0000
279.0000 0.0000
279.5000 0.0000
280.0000 0.0000
280.5000 0.0000
281.0000 0.0000
281.5000 0.0000
282.0000 0.0000
282.5000 0.0000
283.0000 0.0000
283.5000 0.0000
284.0000 0.0000
284.5000 0.0000
285.0000 0.0000
285.5000 0.0000
286.0000 0.0000
286.5000 0.0000
287.0000 0.0000
287.5000 0.0000
288.0000 0.0000
288.5000 0.0000
289.0000 0.0000
289.5000 0.0000
290.0000 0.0000
290.5000 0.0000
291.0000 0.0000
291.5000 0.0000
292.0000 0.0000
292.5000 0.0000
293.0000 0.0000
293.5000 0.0000
294.0000 0.0000
294.5000 0.0000
295.0000 0.0000
295.5000 0.0000
296.0000 0.0000
296.5000 0.0000
297.0000 0.0000
297.5000 0.0000
298.0000 0.0000
298.5000 0.0000
299.0000 0.0000
299.5000 0.0000
300.0000 0.0000
300.5000 0.0000
301.0000 0.0000
301.5000 0.0000
302.0000 0.0000
302.5000 0.0000
303.0000 0.0000
303.5000 0.0000
304.0000 0.0000
304.5000 0.0000
305.0000 0.0000
305.5000 0.0000
306.0000 0.0000
306.5000 0.0000
307.0000 0.0000
307.5000 0.0000
308.0000 0.0000
308.5000 0.0000
309.0000 0.0000
309.5000 0.0000
310.0000 0.0000
310.5000 0.0000
311.0000 0.0000
311.5000 0.0000
312.0000 0.0000
312.5000 0.0000
313.0000 0.0000
313.5000 0.0000
314.0000 0.0000
314.5000 0.0000
315.0000 0.0000
315.5000 0.0001
316.0000 0.0002
316.5000 0.0004
317.0000 0.0007
317.5000 0.0011
318.0000 0.0017
318.5000 0.0025
319.0000 0.0035
319.5000 0.0047
320.0000 0.0045
320.5000 0.0081
321.0000 0.0104
321.5000 0.0131
322.0000 0.0162
322.5000 0.0198
323.0000 0.0240
323.5000 0.0287
324.0000 0.0341
324.5000 0.0402
325.0000 0.0469
325.5000 0.0545
326.0000 0.0628
326.5000 0.0719
327.0000 0.0820
327.5000 0.0929
328.0000 0.1049
328.5000 0.1178
329.0000 0.1318
329.5000 0.1469
330.0000 0.1630
330.5000 0.1804
331.0000 0.1989
331.5000 0.2187
332.0000 0.2398
332.5000 0.2621
333.0000 0.2858
333.5000 0.3108
334.0000 0.3372
334.5000 0.3651
335.0000 0.3944
335.5000 0.4252
336.0000 0.4575
336.5000 0.4914
337.0000 0.5268
337.5000 0.5638
338.0000 0.6024
338.5000 0.6427
339.0000 0.6846
339.5000 0.7282
340.0000 0.7735
340.5000 0.8205
341.0000 0.8693
341.5000 0.9198
342.0000 0.9721
342.5000 1.0262
343.0000 1.0821
343.5000 1.1398
344.0000 1.1994
344.5000 1.2608
345.0000 1.3241
345.5000 1.3892
346.0000 1.4562
346.5000 1.5252
347.0000 1.5960
347.5000 1.6688
348.0000 1.7434
348.5000 1.8200
349.0000 1.8986
349.5000 1.9791
350.0000 2.0615
350.5000 2.1459
351.0000 2.2323
351.5000 2.3206
352.0000 2.4109
352.5000 2.5031
353.0000 2.5974
353.5000 2.6936
354.0000 2.7917
354.5000 2.8919
355.0000 2.9940
355.5000 3.0981
356.0000 3.2041
356.5000 3.3121
357.0000 3.4221
357.5000 3.5340
358.0000 3.6479
358.5000 3.7638
359.0000 3.8815
359.5000 4.0012
