0.0000 0.0003
0.5000 0.0000
1.0000 0.0000
1.5000 0.0000
2.0000 0.0000
2.5000 0.0000
3.0000 0.0000
3.5000 0.0000
4.0000 0.0000
4.5000 0.0000
5.0000 0.0000
5.5000 0.0000
6.0000 0.0000
6.5000 0.0000
7.0000 0.0000
7.5000 0.0000
8.0000 0.0000
8.5000 0.0000
9.0000 0.0000
9.5000 0.0000
10.0000 0.0000
10.5000 0.0000
11.0000 0.0000
11.5000 0.0000
12.0000 0.0000
12.5000 0.0000
13.0000 0.0000
13.5000 0.0000
14.0000 0.0000
14.5000 0.0000
15.0000 0.0000
15.5000 0.0000
16.0000 0.0000
16.5000 0.0000
17.0000 0.0000
17.5000 0.0000
18.0000 0.0000
18.5000 0.0000
19.0000 0.0000
19.5000 0.0000
20.0000 0.0000
20.5000 0.0000
21.0000 0.0000
21.5000 0.0000
22.0000 0.0000
22.5000 0.0000
23.0000 0.0000
23.5000 0.0000
24.0000 0.0000
24.5000 0.0000
25.0000 0.0000
25.5000 0.0000
26.0000 0.0000
26.5000 0.0000
27.0000 0.0000
27.5000 0.0000
28.0000 0.0000
28.5000 0.0000
29.0000 0.0000
29.5000 0.0000
30.0000 0.0000
30.5000 0.0000
31.0000 0.0000
31.5000 0.0000
32.0000 0.0000
32.5000 0.0000
33.0000 0.0000
33.5000 0.0000
34.0000 0.0000
34.5000 0.0000
35.0000 0.0000
35.5000 0.0000
36.0000 0.0000
36.5000 0.0000
37.0000 0.0000
37.5000 0.0000
38.0000 0.0000
38.5000 0.0000
39.0000 0.0000
39.5000 0.0000
40.0000 0.0000
40.5000 0.0000
41.0000 0.0000
41.5000 0.0000
42.0000 0.0000
42.5000 0.0000
43.0000 0.0000
43.5000 0.0000
44.0000 0.0000
44.5000 0.0000
45.0000 0.0000
45.5000 0.0000
46.0000 0.0000
46.5000 0.0000
47.0000 0.0000
47.5000 0.0000
48.0000 0.0000
48.5000 0.0000
49.0000 0.0000
49.5000 0.0000
50.0000 0.0000
50.5000 0.0000
51.0000 0.0000
51.5000 0.0000
52.0000 0.0000
52.5000 0.0000
53.0000 0.0000
53.5000 0.0000
54.0000 0.0000
54.5000 0.0000
55.0000 0.0000
55.5000 0.0000
56.0000 0.0000
56.5000 0.0000
57.0000 0.0000
57.5000 0.0000
58.0000 0.0000
58.5000 0.0000
59.0000 0.0000
59.5000 0.0000
60.0000 0.0000
60.5000 0.0000
61.0000 0.0000
61.5000 0.0000
62.0000 0.0000
62.5000 0.0000
63.0000 0.0000
63.5000 0.0000
64.0000 0.0000
64.5000 0.0000
65.0000 0.0000
65.5000 0.0000
66.0000 0.0000
66.5000 0.0000
67.0000 0.0000
67.5000 0.0000
68.0000 0.0000
68.5000 0.0000
69.0000 0.0000
69.5000 0.0000
70.0000 0.0000
70.5000 0.0003
71.0000 0.0013
71.5000 0.0029
72.0000 0.0053
72.5000 0.0084
73.0000 0.0123
73.5000 0.0170
74.0000 0.0225
74.5000 0.0288
75.0000 0.0360
75.5000 0.0441
76.0000 0.0530
76.5000 0.0629
77.0000 0.0737
77.5000 0.0854
78.0000 0.0981
78.5000 0.1118
79.0000 0.1266
79.5000 0.1423
80.0000 0.1591
80.5000 0.1770
81.0000 0.1960
81.5000 0.2160
82.0000 0.2372
82.5000 0.2595
83.0000 0.2830
83.5000 0.3076
84.0000 0.3334
84.5000 0.3605
85.0000 0.3887
85.5000 0.4182
86.0000 0.4489
86.5000 0.4809
87.0000 0.5142
87.5000 0.5488
88.0000 0.5848
88.5000 0.6220
89.0000 0.6606
89.5000 0.7006
90.0000 0.7420
90.5000 0.7848
91.0000 0.8290
91.5000 0.8746
92.0000 0.9217
92.5000 0.9703
93.0000 1.0204
93.5000 1.0720
94.0000 1.1251
94.5000 1.1798
95.0000 1.2361
95.5000 1.2939
96.0000 1.3534
96.5000 1.4145
97.0000 1.4772
97.5000 1.5416
98.0000 1.6077
98.5000 1.6755
99.0000 1.7449
99.5000 1.8162
100.0000 1.8891
100.5000 1.9639
101.0000 2.0404
101.5000 2.1187
102.0000 2.1988
102.5000 2.2808
103.0000 2.3646
103.5000 2.4502
104.0000 2.5377
104.5000 2.6271
105.0000 2.7185
105.5000 2.8117
106.0000 2.9069
106.5000 3.0040
107.0000 3.1030
107.5000 3.2041
108.0000 3.3071
108.5000 3.4121
109.0000 3.5191
109.5000 3.6282
110.0000 3.7393
110.5000 3.8524
111.0000 3.9676
111.5000 4.0848
112.0000 4.2042
112.5000 4.3256
113.0000 4.4491
113.5000 4.5748
114.0000 4.7026
114.5000 4.8325
115.0000 4.9646
115.5000 5.0988
116.0000 5.2353
116.5000 5.3739
117.0000 5.5148
117.5000 5.6578
118.0000 5.8032
118.5000 5.9507
119.0000 6.1006
119.5000 6.2527
120.0000 6.4071
120.5000 6.5638
121.0000 6.7228
121.5000 6.8841
122.0000 7.0478
122.5000 7.2138
123.0000 7.3821
123.5000 7.5528
124.0000 7.7258
124.5000 7.9012
125.0000 8.0789
125.5000 8.2590
126.0000 8.4415
126.5000 8.6263
127.0000 8.8136
127.5000 9.0031
128.0000 9.1951
128.5000 9.3895
129.0000 9.5862
129.5000 9.7853
130.0000 9.9868
130.5000 10.1907
131.0000 10.3970
131.5000 10.6057
132.0000 10.8167
132.5000 11.0301
133.0000 11.2459
133.5000 11.4640
134.0000 11.6845
134.5000 11.9073
135.0000 12.1324
135.5000 12.3599
136.0000 12.5897
136.5000 12.8217
137.0000 13.0560
137.5000 13.2926
138.0000 13.5314
138.5000 13.7725
139.0000 14.0157
139.5000 14.2611
140.0000 14.5087
140.5000 14.7583
141.0000 15.0101
141.5000 15.2640
142.0000 15.5200
142.5000 15.7780
143.0000 16.0380
143.5000 16.3001
144.0000 16.5641
144.5000 16.8300
145.0000 17.0979
145.5000 17.3677
146.0000 17.6393
146.5000 17.9127
147.0000 18.1879
147.5000 18.4649
148.0000 18.7435
148.5000 19.0238
149.0000 19.3057
149.5000 19.5892
150.0000 19.8742
150.5000 20.1607
151.0000 20.4485
151.5000 20.7378
152.0000 21.0283
152.5000 21.3202
153.0000 21.6132
153.5000 21.9073
154.0000 22.2026
154.5000 22.4989
155.0000 22.7961
155.5000 23.0943
156.0000 23.3933
156.5000 23.6932
157.0000 23.9937
157.5000 24.2950
158.0000 24.5969
158.5000 24.8994
159.0000 25.2024
159.5000 25.5058
160.0000 25.8097
160.5000 26.1140
161.0000 26.4187
161.5000 26.7236
162.0000 27.0287
162.5000 27.3341
163.0000 27.6395
163.5000 27.9451
164.0000 28.2507
164.5000 28.5562
165.0000 28.8617
165.5000 29.1670
166.0000 29.4721
166.5000 29.7770
167.0000 30.0815
167.5000 30.3857
168.0000 30.6894
168.5000 30.9926
169.0000 31.2953
169.5000 31.5973
170.0000 31.8987
170.5000 32.1993
171.0000 32.4990
171.5000 32.7979
172.0000 33.0957
172.5000 33.3926
173.0000 33.6884
173.5000 33.9829
174.0000 34.2763
174.5000 34.5683
175.0000 34.8590
175.5000 35.1482
176.0000 35.4360
176.5000 35.7222
177.0000 36.0067
177.5000 36.2896
178.0000 36.5708
178.5000 36.8502
179.0000 37.1278
179.5000 37.4035
180.0000 37.6772
180.5000 37.9490
181.0000 38.2187
181.5000 38.4864
182.0000 38.7519
182.5000 39.0152
183.0000 39.2764
183.5000 39.5352
184.0000 39.7918
184.5000 40.0460
185.0000 40.2978
185.5000 40.5471
186.0000 40.7939
186.5000 41.0382
187.0000 41.2798
187.5000 41.5188
188.0000 41.7551
188.5000 41.9886
189.0000 42.2192
189.5000 42.4470
190.0000 42.6719
190.5000 42.8937
191.0000 43.1125
191.5000 43.3282
192.0000 43.5407
192.5000 43.7500
193.0000 43.9560
193.5000 44.1586
194.0000 44.3578
194.5000 44.5536
195.0000 44.7458
195.5000 44.9345
196.0000 45.1195
196.5000 45.3009
197.0000 45.4786
197.5000 45.6526
198.0000 45.8228
198.5000 45.9892
199.0000 46.1517
199.5000 46.3104
200.0000 46.4652
200.5000 46.6160
201.0000 46.7629
201.5000 46.9059
202.0000 47.0448
202.5000 47.1798
203.0000 47.3107
203.5000 47.4376
204.0000 47.5604
204.5000 47.6792
205.0000 47.7938
205.5000 47.9043
206.0000 48.0107
206.5000 48.1130
207.0000 48.2110
207.5000 48.3048
208.0000 48.3944
208.5000 48.4797
209.0000 48.5607
209.5000 48.6374
210.0000 48.7096
210.5000 48.7775
211.0000 48.8409
211.5000 48.8998
212.0000 48.9542
212.5000 49.0040
213.0000 49.0492
213.5000 49.0897
214.0000 49.1255
214.5000 49.1566
215.0000 49.1830
215.5000 49.2045
216.0000 49.2212
216.5000 49.2331
217.0000 49.2401
217.5000 49.2422
218.0000 49.2394
218.5000 49.2317
219.0000 49.2191
219.5000 49.2016
220.0000 49.1791
220.5000 49.1517
221.0000 49.1193
221.5000 49.0820
222.0000 49.0397
222.5000 48.9923
223.0000 48.9400
223.5000 48.8827
224.0000 48.8203
224.5000 48.7530
225.0000 48.6805
225.5000 48.6031
226.0000 48.5206
226.5000 48.4330
227.0000 48.3404
227.5000 48.2428
228.0000 48.1401
228.5000 48.0324
229.0000 47.9197
229.5000 47.8021
230.0000 47.6794
230.5000 47.5518
231.0000 47.4193
231.5000 47.2818
232.0000 47.1394
232.5000 46.9922
233.0000 46.8400
233.5000 46.6831
234.0000 46.5214
234.5000 46.3549
235.0000 46.1838
235.5000 46.0079
236.0000 45.8274
236.5000 45.6423
237.0000 45.4526
237.5000 45.2584
238.0000 45.0598
238.5000 44.8567
239.0000 44.6493
239.5000 44.4376
240.0000 44.2216
240.5000 44.0015
241.0000 43.7771
241.5000 43.5487
242.0000 43.3163
242.5000 43.0799
243.0000 42.8396
243.5000 42.5954
244.0000 42.3476
244.5000 42.0960
245.0000 41.8408
245.5000 41.5821
246.0000 41.3199
246.5000 41.0544
247.0000 40.7855
247.5000 40.5134
248.0000 40.2382
248.5000 39.9600
249.0000 39.6788
249.5000 39.3947
250.0000 39.1078
250.5000 38.8183
251.0000 38.5261
251.5000 38.2314
252.0000 37.9343
252.5000 37.6348
253.0000 37.3330
253.5000 37.0291
254.0000 36.7231
254.5000 36.4151
255.0000 36.1052
255.5000 35.7935
256.0000 35.4801
256.5000 35.1651
257.0000 34.8485
257.5000 34.5306
258.0000 34.2113
258.5000 33.8908
259.0000 33.5692
259.5000 33.2466
260.0000 32.9230
260.5000 32.5986
261.0000 32.2734
261.5000 31.9476
262.0000 31.6213
262.5000 31.2945
263.0000 30.9673
263.5000 30.6399
264.0000 30.3123
264.5000 29.9845
265.0000 29.6568
265.5000 29.3292
266.0000 29.0017
266.5000 28.6744
267.0000 28.3474
267.5000 28.0208
268.0000 27.6947
268.5000 27.3690
269.0000 27.0440
269.5000 26.7197
270.0000 26.3961
270.5000 26.0733
271.0000 25.7514
271.5000 25.4305
272.0000 25.1106
272.5000 24.7917
273.0000 24.4740
273.5000 24.1575
274.0000 23.8423
274.5000 23.5283
275.0000 23.2158
275.5000 22.9047
276.0000 22.5951
276.5000 22.2870
277.0000 21.9805
277.5000 21.6756
278.0000 21.3724
278.5000 21.0709
279.0000 20.7713
279.5000 20.4734
280.0000 20.1774
280.5000 19.8832
281.0000 19.5911
281.5000 19.3008
282.0000 19.0126
282.5000 18.7265
283.0000 18.4424
283.5000 18.1604
284.0000 17.8806
284.5000 17.6029
285.0000 17.3274
285.5000 17.0541
286.0000 16.7830
286.5000 16.5142
287.0000 16.2477
287.5000 15.9834
288.0000 15.7214
288.5000 15.4618
289.0000 15.2044
289.5000 14.9495
290.0000 14.6968
290.5000 14.4466
291.0000 14.1987
291.5000 13.9532
292.0000 13.7102
292.5000 13.4695
293.0000 13.2313
293.5000 12.9954
294.0000 12.7620
294.5000 12.5310
295.0000 12.3025
295.5000 12.0763
296.0000 11.8526
296.5000 11.6314
297.0000 11.4125
297.5000 11.1961
298.0000 10.9821
298.5000 10.7706
299.0000 10.5615
299.5000 10.3548
300.0000 10.1505
300.5000 9.9486
301.0000 9.7492
301.5000 9.5522
302.0000 9.3576
302.5000 9.1654
303.0000 8.9756
303.5000 8.7882
304.0000 8.6032
304.5000 8.4206
305.0000 8.2404
305.5000 8.0626
306.0000 7.8871
306.5000 7.7140
307.0000 7.5433
307.5000 7.3749
308.0000 7.2089
308.5000 7.0452
309.0000 6.8838
309.5000 6.7248
310.0000 6.5680
310.5000 6.4135
311.0000 6.2613
311.5000 6.1113
312.0000 5.9636
312.5000 5.8181
313.0000 5.6748
313.5000 5.5336
314.0000 5.3947
314.5000 5.2579
315.0000 5.1232
315.5000 4.9907
316.0000 4.8602
316.5000 4.7319
317.0000 4.6056
317.5000 4.4813
318.0000 4.3591
318.5000 4.2389
319.0000 4.1206
319.5000 4.0044
320.0000 3.8901
320.5000 3.7778
321.0000 3.6675
321.5000 3.5590
322.0000 3.4525
322.5000 3.3479
323.0000 3.2452
323.5000 3.1443
324.0000 3.0453
324.5000 2.9482
325.0000 2.8529
325.5000 2.7594
326.0000 2.6677
326.5000 2.5779
327.0000 2.4898
327.5000 2.4035
328.0000 2.3190
328.5000 2.2362
329.0000 2.1552
329.5000 2.0760
330.0000 1.9984
330.5000 1.9226
331.0000 1.8485
331.5000 1.7761
332.0000 1.7054
332.5000 1.6364
333.0000 1.5691
333.5000 1.5035
334.0000 1.4395
334.5000 1.3772
335.0000 1.3165
335.5000 1.2574
336.0000 1.1999
336.5000 1.1441
337.0000 1.0898
337.5000 1.0371
338.0000 0.9860
338.5000 0.9364
339.0000 0.8883
339.5000 0.8417
340.0000 0.7966
340.5000 0.7530
341.0000 0.7109
341.5000 0.6701
342.0000 0.6308
342.5000 0.5929
343.0000 0.5564
343.5000 0.5213
344.0000 0.4875
344.5000 0.4550
345.0000 0.4239
345.5000 0.3940
346.0000 0.3654
346.5000 0.3380
347.0000 0.3119
347.5000 0.2870
348.0000 0.2633
348.5000 0.2407
349.0000 0.2193
349.5000 0.1991
350.0000 0.1799
350.5000 0.1618
351.0000 0.1448
351.5000 0.1289
352.0000 0.1140
352.5000 0.1001
353.0000 0.0872
353.5000 0.0753
354.0000 0.0643
354.5000 0.0543
355.0000 0.0452
355.5000 0.0370
356.0000 0.0297
356.5000 0.0233
357.0000 0.0176
357.5000 0.0128
358.0000 0.0088
358.5000 0.0056
359.0000 0.0031
359.5000 0.0014
