B,49.043 #基圆半径
G,0 #测杆滚轮半径 如果是平面随动件则可以近似设置为10倍基圆半径的滚子

A,0,359.5,0.5 #角度范围及角度步距
0
0.0018
0.0063
0.0144
0.0244
0.037
0.0521
0.0697
0.09
0.1128
0.1383
0.1663
0.1969
0.2301
0.2661
0.3049
0.3452
0.3895
0.4356
0.4846
0.5361
0.5903
0.6473
0.707
0.7694
0.8342
0.9025
0.9724
1.046
1.1215
1.2009
1.2821
1.3664
1.4536
1.543
1.6362
1.7318
1.8301
1.9313
2.0351
2.1425
2.2515
2.3644
2.4797
2.5982
2.7194
2.8432
2.97
3.0997
3.2323
3.3677
3.506
3.6472
3.7916
3.9388
4.0889
4.2419
4.3983
4.5574
4.7201
4.8854
5.0536
5.2251
5.3995
5.5766
5.7572
5.9403
6.1267
6.3161
6.5081
6.7035
6.9014
7.1029
7.3067
7.5139
7.7236
7.9364
8.1517
8.37
8.5915
8.8159
9.0432
9.2737
9.5072
9.7437
9.9835
10.2256
10.4717
10.7195
10.9703
11.224
11.4802
11.739
12.0005
12.265
12.5325
12.8018
13.0736
13.3482
13.6252
13.905
14.1881
14.4721
14.7597
15.0496
15.3413
15.6359
15.932
16.2302
16.5303
16.8321
17.1363
17.4419
17.7495
18.0592
18.3709
18.6835
18.9984
19.3144
19.6325
19.9518
20.2722
20.5937
20.9167
21.2414
21.5669
21.8929
22.2201
22.548
22.877
23.2063
23.5366
23.8672
24.1981
24.5285
24.8595
25.1911
25.5217
25.8529
26.1836
26.5145
26.8443
27.1736
27.502
27.8308
28.1587
28.4856
28.8117
29.137
29.4607
29.7827
30.1048
30.4253
30.745
31.0622
31.3778
31.6924
32.0054
32.3167
32.626
32.9328
33.2375
33.5407
33.8418
34.14
34.4369
34.7308
35.0223
35.3106
35.5965
35.8794
36.16
36.4385
36.714
36.9863
37.2562
37.5225
37.7864
38.0472
38.3053
38.5604
38.8123
39.0609
39.3067
39.5494
39.7888
40.0254
40.2588
40.489
40.7156
40.939
41.1591
41.3762
41.5902
41.8009
42.0083
42.2124
42.4133
42.6107
42.805
42.9955
43.183
43.3666
43.547
43.7244
43.8983
44.0692
44.2367
44.4006
44.5615
44.7192
44.8735
45.0246
45.173
45.3174
45.4586
45.5974
45.7328
45.865
45.9944
46.1206
46.2435
46.3654
46.4833
46.5984
46.71
46.8195
46.9263
47.0306
47.1324
47.2316
47.328
47.422
47.5132
47.6021
47.6884
47.7717
47.8544
47.9336
48.0104
48.0847
48.1568
48.2262
48.2935
48.3585
48.4209
48.4812
48.5388
48.5942
48.6477
48.6989
48.7481
48.7953
48.8403
48.8835
48.9245
48.964
49.0017
49.0366
49.0715
49.1037
49.1342
49.163
49.1899
49.2157
49.24
49.263
49.2847
49.305
49.3235
49.3407
49.3566
49.3717
49.3855
49.3979
49.409
49.4195
49.4284
49.4363
49.4435
49.4496
49.4547
49.4594
49.4629
49.4653
49.4677
49.4688
49.4694
49.4683
49.4665
49.4659
49.4634
49.4603
49.4568
49.4523
49.4473
49.4417
49.4358
49.4299
49.4233
49.4165
49.4094
49.4023
49.3947
49.3869
49.3788
49.3703
49.362
49.3527
49.3481
49.3386
49.3281
49.3171
49.3051
49.2926
49.2824
49.2721
49.2619
49.2517
49.2415
49.2315
49.2217
49.2118
49.2021
49.1922
49.1828
49.1753
49.1642
49.1538
49.1449
49.1357
49.1257
49.118
49.1096
49.1016
49.0933
49.0862
49.079
49.0724
49.0659
49.0598
49.0537
49.0482
49.0432
49.0383
49.0339
49.0297
49.026
49.0229
49.0199
49.0171
49.0147
49.0126
49.0111
49.0098
49.0091
49.0086
49.0083
49.0084
49.009
49.0099
49.0112
49.0125
49.015
49.0173
49.0201
49.0231
49.0267
49.0308
49.0351
49.0396
49.0458
49.0501
49.0558
49.0619
49.0653
49.0734
49.082
49.0894
49.0972
49.1055
49.1138
49.1228
49.1319
49.1411
49.1506
49.1604
49.1723
49.1819
49.192
49.2017
49.2123
49.223
49.2339
49.2445
49.2555
49.2664
49.2773
49.288
49.2986
49.3087
49.3185
49.3283
49.3377
49.3469
49.3558
49.3644
49.3729
49.3808
49.3885
49.3957
49.4026
49.4089
49.415
49.4207
49.426
49.4309
49.4348
49.4383
49.4416
49.4443
49.4463
49.448
49.4489
49.4495
49.449
49.4478
49.446
49.4432
49.4399
49.4369
49.4305
49.425
49.4188
49.4118
49.403
49.3933
49.3823
49.3703
49.357
49.3424
49.3265
49.3094
49.2912
49.2717
49.2515
49.2294
49.2064
49.1818
49.1558
49.1282
49.0992
49.0684
49.036
49.0018
48.9663
48.9291
48.8903
48.8499
48.8085
48.7652
48.7201
48.6734
48.6244
48.5738
48.5207
48.4658
48.4087
48.3497
48.2888
48.226
48.1608
48.0939
48.0248
47.9538
47.8805
47.8045
47.7261
47.6454
47.5628
47.4774
47.39
47.2998
47.2074
47.1124
47.0153
46.9159
46.8138
46.7056
46.6033
46.4947
46.3829
46.269
46.1521
46.0327
45.911
45.7867
45.6595
45.5305
45.3987
45.2645
45.1279
44.9882
44.8467
44.7019
44.5541
44.4032
44.2496
44.0933
43.9347
43.7728
43.6084
43.4411
43.2711
43.0986
42.9235
42.7452
42.5648
42.3816
42.1958
42.0071
41.8171
41.623
41.4266
41.227
41.0251
40.8204
40.6129
40.4024
40.1891
39.9736
39.7558
39.535
39.312
39.0865
38.8589
38.6287
38.3955
38.16
37.9221
37.6828
37.4407
37.1963
36.9488
36.6985
36.4475
36.1929
35.9361
35.6773
35.4165
35.1527
34.8866
34.6185
34.3483
34.076
33.8012
33.5246
33.2458
32.9658
32.6831
32.3988
32.1125
31.8242
31.5345
31.2439
30.9519
30.6591
30.3654
30.0684
29.7714
29.4737
29.1747
28.8748
28.5731
28.2705
27.9665
27.6614
27.3552
27.0471
26.7348
26.4286
26.1175
25.8047
25.4921
25.1784
24.8642
24.5503
24.2355
23.9224
23.6071
23.2923
22.9769
22.6614
22.3476
22.0321
21.7176
21.4027
21.0879
20.7734
20.4607
20.1482
19.8373
19.5257
19.2161
18.9073
18.599
18.2907
17.9807
17.6885
17.3788
17.0783
16.7786
16.48
16.1838
15.8888
15.5962
15.3049
15.0158
14.7283
14.4427
14.1582
13.8769
13.5964
13.3178
13.0418
12.7684
12.497
12.2289
11.9633
11.7002
11.4391
11.1815
10.9263
10.6724
10.4223
10.174
9.9289
9.6854
9.4456
9.2089
8.9754
8.7449
8.5172
8.2923
8.0702
7.8511
7.6356
7.4228
7.2128
7.0063
6.804
6.6045
6.4084
6.2153
6.0256
5.8396
5.6566
5.4774
5.2984
5.127
4.955
4.7878
4.6233
4.4618
4.304
4.1461
3.9968
3.8454
3.6995
3.556
3.4157
3.2785
3.144
3.0128
2.8851
2.7606
2.6361
2.5195
2.401
2.288
2.1772
2.0694
1.9644
1.8612
1.7627
1.6662
1.5721
1.4807
1.3923
1.3064
1.2235
1.143
1.0651
0.9899
0.9178
0.8482
0.7813
0.7171
0.6555
0.5975
0.5416
0.4887
0.4385
0.391
0.3455
0.3039
0.2646
0.2276
0.1933
0.1621
0.1335
0.1076
0.0846
0.0641
0.0468
0.0316
0.0201
0.0107
0.0047
0.0009