0.0000 0.0000
0.5000 0.0018
1.0000 0.0063
1.5000 0.0144
2.0000 0.0244
2.5000 0.0370
3.0000 0.0521
3.5000 0.0697
4.0000 0.0900
4.5000 0.1128
5.0000 0.1383
5.5000 0.1663
6.0000 0.1969
6.5000 0.2301
7.0000 0.2661
7.5000 0.3049
8.0000 0.3452
8.5000 0.3895
9.0000 0.4356
9.5000 0.4846
10.0000 0.5361
10.5000 0.5903
11.0000 0.6473
11.5000 0.7070
12.0000 0.7694
12.5000 0.8342
13.0000 0.9025
13.5000 0.9724
14.0000 1.0460
14.5000 1.1215
15.0000 1.2009
15.5000 1.2821
16.0000 1.3664
16.5000 1.4536
17.0000 1.5430
17.5000 1.6362
18.0000 1.7318
18.5000 1.8301
19.0000 1.9313
19.5000 2.0351
20.0000 2.1425
20.5000 2.2515
21.0000 2.3644
21.5000 2.4797
22.0000 2.5982
22.5000 2.7194
23.0000 2.8432
23.5000 2.9700
24.0000 3.0997
24.5000 3.2323
25.0000 3.3677
25.5000 3.5060
26.0000 3.6472
26.5000 3.7916
27.0000 3.9388
27.5000 4.0889
28.0000 4.2419
28.5000 4.3983
29.0000 4.5574
29.5000 4.7201
30.0000 4.8854
30.5000 5.0536
31.0000 5.2251
31.5000 5.3995
32.0000 5.5766
32.5000 5.7572
33.0000 5.9403
33.5000 6.1267
34.0000 6.3161
34.5000 6.5081
35.0000 6.7035
35.5000 6.9014
36.0000 7.1029
36.5000 7.3067
37.0000 7.5139
37.5000 7.7236
38.0000 7.9364
38.5000 8.1517
39.0000 8.3700
39.5000 8.5915
40.0000 8.8159
40.5000 9.0432
41.0000 9.2737
41.5000 9.5072
42.0000 9.7437
42.5000 9.9835
43.0000 10.2256
43.5000 10.4717
44.0000 10.7195
44.5000 10.9703
45.0000 11.2240
45.5000 11.4802
46.0000 11.7390
46.5000 12.0005
47.0000 12.2650
47.5000 12.5325
48.0000 12.8018
48.5000 13.0736
49.0000 13.3482
49.5000 13.6252
50.0000 13.9050
50.5000 14.1881
51.0000 14.4721
51.5000 14.7597
52.0000 15.0496
52.5000 15.3413
53.0000 15.6359
53.5000 15.9320
54.0000 16.2302
54.5000 16.5303
55.0000 16.8321
55.5000 17.1363
56.0000 17.4419
56.5000 17.7495
57.0000 18.0592
57.5000 18.3709
58.0000 18.6835
58.5000 18.9984
59.0000 19.3144
59.5000 19.6325
60.0000 19.9518
60.5000 20.2722
61.0000 20.5937
61.5000 20.9167
62.0000 21.2414
62.5000 21.5669
63.0000 21.8929
63.5000 22.2201
64.0000 22.5480
64.5000 22.8770
65.0000 23.2063
65.5000 23.5366
66.0000 23.8672
66.5000 24.1981
67.0000 24.5285
67.5000 24.8595
68.0000 25.1911
68.5000 25.5217
69.0000 25.8529
69.5000 26.1836
70.0000 26.5145
70.5000 26.8443
71.0000 27.1736
71.5000 27.5020
72.0000 27.8308
72.5000 28.1587
73.0000 28.4856
73.5000 28.8117
74.0000 29.1370
74.5000 29.4607
75.0000 29.7827
75.5000 30.1048
76.0000 30.4253
76.5000 30.7450
77.0000 31.0622
77.5000 31.3778
78.0000 31.6924
78.5000 32.0054
79.0000 32.3167
79.5000 32.6260
80.0000 32.9328
80.5000 33.2375
81.0000 33.5407
81.5000 33.8418
82.0000 34.1400
82.5000 34.4369
83.0000 34.7308
83.5000 35.0223
84.0000 35.3106
84.5000 35.5965
85.0000 35.8794
85.5000 36.1600
86.0000 36.4385
86.5000 36.7140
87.0000 36.9863
87.5000 37.2562
88.0000 37.5225
88.5000 37.7864
89.0000 38.0472
89.5000 38.3053
90.0000 38.5604
90.5000 38.8123
91.0000 39.0609
91.5000 39.3067
92.0000 39.5494
92.5000 39.7888
93.0000 40.0254
93.5000 40.2588
94.0000 40.4890
94.5000 40.7156
95.0000 40.9390
95.5000 41.1591
96.0000 41.3762
96.5000 41.5902
97.0000 41.8009
97.5000 42.0083
98.0000 42.2124
98.5000 42.4133
99.0000 42.6107
99.5000 42.8050
100.0000 42.9955
100.5000 43.1830
101.0000 43.3666
101.5000 43.5470
102.0000 43.7244
102.5000 43.8983
103.0000 44.0692
103.5000 44.2367
104.0000 44.4006
104.5000 44.5615
105.0000 44.7192
105.5000 44.8735
106.0000 45.0246
106.5000 45.1730
107.0000 45.3174
107.5000 45.4586
108.0000 45.5974
108.5000 45.7328
109.0000 45.8650
109.5000 45.9944
110.0000 46.1206
110.5000 46.2435
111.0000 46.3654
111.5000 46.4833
112.0000 46.5984
112.5000 46.7100
113.0000 46.8195
113.5000 46.9263
114.0000 47.0306
114.5000 47.1324
115.0000 47.2316
115.5000 47.3280
116.0000 47.4220
116.5000 47.5132
117.0000 47.6021
117.5000 47.6884
118.0000 47.7717
118.5000 47.8544
119.0000 47.9336
119.5000 48.0104
120.0000 48.0847
120.5000 48.1568
121.0000 48.2262
121.5000 48.2935
122.0000 48.3585
122.5000 48.4209
123.0000 48.4812
123.5000 48.5388
124.0000 48.5942
124.5000 48.6477
125.0000 48.6989
125.5000 48.7481
126.0000 48.7953
126.5000 48.8403
127.0000 48.8835
127.5000 48.9245
128.0000 48.9640
128.5000 49.0017
129.0000 49.0366
129.5000 49.0715
130.0000 49.1037
130.5000 49.1342
131.0000 49.1630
131.5000 49.1899
132.0000 49.2157
132.5000 49.2400
133.0000 49.2630
133.5000 49.2847
134.0000 49.3050
134.5000 49.3235
135.0000 49.3407
135.5000 49.3566
136.0000 49.3717
136.5000 49.3855
137.0000 49.3979
137.5000 49.4090
138.0000 49.4195
138.5000 49.4284
139.0000 49.4363
139.5000 49.4435
140.0000 49.4496
140.5000 49.4547
141.0000 49.4594
141.5000 49.4629
142.0000 49.4653
142.5000 49.4677
143.0000 49.4688
143.5000 49.4694
144.0000 49.4683
144.5000 49.4665
145.0000 49.4659
145.5000 49.4634
146.0000 49.4603
146.5000 49.4568
147.0000 49.4523
147.5000 49.4473
148.0000 49.4417
148.5000 49.4358
149.0000 49.4299
149.5000 49.4233
150.0000 49.4165
150.5000 49.4094
151.0000 49.4023
151.5000 49.3947
152.0000 49.3869
152.5000 49.3788
153.0000 49.3703
153.5000 49.3620
154.0000 49.3527
154.5000 49.3481
155.0000 49.3386
155.5000 49.3281
156.0000 49.3171
156.5000 49.3051
157.0000 49.2926
157.5000 49.2824
158.0000 49.2721
158.5000 49.2619
159.0000 49.2517
159.5000 49.2415
160.0000 49.2315
160.5000 49.2217
161.0000 49.2118
161.5000 49.2021
162.0000 49.1922
162.5000 49.1828
163.0000 49.1753
163.5000 49.1642
164.0000 49.1538
164.5000 49.1449
165.0000 49.1357
165.5000 49.1257
166.0000 49.1180
166.5000 49.1096
167.0000 49.1016
167.5000 49.0933
168.0000 49.0862
168.5000 49.0790
169.0000 49.0724
169.5000 49.0659
170.0000 49.0598
170.5000 49.0537
171.0000 49.0482
171.5000 49.0432
172.0000 49.0383
172.5000 49.0339
173.0000 49.0297
173.5000 49.0260
174.0000 49.0229
174.5000 49.0199
175.0000 49.0171
175.5000 49.0147
176.0000 49.0126
176.5000 49.0111
177.0000 49.0098
177.5000 49.0091
178.0000 49.0086
178.5000 49.0083
179.0000 49.0084
179.5000 49.0090
180.0000 49.0099
180.5000 49.0112
181.0000 49.0125
181.5000 49.0150
182.0000 49.0173
182.5000 49.0201
183.0000 49.0231
183.5000 49.0267
184.0000 49.0308
184.5000 49.0351
185.0000 49.0396
185.5000 49.0458
186.0000 49.0501
186.5000 49.0558
187.0000 49.0619
187.5000 49.0653
188.0000 49.0734
188.5000 49.0820
189.0000 49.0894
189.5000 49.0972
190.0000 49.1055
190.5000 49.1138
191.0000 49.1228
191.5000 49.1319
192.0000 49.1411
192.5000 49.1506
193.0000 49.1604
193.5000 49.1723
194.0000 49.1819
194.5000 49.1920
195.0000 49.2017
195.5000 49.2123
196.0000 49.2230
196.5000 49.2339
197.0000 49.2445
197.5000 49.2555
198.0000 49.2664
198.5000 49.2773
199.0000 49.2880
199.5000 49.2986
200.0000 49.3087
200.5000 49.3185
201.0000 49.3283
201.5000 49.3377
202.0000 49.3469
202.5000 49.3558
203.0000 49.3644
203.5000 49.3729
204.0000 49.3808
204.5000 49.3885
205.0000 49.3957
205.5000 49.4026
206.0000 49.4089
206.5000 49.4150
207.0000 49.4207
207.5000 49.4260
208.0000 49.4309
208.5000 49.4348
209.0000 49.4383
209.5000 49.4416
210.0000 49.4443
210.5000 49.4463
211.0000 49.4480
211.5000 49.4489
212.0000 49.4495
212.5000 49.4490
213.0000 49.4478
213.5000 49.4460
214.0000 49.4432
214.5000 49.4399
215.0000 49.4369
215.5000 49.4305
216.0000 49.4250
216.5000 49.4188
217.0000 49.4118
217.5000 49.4030
218.0000 49.3933
218.5000 49.3823
219.0000 49.3703
219.5000 49.3570
220.0000 49.3424
220.5000 49.3265
221.0000 49.3094
221.5000 49.2912
222.0000 49.2717
222.5000 49.2515
223.0000 49.2294
223.5000 49.2064
224.0000 49.1818
224.5000 49.1558
225.0000 49.1282
225.5000 49.0992
226.0000 49.0684
226.5000 49.0360
227.0000 49.0018
227.5000 48.9663
228.0000 48.9291
228.5000 48.8903
229.0000 48.8499
229.5000 48.8085
230.0000 48.7652
230.5000 48.7201
231.0000 48.6734
231.5000 48.6244
232.0000 48.5738
232.5000 48.5207
233.0000 48.4658
233.5000 48.4087
234.0000 48.3497
234.5000 48.2888
235.0000 48.2260
235.5000 48.1608
236.0000 48.0939
236.5000 48.0248
237.0000 47.9538
237.5000 47.8805
238.0000 47.8045
238.5000 47.7261
239.0000 47.6454
239.5000 47.5628
240.0000 47.4774
240.5000 47.3900
241.0000 47.2998
241.5000 47.2074
242.0000 47.1124
242.5000 47.0153
243.0000 46.9159
243.5000 46.8138
244.0000 46.7056
244.5000 46.6033
245.0000 46.4947
245.5000 46.3829
246.0000 46.2690
246.5000 46.1521
247.0000 46.0327
247.5000 45.9110
248.0000 45.7867
248.5000 45.6595
249.0000 45.5305
249.5000 45.3987
250.0000 45.2645
250.5000 45.1279
251.0000 44.9882
251.5000 44.8467
252.0000 44.7019
252.5000 44.5541
253.0000 44.4032
253.5000 44.2496
254.0000 44.0933
254.5000 43.9347
255.0000 43.7728
255.5000 43.6084
256.0000 43.4411
256.5000 43.2711
257.0000 43.0986
257.5000 42.9235
258.0000 42.7452
258.5000 42.5648
259.0000 42.3816
259.5000 42.1958
260.0000 42.0071
260.5000 41.8171
261.0000 41.6230
261.5000 41.4266
262.0000 41.2270
262.5000 41.0251
263.0000 40.8204
263.5000 40.6129
264.0000 40.4024
264.5000 40.1891
265.0000 39.9736
265.5000 39.7558
266.0000 39.5350
266.5000 39.3120
267.0000 39.0865
267.5000 38.8589
268.0000 38.6287
268.5000 38.3955
269.0000 38.1600
269.5000 37.9221
270.0000 37.6828
270.5000 37.4407
271.0000 37.1963
271.5000 36.9488
272.0000 36.6985
272.5000 36.4475
273.0000 36.1929
273.5000 35.9361
274.0000 35.6773
274.5000 35.4165
275.0000 35.1527
275.5000 34.8866
276.0000 34.6185
276.5000 34.3483
277.0000 34.0760
277.5000 33.8012
278.0000 33.5246
278.5000 33.2458
279.0000 32.9658
279.5000 32.6831
280.0000 32.3988
280.5000 32.1125
281.0000 31.8242
281.5000 31.5345
282.0000 31.2439
282.5000 30.9519
283.0000 30.6591
283.5000 30.3654
284.0000 30.0684
284.5000 29.7714
285.0000 29.4737
285.5000 29.1747
286.0000 28.8748
286.5000 28.5731
287.0000 28.2705
287.5000 27.9665
288.0000 27.6614
288.5000 27.3552
289.0000 27.0471
289.5000 26.7348
290.0000 26.4286
290.5000 26.1175
291.0000 25.8047
291.5000 25.4921
292.0000 25.1784
292.5000 24.8642
293.0000 24.5503
293.5000 24.2355
294.0000 23.9224
294.5000 23.6071
295.0000 23.2923
295.5000 22.9769
296.0000 22.6614
296.5000 22.3476
297.0000 22.0321
297.5000 21.7176
298.0000 21.4027
298.5000 21.0879
299.0000 20.7734
299.5000 20.4607
300.0000 20.1482
300.5000 19.8373
301.0000 19.5257
301.5000 19.2161
302.0000 18.9073
302.5000 18.5990
303.0000 18.2907
303.5000 17.9807
304.0000 17.6885
304.5000 17.3788
305.0000 17.0783
305.5000 16.7786
306.0000 16.4800
306.5000 16.1838
307.0000 15.8888
307.5000 15.5962
308.0000 15.3049
308.5000 15.0158
309.0000 14.7283
309.5000 14.4427
310.0000 14.1582
310.5000 13.8769
311.0000 13.5964
311.5000 13.3178
312.0000 13.0418
312.5000 12.7684
313.0000 12.4970
313.5000 12.2289
314.0000 11.9633
314.5000 11.7002
315.0000 11.4391
315.5000 11.1815
316.0000 10.9263
316.5000 10.6724
317.0000 10.4223
317.5000 10.1740
318.0000 9.9289
318.5000 9.6854
319.0000 9.4456
319.5000 9.2089
320.0000 8.9754
320.5000 8.7449
321.0000 8.5172
321.5000 8.2923
322.0000 8.0702
322.5000 7.8511
323.0000 7.6356
323.5000 7.4228
324.0000 7.2128
324.5000 7.0063
325.0000 6.8040
325.5000 6.6045
326.0000 6.4084
326.5000 6.2153
327.0000 6.0256
327.5000 5.8396
328.0000 5.6566
328.5000 5.4774
329.0000 5.2984
329.5000 5.1270
330.0000 4.9550
330.5000 4.7878
331.0000 4.6233
331.5000 4.4618
332.0000 4.3040
332.5000 4.1461
333.0000 3.9968
333.5000 3.8454
334.0000 3.6995
334.5000 3.5560
335.0000 3.4157
335.5000 3.2785
336.0000 3.1440
336.5000 3.0128
337.0000 2.8851
337.5000 2.7606
338.0000 2.6361
338.5000 2.5195
339.0000 2.4010
339.5000 2.2880
340.0000 2.1772
340.5000 2.0694
341.0000 1.9644
341.5000 1.8612
342.0000 1.7627
342.5000 1.6662
343.0000 1.5721
343.5000 1.4807
344.0000 1.3923
344.5000 1.3064
345.0000 1.2235
345.5000 1.1430
346.0000 1.0651
346.5000 0.9899
347.0000 0.9178
347.5000 0.8482
348.0000 0.7813
348.5000 0.7171
349.0000 0.6555
349.5000 0.5975
350.0000 0.5416
350.5000 0.4887
351.0000 0.4385
351.5000 0.3910
352.0000 0.3455
352.5000 0.3039
353.0000 0.2646
353.5000 0.2276
354.0000 0.1933
354.5000 0.1621
355.0000 0.1335
355.5000 0.1076
356.0000 0.0846
356.5000 0.0641
357.0000 0.0468
357.5000 0.0316
358.0000 0.0201
358.5000 0.0107
359.0000 0.0047
359.5000 0.0009
