0.0000 0.0000
0.2500 0.0004
0.5000 0.0013
0.7500 0.0027
1.0000 0.0046
1.2500 0.0070
1.5000 0.0099
1.7500 0.0133
2.0000 0.0171
2.2500 0.0215
2.5000 0.0264
2.7500 0.0318
3.0000 0.0376
3.2500 0.0440
3.5000 0.0508
3.7500 0.0582
4.0000 0.0660
4.2500 0.0743
4.5000 0.0831
4.7500 0.0924
5.0000 0.1022
5.2500 0.1125
5.5000 0.1233
5.7500 0.1345
6.0000 0.1463
6.2500 0.1585
6.5000 0.1713
6.7500 0.1845
7.0000 0.1982
7.2500 0.2124
7.5000 0.2270
7.7500 0.2422
8.0000 0.2578
8.2500 0.2739
8.5000 0.2905
8.7500 0.3076
9.0000 0.3252
9.2500 0.3433
9.5000 0.3618
9.7500 0.3808
10.0000 0.4003
10.2500 0.4203
10.5000 0.4408
10.7500 0.4617
11.0000 0.4831
11.2500 0.5050
11.5000 0.5274
11.7500 0.5503
12.0000 0.5736
12.2500 0.5974
12.5000 0.6217
12.7500 0.6465
13.0000 0.6717
13.2500 0.6974
13.5000 0.7236
13.7500 0.7503
14.0000 0.7774
14.2500 0.8050
14.5000 0.8331
14.7500 0.8617
15.0000 0.8907
15.2500 0.9202
15.5000 0.9502
15.7500 0.9806
16.0000 1.0115
16.2500 1.0429
16.5000 1.0748
16.7500 1.1071
17.0000 1.1399
17.2500 1.1732
17.5000 1.2069
17.7500 1.2411
18.0000 1.2757
18.2500 1.3109
18.5000 1.3465
18.7500 1.3825
19.0000 1.4190
19.2500 1.4560
19.5000 1.4935
19.7500 1.5314
20.0000 1.5697
20.2500 1.6086
20.5000 1.6479
20.7500 1.6877
21.0000 1.7306
21.2500 1.7686
21.5000 1.8097
21.7500 1.8513
22.0000 1.8933
22.2500 1.9359
22.5000 1.9788
22.7500 2.0223
23.0000 2.0662
23.2500 2.1105
23.5000 2.1553
23.7500 2.2006
24.0000 2.2463
24.2500 2.2924
24.5000 2.3390
24.7500 2.3861
25.0000 2.4336
25.2500 2.4816
25.5000 2.5300
25.7500 2.5789
26.0000 2.6282
26.2500 2.6780
26.5000 2.7282
26.7500 2.7789
27.0000 2.8300
27.2500 2.8815
27.5000 2.9335
27.7500 2.9860
28.0000 3.0389
28.2500 3.0922
28.5000 3.1460
28.7500 3.2002
29.0000 3.2549
29.2500 3.3100
29.5000 3.3655
29.7500 3.4215
30.0000 3.4777
30.2500 3.5348
30.5000 3.5921
30.7500 3.6499
31.0000 3.7080
31.2500 3.7666
31.5000 3.8257
31.7500 3.8851
32.0000 3.9450
32.2500 4.0054
32.5000 4.0661
32.7500 4.1273
33.0000 4.1890
33.2500 4.2510
33.5000 4.3135
33.7500 4.3764
34.0000 4.4397
34.2500 4.5035
34.5000 4.5676
34.7500 4.6322
35.0000 4.6973
35.2500 4.7627
35.5000 4.8286
35.7500 4.8948
36.0000 4.9615
36.2500 5.0286
36.5000 5.0962
36.7500 5.1641
37.0000 5.2324
37.2500 5.3012
37.5000 5.3704
37.7500 5.4400
38.0000 5.5100
38.2500 5.5803
38.5000 5.6511
38.7500 5.7223
39.0000 5.7939
39.2500 5.8660
39.5000 5.9384
39.7500 6.0112
40.0000 6.0844
40.2500 6.1580
40.5000 6.2320
40.7500 6.3064
41.0000 6.3811
41.2500 6.4563
41.5000 6.5319
41.7500 6.6078
42.0000 6.6841
42.2500 6.7609
42.5000 6.8380
42.7500 6.9154
43.0000 6.9933
43.2500 7.0715
43.5000 7.1501
43.7500 7.2291
44.0000 7.3085
44.2500 7.3882
44.5000 7.4683
44.7500 7.5488
45.0000 7.6296
45.2500 7.7108
45.5000 7.7924
45.7500 7.8743
46.0000 7.9566
46.2500 8.0392
46.5000 8.1222
46.7500 8.2055
47.0000 8.2892
47.2500 8.3733
47.5000 8.4577
47.7500 8.5424
48.0000 8.6275
48.2500 8.7129
48.5000 8.7986
48.7500 8.8847
49.0000 8.9711
49.2500 9.0578
49.5000 9.1449
49.7500 9.2323
50.0000 9.3200
50.2500 9.4080
50.5000 9.4964
50.7500 9.5850
51.0000 9.6740
51.2500 9.7633
51.5000 9.8529
51.7500 9.9428
52.0000 10.0330
52.2500 10.1235
52.5000 10.2143
52.7500 10.3054
53.0000 10.3968
53.2500 10.4884
53.5000 10.5804
53.7500 10.6726
54.0000 10.7651
54.2500 10.8579
54.5000 10.9510
54.7500 11.0443
55.0000 11.1379
55.2500 11.2318
55.5000 11.3259
55.7500 11.4203
56.0000 11.5149
56.2500 11.6098
56.5000 11.7049
56.7500 11.8003
57.0000 11.8959
57.2500 11.9917
57.5000 12.0878
57.7500 12.1841
58.0000 12.2806
58.2500 12.3774
58.5000 12.4744
58.7500 12.5715
59.0000 12.6689
59.2500 12.7665
59.5000 12.8643
59.7500 12.9623
60.0000 13.0605
60.2500 13.1589
60.5000 13.2575
60.7500 13.3562
61.0000 13.4552
61.2500 13.5543
61.5000 13.6535
61.7500 13.7530
62.0000 13.8526
62.2500 13.9523
62.5000 14.0522
62.7500 14.1523
63.0000 14.2525
63.2500 14.3528
63.5000 14.4533
63.7500 14.5539
64.0000 14.6546
64.2500 14.7554
64.5000 14.8564
64.7500 14.9574
65.0000 15.0586
65.2500 15.1599
65.5000 15.2612
65.7500 15.3627
66.0000 15.4642
66.2500 15.5659
66.5000 15.6675
66.7500 15.7693
67.0000 15.8711
67.2500 15.9730
67.5000 16.0750
67.7500 16.1769
68.0000 16.2790
68.2500 16.3810
68.5000 16.4831
68.7500 16.5853
69.0000 16.6874
69.2500 16.7896
69.5000 16.8917
69.7500 16.9939
70.0000 17.0961
70.2500 17.1983
70.5000 17.3004
70.7500 17.4025
71.0000 17.5046
71.2500 17.6067
71.5000 17.7087
71.7500 17.8107
72.0000 17.9127
72.2500 18.0146
72.5000 18.1164
72.7500 18.2182
73.0000 18.3199
73.2500 18.4215
73.5000 18.5230
73.7500 18.6244
74.0000 18.7257
74.2500 18.8270
74.5000 18.9281
74.7500 19.0291
75.0000 19.1300
75.2500 19.2307
75.5000 19.3313
75.7500 19.4318
76.0000 19.5321
76.2500 19.6322
76.5000 19.7322
76.7500 19.8320
77.0000 19.9317
77.2500 20.0312
77.5000 20.1304
77.7500 20.2295
78.0000 20.3284
78.2500 20.4271
78.5000 20.5255
78.7500 20.6237
79.0000 20.7217
79.2500 20.8195
79.5000 20.9170
79.7500 21.0143
80.0000 21.1113
80.2500 21.2081
80.5000 21.3046
80.7500 21.4008
81.0000 21.4967
81.2500 21.5923
81.5000 21.6877
81.7500 21.7827
82.0000 21.8774
82.2500 21.9718
82.5000 22.0659
82.7500 22.1597
83.0000 22.2531
83.2500 22.3462
83.5000 22.4389
83.7500 22.5313
84.0000 22.6233
84.2500 22.7150
84.5000 22.8062
84.7500 22.8971
85.0000 22.9876
85.2500 23.0777
85.5000 23.1674
85.7500 23.2567
86.0000 23.3455
86.2500 23.4340
86.5000 23.5220
86.7500 23.6096
87.0000 23.6968
87.2500 23.7835
87.5000 23.8697
87.7500 23.9555
88.0000 24.0408
88.2500 24.1257
88.5000 24.2101
88.7500 24.2940
89.0000 24.3774
89.2500 24.4603
89.5000 24.5427
89.7500 24.6247
90.0000 24.7061
90.2500 24.7870
90.5000 24.8655
90.7500 24.9472
91.0000 25.0265
91.2500 25.1052
91.5000 25.1835
91.7500 25.2611
92.0000 25.3383
92.2500 25.4148
92.5000 25.4908
92.7500 25.5663
93.0000 25.6411
93.2500 25.7154
93.5000 25.7891
93.7500 25.8622
94.0000 25.9348
94.2500 26.0067
94.5000 26.0780
94.7500 26.1488
95.0000 26.2189
95.2500 26.2884
95.5000 26.3573
95.7500 26.4256
96.0000 26.4933
96.2500 26.5603
96.5000 26.6267
96.7500 26.6925
97.0000 26.7576
97.2500 26.8221
97.5000 26.8860
97.7500 26.9492
98.0000 27.0117
98.2500 27.0737
98.5000 27.1350
98.7500 27.1956
99.0000 27.2555
99.2500 27.3148
99.5000 27.3735
99.7500 27.4315
100.0000 27.4888
100.2500 27.5454
100.5000 27.6014
100.7500 27.6567
101.0000 27.7114
101.2500 27.7654
101.5000 27.8187
101.7500 27.8713
102.0000 27.9233
102.2500 27.9746
102.5000 28.0252
102.7500 28.0752
103.0000 28.1244
103.2500 28.1731
103.5000 28.2210
103.7500 28.2682
104.0000 28.3148
104.2500 28.3608
104.5000 28.4060
104.7500 28.4506
105.0000 28.4945
105.2500 28.5377
105.5000 28.5803
105.7500 28.6222
106.0000 28.6634
106.2500 28.7040
106.5000 28.7439
106.7500 28.7832
107.0000 28.8218
107.2500 28.8597
107.5000 28.8970
107.7500 28.9337
108.0000 28.9697
108.2500 29.0050
108.5000 29.0397
108.7500 29.0738
109.0000 29.1073
109.2500 29.1401
109.5000 29.1723
109.7500 29.2038
110.0000 29.2348
110.2500 29.2651
110.5000 29.2948
110.7500 29.3239
111.0000 29.3524
111.2500 29.3803
111.5000 29.4076
111.7500 29.4343
112.0000 29.4604
112.2500 29.4860
112.5000 29.5109
112.7500 29.5353
113.0000 29.5592
113.2500 29.5824
113.5000 29.6051
113.7500 29.6273
114.0000 29.6489
114.2500 29.6700
114.5000 29.6905
114.7500 29.7105
115.0000 29.7300
115.2500 29.7490
115.5000 29.7674
115.7500 29.7854
116.0000 29.8029
116.2500 29.8198
116.5000 29.8363
116.7500 29.8523
117.0000 29.8678
117.2500 29.8829
117.5000 29.8975
117.7500 29.9117
118.0000 29.9254
118.2500 29.9387
118.5000 29.9515
118.7500 29.9639
119.0000 29.9759
119.2500 29.9875
119.5000 29.9987
119.7500 30.0095
120.0000 30.0199
120.2500 30.0300
120.5000 30.0396
120.7500 30.0489
121.0000 30.0579
121.2500 30.0665
121.5000 30.0747
121.7500 30.0826
122.0000 30.0902
122.2500 30.0975
122.5000 30.1044
122.7500 30.1111
123.0000 30.1174
123.2500 30.1235
123.5000 30.1293
123.7500 30.1348
124.0000 30.1400
124.2500 30.1450
124.5000 30.1497
124.7500 30.1542
125.0000 30.1584
125.2500 30.1624
125.5000 30.1662
125.7500 30.1698
126.0000 30.1738
126.2500 30.1763
126.5000 30.1793
126.7500 30.1821
127.0000 30.1847
127.2500 30.1871
127.5000 30.1894
127.7500 30.1915
128.0000 30.1935
128.2500 30.1953
128.5000 30.1970
128.7500 30.1986
129.0000 30.2000
129.2500 30.2013
129.5000 30.2025
129.7500 30.2036
130.0000 30.2046
130.2500 30.2055
130.5000 30.2063
130.7500 30.2070
131.0000 30.2076
131.2500 30.2082
131.5000 30.2087
131.7500 30.2092
132.0000 30.2096
132.2500 30.2099
132.5000 30.2102
132.7500 30.2104
133.0000 30.2107
133.2500 30.2108
133.5000 30.2110
133.7500 30.2111
134.0000 30.2112
134.2500 30.2113
134.5000 30.2113
134.7500 30.2114
135.0000 30.2114
135.2500 30.2114
135.5000 30.2114
135.7500 30.2114
136.0000 30.2114
136.2500 30.2114
136.5000 30.2114
136.7500 30.2114
137.0000 30.2114
137.2500 30.2114
137.5000 30.2114
137.7500 30.2114
138.0000 30.2114
138.2500 30.2114
138.5000 30.2114
138.7500 30.2114
139.0000 30.2114
139.2500 30.2114
139.5000 30.2114
139.7500 30.2114
140.0000 30.2114
140.2500 30.2114
140.5000 30.2114
140.7500 30.2114
141.0000 30.2114
141.2500 30.2114
141.5000 30.2114
141.7500 30.2114
142.0000 30.2114
142.2500 30.2114
142.5000 30.2114
142.7500 30.2114
143.0000 30.2114
143.2500 30.2114
143.5000 30.2114
143.7500 30.2114
144.0000 30.2114
144.2500 30.2114
144.5000 30.2114
144.7500 30.2114
145.0000 30.2114
145.2500 30.2114
145.5000 30.2114
145.7500 30.2114
146.0000 30.2114
146.2500 30.2114
146.5000 30.2114
146.7500 30.2114
147.0000 30.2114
147.2500 30.2114
147.5000 30.2114
147.7500 30.2114
148.0000 30.2114
148.2500 30.2114
148.5000 30.2114
148.7500 30.2114
149.0000 30.2114
149.2500 30.2114
149.5000 30.2114
149.7500 30.2114
150.0000 30.2114
150.2500 30.2114
150.5000 30.2114
150.7500 30.2114
151.0000 30.2114
151.2500 30.2114
151.5000 30.2114
151.7500 30.2114
152.0000 30.2114
152.2500 30.2114
152.5000 30.2114
152.7500 30.2114
153.0000 30.2114
153.2500 30.2114
153.5000 30.2114
153.7500 30.2114
154.0000 30.2114
154.2500 30.2114
154.5000 30.2114
154.7500 30.2114
155.0000 30.2114
155.2500 30.2114
155.5000 30.2114
155.7500 30.2114
156.0000 30.2114
156.2500 30.2114
156.5000 30.2114
156.7500 30.2114
157.0000 30.2114
157.2500 30.2114
157.5000 30.2114
157.7500 30.2114
158.0000 30.2114
158.2500 30.2114
158.5000 30.2114
158.7500 30.2114
159.0000 30.2114
159.2500 30.2114
159.5000 30.2114
159.7500 30.2114
160.0000 30.2114
160.2500 30.2114
160.5000 30.2114
160.7500 30.2114
161.0000 30.2114
161.2500 30.2114
161.5000 30.2114
161.7500 30.2114
162.0000 30.2114
162.2500 30.2114
162.5000 30.2114
162.7500 30.2114
163.0000 30.2114
163.2500 30.2114
163.5000 30.2114
163.7500 30.2114
164.0000 30.2114
164.2500 30.2114
164.5000 30.2114
164.7500 30.2114
165.0000 30.2114
165.2500 30.2114
165.5000 30.2114
165.7500 30.2114
166.0000 30.2114
166.2500 30.2114
166.5000 30.2114
166.7500 30.2114
167.0000 30.2114
167.2500 30.2114
167.5000 30.2114
167.7500 30.2114
168.0000 30.2114
168.2500 30.2114
168.5000 30.2114
168.7500 30.2114
169.0000 30.2114
169.2500 30.2114
169.5000 30.2114
169.7500 30.2114
170.0000 30.2114
170.2500 30.2114
170.5000 30.2114
170.7500 30.2114
171.0000 30.2114
171.2500 30.2114
171.5000 30.2114
171.7500 30.2114
172.0000 30.2114
172.2500 30.2114
172.5000 30.2114
172.7500 30.2114
173.0000 30.2114
173.2500 30.2114
173.5000 30.2114
173.7500 30.2114
174.0000 30.2114
174.2500 30.2114
174.5000 30.2114
174.7500 30.2114
175.0000 30.2114
175.2500 30.2114
175.5000 30.2114
175.7500 30.2114
176.0000 30.2114
176.2500 30.2114
176.5000 30.2114
176.7500 30.2114
177.0000 30.2114
177.2500 30.2114
177.5000 30.2114
177.7500 30.2114
178.0000 30.2114
178.2500 30.2114
178.5000 30.2114
178.7500 30.2114
179.0000 30.2114
179.2500 30.2114
179.5000 30.2114
179.7500 30.2114
180.0000 30.2114
180.2500 30.2114
180.5000 30.2114
180.7500 30.2114
181.0000 30.2114
181.2500 30.2114
181.5000 30.2114
181.7500 30.2114
182.0000 30.2114
182.2500 30.2114
182.5000 30.2114
182.7500 30.2114
183.0000 30.2114
183.2500 30.2114
183.5000 30.2114
183.7500 30.2114
184.0000 30.2114
184.2500 30.2114
184.5000 30.2114
184.7500 30.2114
185.0000 30.2114
185.2500 30.2114
185.5000 30.2114
185.7500 30.2114
186.0000 30.2114
186.2500 30.2114
186.5000 30.2114
186.7500 30.2114
187.0000 30.2114
187.2500 30.2114
187.5000 30.2114
187.7500 30.2114
188.0000 30.2114
188.2500 30.2114
188.5000 30.2114
188.7500 30.2114
189.0000 30.2114
189.2500 30.2114
189.5000 30.2114
189.7500 30.2114
190.0000 30.2114
190.2500 30.2114
190.5000 30.2114
190.7500 30.2114
191.0000 30.2114
191.2500 30.2114
191.5000 30.2114
191.7500 30.2114
192.0000 30.2114
192.2500 30.2114
192.5000 30.2114
192.7500 30.2114
193.0000 30.2114
193.2500 30.2114
193.5000 30.2114
193.7500 30.2114
194.0000 30.2114
194.2500 30.2114
194.5000 30.2114
194.7500 30.2114
195.0000 30.2114
195.2500 30.2114
195.5000 30.2114
195.7500 30.2114
196.0000 30.2114
196.2500 30.2114
196.5000 30.2114
196.7500 30.2114
197.0000 30.2114
197.2500 30.2114
197.5000 30.2114
197.7500 30.2114
198.0000 30.2114
198.2500 30.2114
198.5000 30.2114
198.7500 30.2114
199.0000 30.2114
199.2500 30.2114
199.5000 30.2114
199.7500 30.2114
200.0000 30.2114
200.2500 30.2114
200.5000 30.2114
200.7500 30.2114
201.0000 30.2114
201.2500 30.2114
201.5000 30.2114
201.7500 30.2114
202.0000 30.2114
202.2500 30.2114
202.5000 30.2114
202.7500 30.2114
203.0000 30.2114
203.2500 30.2114
203.5000 30.2114
203.7500 30.2114
204.0000 30.2114
204.2500 30.2114
204.5000 30.2114
204.7500 30.2114
205.0000 30.2114
205.2500 30.2114
205.5000 30.2114
205.7500 30.2114
206.0000 30.2114
206.2500 30.2114
206.5000 30.2114
206.7500 30.2114
207.0000 30.2114
207.2500 30.2114
207.5000 30.2114
207.7500 30.2114
208.0000 30.2114
208.2500 30.2114
208.5000 30.2114
208.7500 30.2114
209.0000 30.2114
209.2500 30.2114
209.5000 30.2114
209.7500 30.2114
210.0000 30.2114
210.2500 30.2114
210.5000 30.2114
210.7500 30.2114
211.0000 30.2114
211.2500 30.2114
211.5000 30.2114
211.7500 30.2114
212.0000 30.2114
212.2500 30.2114
212.5000 30.2114
212.7500 30.2114
213.0000 30.2114
213.2500 30.2114
213.5000 30.2114
213.7500 30.2114
214.0000 30.2114
214.2500 30.2114
214.5000 30.2114
214.7500 30.2114
215.0000 30.2114
215.2500 30.2114
215.5000 30.2114
215.7500 30.2114
216.0000 30.2114
216.2500 30.2114
216.5000 30.2114
216.7500 30.2114
217.0000 30.2114
217.2500 30.2114
217.5000 30.2114
217.7500 30.2114
218.0000 30.2114
218.2500 30.2114
218.5000 30.2114
218.7500 30.2114
219.0000 30.2114
219.2500 30.2114
219.5000 30.2114
219.7500 30.2114
220.0000 30.2114
220.2500 30.2114
220.5000 30.2114
220.7500 30.2114
221.0000 30.2114
221.2500 30.2114
221.5000 30.2114
221.7500 30.2114
222.0000 30.2114
222.2500 30.2114
222.5000 30.2114
222.7500 30.2114
223.0000 30.2114
223.2500 30.2114
223.5000 30.2114
223.7500 30.2114
224.0000 30.2114
224.2500 30.2114
224.5000 30.2114
224.7500 30.2114
225.0000 30.2114
225.2500 30.2114
225.5000 30.2114
225.7500 30.2114
226.0000 30.2114
226.2500 30.2114
226.5000 30.2114
226.7500 30.2114
227.0000 30.2114
227.2500 30.2114
227.5000 30.2114
227.7500 30.2114
228.0000 30.2114
228.2500 30.2114
228.5000 30.2114
228.7500 30.2114
229.0000 30.2114
229.2500 30.2114
229.5000 30.2113
229.7500 30.2113
230.0000 30.2112
230.2500 30.2111
230.5000 30.2110
230.7500 30.2108
231.0000 30.2107
231.2500 30.2105
231.5000 30.2102
231.7500 30.2099
232.0000 30.2096
232.2500 30.2092
232.5000 30.2088
232.7500 30.2083
233.0000 30.2077
233.2500 30.2071
233.5000 30.2064
233.7500 30.2056
234.0000 30.2047
234.2500 30.2038
234.5000 30.2027
234.7500 30.2015
235.0000 30.2002
235.2500 30.1988
235.5000 30.1973
235.7500 30.1956
236.0000 30.1938
236.2500 30.1919
236.5000 30.1898
236.7500 30.1875
237.0000 30.1851
237.2500 30.1825
237.5000 30.1798
237.7500 30.1768
238.0000 30.1737
238.2500 30.1704
238.5000 30.1668
238.7500 30.1631
239.0000 30.1591
239.2500 30.1549
239.5000 30.1505
239.7500 30.1458
240.0000 30.1409
240.2500 30.1357
240.5000 30.1302
240.7500 30.1245
241.0000 30.1185
241.2500 30.1122
241.5000 30.1056
241.7500 30.0987
242.0000 30.0915
242.2500 30.0840
242.5000 30.0761
242.7500 30.0680
243.0000 30.0594
243.2500 30.0506
243.5000 30.0414
243.7500 30.0318
244.0000 30.0218
244.2500 30.0115
244.5000 30.0008
244.7500 29.9897
245.0000 29.9782
245.2500 29.9662
245.5000 29.9539
245.7500 29.9412
246.0000 29.9280
246.2500 29.9144
246.5000 29.9003
246.7500 29.8858
247.0000 29.8709
247.2500 29.8555
247.5000 29.8396
247.7500 29.8232
248.0000 29.8064
248.2500 29.7890
248.5000 29.7712
248.7500 29.7529
249.0000 29.7341
249.2500 29.7147
249.5000 29.6949
249.7500 29.6745
250.0000 29.6536
250.2500 29.6321
250.5000 29.6101
250.7500 29.5876
251.0000 29.5645
251.2500 29.5409
251.5000 29.5167
251.7500 29.4919
252.0000 29.4665
252.2500 29.4406
252.5000 29.4141
252.7500 29.3870
253.0000 29.3593
253.2500 29.3310
253.5000 29.3021
253.7500 29.2727
254.0000 29.2426
254.2500 29.2118
254.5000 29.1805
254.7500 29.1486
255.0000 29.1160
255.2500 29.0828
255.5000 29.0490
255.7500 29.0145
256.0000 28.9794
256.2500 28.9437
256.5000 28.9073
256.7500 28.8702
257.0000 28.8326
257.2500 28.7942
257.5000 28.7552
257.7500 28.7156
258.0000 28.6753
258.2500 28.6343
258.5000 28.5927
258.7500 28.5504
259.0000 28.5075
259.2500 28.4639
259.5000 28.4196
259.7500 28.3746
260.0000 28.3290
260.2500 28.2827
260.5000 28.2357
260.7500 28.1881
261.0000 28.1398
261.2500 28.0908
261.5000 28.0411
261.7500 27.9908
262.0000 27.9397
262.2500 27.8880
262.5000 27.8357
262.7500 27.7826
263.0000 27.7289
263.2500 27.6745
263.5000 27.6194
263.7500 27.5637
264.0000 27.5072
264.2500 27.4501
264.5000 27.3924
264.7500 27.3339
265.0000 27.2748
265.2500 27.2150
265.5000 27.1546
265.7500 27.0935
266.0000 27.0317
266.2500 26.9693
266.5000 26.9062
266.7500 26.8424
267.0000 26.7780
267.2500 26.7130
267.5000 26.6472
267.7500 26.5809
268.0000 26.5139
268.2500 26.4462
268.5000 26.3779
268.7500 26.3090
269.0000 26.2394
269.2500 26.1692
269.5000 26.0983
269.7500 26.0269
270.0000 25.9548
270.2500 25.8821
270.5000 25.8088
270.7500 25.7348
271.0000 25.6603
271.2500 25.5851
271.5000 25.5093
271.7500 25.4330
272.0000 25.3560
272.2500 25.2785
272.5000 25.2003
272.7500 25.1216
273.0000 25.0423
273.2500 24.9624
273.5000 24.8820
273.7500 24.8010
274.0000 24.7194
274.2500 24.6373
274.5000 24.5546
274.7500 24.4714
275.0000 24.3876
275.2500 24.3033
275.5000 24.2184
275.7500 24.1331
276.0000 24.0472
276.2500 23.9608
276.5000 23.8739
276.7500 23.7864
277.0000 23.6985
277.2500 23.6101
277.5000 23.5212
277.7500 23.4317
278.0000 23.3419
278.2500 23.2515
278.5000 23.1607
278.7500 23.0694
279.0000 22.9776
279.2500 22.8854
279.5000 22.7928
279.7500 22.6997
280.0000 22.6062
280.2500 22.5122
280.5000 22.4179
280.7500 22.3231
281.0000 22.2279
281.2500 22.1323
281.5000 22.0363
281.7500 21.9400
282.0000 21.8432
282.2500 21.7460
282.5000 21.6485
282.7500 21.5507
283.0000 21.4524
283.2500 21.3538
283.5000 21.2549
283.7500 21.1556
284.0000 21.0560
284.2500 20.9561
284.5000 20.8558
284.7500 20.7553
285.0000 20.6544
285.2500 20.5532
285.5000 20.4518
285.7500 20.3500
286.0000 20.2480
286.2500 20.1457
286.5000 20.0431
286.7500 19.9403
287.0000 19.8372
287.2500 19.7339
287.5000 19.6304
287.7500 19.5266
288.0000 19.4226
288.2500 19.3183
288.5000 19.2139
288.7500 19.1093
289.0000 19.0044
289.2500 18.8994
289.5000 18.7942
289.7500 18.6888
290.0000 18.5832
290.2500 18.4775
290.5000 18.3716
290.7500 18.2656
291.0000 18.1595
291.2500 18.0532
291.5000 17.9468
291.7500 17.8402
292.0000 17.7336
292.2500 17.6268
292.5000 17.5200
292.7500 17.4130
293.0000 17.3060
293.2500 17.1989
293.5000 17.0899
293.7500 16.9845
294.0000 16.8772
294.2500 16.7698
294.5000 16.6624
294.7500 16.5550
295.0000 16.4475
295.2500 16.3400
295.5000 16.2325
295.7500 16.1250
296.0000 16.0175
296.2500 15.9100
296.5000 15.8025
296.7500 15.6950
297.0000 15.5876
297.2500 15.4801
297.5000 15.3727
297.7500 15.2654
298.0000 15.1581
298.2500 15.0509
298.5000 14.9437
298.7500 14.8366
299.0000 14.7296
299.2500 14.6226
299.5000 14.5158
299.7500 14.4090
300.0000 14.3023
300.2500 14.1958
300.5000 14.0893
300.7500 13.9830
301.0000 13.8768
301.2500 13.7708
301.5000 13.6649
301.7500 13.5591
302.0000 13.4535
302.2500 13.3480
302.5000 13.2427
302.7500 13.1376
303.0000 13.0326
303.2500 12.9278
303.5000 12.8232
303.7500 12.7188
304.0000 12.6146
304.2500 12.5106
304.5000 12.4069
304.7500 12.3033
305.0000 12.1999
305.2500 12.0968
305.5000 11.9939
305.7500 11.8912
306.0000 11.7888
306.2500 11.6866
306.5000 11.5847
306.7500 11.4830
307.0000 11.3816
307.2500 11.2805
307.5000 11.1796
307.7500 11.0790
308.0000 10.9787
308.2500 10.8787
308.5000 10.7789
308.7500 10.6795
309.0000 10.5804
309.2500 10.4815
309.5000 10.3830
309.7500 10.2848
310.0000 10.1869
310.2500 10.0893
310.5000 9.9921
310.7500 9.8952
311.0000 9.7986
311.2500 9.7024
311.5000 9.6065
311.7500 9.5110
312.0000 9.4158
312.2500 9.3210
312.5000 9.2265
312.7500 9.1324
313.0000 9.0387
313.2500 8.9454
313.5000 8.8524
313.7500 8.7598
314.0000 8.6676
314.2500 8.5757
314.5000 8.4843
314.7500 8.3932
315.0000 8.3026
315.2500 8.2123
315.5000 8.1225
315.7500 8.0331
316.0000 7.9440
316.2500 7.8554
316.5000 7.7672
316.7500 7.6794
317.0000 7.5921
317.2500 7.5052
317.5000 7.4187
317.7500 7.3326
318.0000 7.2470
318.2500 7.1618
318.5000 7.0770
318.7500 6.9927
319.0000 6.9088
319.2500 6.8254
319.5000 6.7424
319.7500 6.6599
320.0000 6.5778
320.2500 6.4962
320.5000 6.4151
320.7500 6.3344
321.0000 6.2542
321.2500 6.1744
321.5000 6.0951
321.7500 6.0163
322.0000 5.9380
322.2500 5.8601
322.5000 5.7827
322.7500 5.7058
323.0000 5.6293
323.2500 5.5534
323.5000 5.4779
323.7500 5.4029
324.0000 5.3284
324.2500 5.2544
324.5000 5.1809
324.7500 5.1078
325.0000 5.0353
325.2500 4.9632
325.5000 4.8917
325.7500 4.8207
326.0000 4.7501
326.2500 4.6800
326.5000 4.6105
326.7500 4.5414
327.0000 4.4729
327.2500 4.4049
327.5000 4.3373
327.7500 4.2703
328.0000 4.2038
328.2500 4.1378
328.5000 4.0723
328.7500 4.0073
329.0000 3.9428
329.2500 3.8789
329.5000 3.8154
329.7500 3.7525
330.0000 3.6901
330.2500 3.6282
330.5000 3.5668
330.7500 3.5060
331.0000 3.4456
331.2500 3.3858
331.5000 3.3265
331.7500 3.2677
332.0000 3.2095
332.2500 3.1517
332.5000 3.0945
332.7500 3.0378
333.0000 2.9817
333.2500 2.9260
333.5000 2.8709
333.7500 2.8163
334.0000 2.7622
334.2500 2.7087
334.5000 2.6557
334.7500 2.6032
335.0000 2.5512
335.2500 2.4998
335.5000 2.4489
335.7500 2.3985
336.0000 2.3487
336.2500 2.2993
336.5000 2.2505
336.7500 2.2022
337.0000 2.1545
337.2500 2.1073
337.5000 2.0606
337.7500 2.0144
338.0000 1.9688
338.2500 1.9237
338.5000 1.8791
338.7500 1.8351
339.0000 1.7916
339.2500 1.7486
339.5000 1.7061
339.7500 1.6642
340.0000 1.6228
340.2500 1.5819
340.5000 1.5416
340.7500 1.5018
341.0000 1.4625
341.2500 1.4237
341.5000 1.3855
341.7500 1.3478
342.0000 1.3106
342.2500 1.2740
342.5000 1.2379
342.7500 1.2023
343.0000 1.1672
343.2500 1.1327
343.5000 1.0986
343.7500 1.0652
344.0000 1.0322
344.2500 0.9998
344.5000 0.9679
344.7500 0.9365
345.0000 0.9056
345.2500 0.8753
345.5000 0.8455
345.7500 0.8162
346.0000 0.7874
346.2500 0.7592
346.5000 0.7314
346.7500 0.7043
347.0000 0.6776
347.2500 0.6514
347.5000 0.6258
347.7500 0.6007
348.0000 0.5761
348.2500 0.5520
348.5000 0.5285
348.7500 0.5054
349.0000 0.4829
349.2500 0.4609
349.5000 0.4395
349.7500 0.4185
350.0000 0.3981
350.2500 0.3782
350.5000 0.3588
350.7500 0.3399
351.0000 0.3215
351.2500 0.3096
351.5000 0.2863
351.7500 0.2695
352.0000 0.2532
352.2500 0.2374
352.5000 0.2221
352.7500 0.2073
353.0000 0.1931
353.2500 0.1793
353.5000 0.1661
353.7500 0.1534
354.0000 0.1411
354.2500 0.1294
354.5000 0.1182
354.7500 0.1076
355.0000 0.0974
355.2500 0.0877
355.5000 0.0786
355.7500 0.0699
356.0000 0.0618
356.2500 0.0541
356.5000 0.0470
356.7500 0.0404
357.0000 0.0342
357.2500 0.0286
357.5000 0.0235
357.7500 0.0189
358.0000 0.0148
358.2500 0.0112
358.5000 0.0081
358.7500 0.0055
359.0000 0.0034
359.2500 0.0018
359.5000 0.0007
359.7500 0.0001
