0.0000 1.8933
0.2500 1.9359
0.5000 1.9788
0.7500 2.0223
1.0000 2.0662
1.2500 2.1105
1.5000 2.1553
1.7500 2.2006
2.0000 2.2463
2.2500 2.2924
2.5000 2.3390
2.7500 2.3861
3.0000 2.4336
3.2500 2.4816
3.5000 2.5300
3.7500 2.5789
4.0000 2.6282
4.2500 2.6780
4.5000 2.7282
4.7500 2.7789
5.0000 2.8300
5.2500 2.8815
5.5000 2.9335
5.7500 2.9860
6.0000 3.0389
6.2500 3.0922
6.5000 3.1460
6.7500 3.2002
7.0000 3.2549
7.2500 3.3100
7.5000 3.3656
7.7500 3.4215
8.0000 3.4777
8.2500 3.5348
8.5000 3.5921
8.7500 3.6499
9.0000 3.7080
9.2500 3.7666
9.5000 3.8257
9.7500 3.8851
10.0000 3.9450
10.2500 4.0054
10.5000 4.0661
10.7500 4.1273
11.0000 4.1890
11.2500 4.2510
11.5000 4.3135
11.7500 4.3764
12.0000 4.4397
12.2500 4.5035
12.5000 4.5677
12.7500 4.6322
13.0000 4.6973
13.2500 4.7627
13.5000 4.8286
13.7500 4.8948
14.0000 4.9615
14.2500 5.0286
14.5000 5.0962
14.7500 5.1641
15.0000 5.2324
15.2500 5.3012
15.5000 5.3704
15.7500 5.4400
16.0000 5.5100
16.2500 5.5803
16.5000 5.6511
16.7500 5.7223
17.0000 5.7940
17.2500 5.8660
17.5000 5.9384
17.7500 6.0112
18.0000 6.0844
18.2500 6.1580
18.5000 6.2320
18.7500 6.3064
19.0000 6.3811
19.2500 6.4563
19.5000 6.5319
19.7500 6.6078
20.0000 6.6842
20.2500 6.7609
20.5000 6.8380
20.7500 6.9154
21.0000 6.9933
21.2500 7.0715
21.5000 7.1501
21.7500 7.2291
22.0000 7.3085
22.2500 7.3882
22.5000 7.4683
22.7500 7.5488
23.0000 7.6296
23.2500 7.7108
23.5000 7.7924
23.7500 7.8743
24.0000 7.9566
24.2500 8.0392
24.5000 8.1222
24.7500 8.2055
25.0000 8.2892
25.2500 8.3733
25.5000 8.4577
25.7500 8.5424
26.0000 8.6275
26.2500 8.7129
26.5000 8.7986
26.7500 8.8847
27.0000 8.9711
27.2500 9.0578
27.5000 9.1449
27.7500 9.2323
28.0000 9.3200
28.2500 9.4080
28.5000 9.4964
28.7500 9.5850
29.0000 9.6740
29.2500 9.7633
29.5000 9.8529
29.7500 9.9428
30.0000 10.0330
30.2500 10.1235
30.5000 10.2143
30.7500 10.3054
31.0000 10.3968
31.2500 10.4884
31.5000 10.5804
31.7500 10.6726
32.0000 10.7651
32.2500 10.8579
32.5000 10.9510
32.7500 11.0443
33.0000 11.1379
33.2500 11.2318
33.5000 11.3259
33.7500 11.4203
34.0000 11.5149
34.2500 11.6098
34.5000 11.7049
34.7500 11.8003
35.0000 11.8959
35.2500 11.9917
35.5000 12.0878
35.7500 12.1841
36.0000 12.2806
36.2500 12.3774
36.5000 12.4744
36.7500 12.5715
37.0000 12.6689
37.2500 12.7665
37.5000 12.8643
37.7500 12.9623
38.0000 13.0605
38.2500 13.1589
38.5000 13.2575
38.7500 13.3562
39.0000 13.4552
39.2500 13.5543
39.5000 13.6535
39.7500 13.7530
40.0000 13.8526
40.2500 13.9523
40.5000 14.0522
40.7500 14.1523
41.0000 14.2525
41.2500 14.3528
41.5000 14.4533
41.7500 14.5539
42.0000 14.6546
42.2500 14.7554
42.5000 14.8564
42.7500 14.9574
43.0000 15.0586
43.2500 15.1599
43.5000 15.2613
43.7500 15.3627
44.0000 15.4642
44.2500 15.5659
44.5000 15.6675
44.7500 15.7693
45.0000 15.8711
45.2500 15.9730
45.5000 16.0750
45.7500 16.1769
46.0000 16.2790
46.2500 16.3810
46.5000 16.4831
46.7500 16.5853
47.0000 16.6874
47.2500 16.7896
47.5000 16.8917
47.7500 16.9939
48.0000 17.0961
48.2500 17.1983
48.5000 17.3004
48.7500 17.4025
49.0000 17.5046
49.2500 17.6067
49.5000 17.7088
49.7500 17.8107
50.0000 17.9127
50.2500 18.0146
50.5000 18.1164
50.7500 18.2182
51.0000 18.3199
51.2500 18.4215
51.5000 18.5230
51.7500 18.6244
52.0000 18.7257
52.2500 18.8270
52.5000 18.9281
52.7500 19.0291
53.0000 19.1300
53.2500 19.2307
53.5000 19.3313
53.7500 19.4318
54.0000 19.5321
54.2500 19.6322
54.5000 19.7322
54.7500 19.8320
55.0000 19.9317
55.2500 20.0312
55.5000 20.1304
55.7500 20.2295
56.0000 20.3284
56.2500 20.4271
56.5000 20.5255
56.7500 20.6237
57.0000 20.7217
57.2500 20.8195
57.5000 20.9170
57.7500 21.0143
58.0000 21.1113
58.2500 21.2081
58.5000 21.3046
58.7500 21.4008
59.0000 21.4967
59.2500 21.5923
59.5000 21.6877
59.7500 21.7827
60.0000 21.8774
60.2500 21.9719
60.5000 22.0659
60.7500 22.1597
61.0000 22.2531
61.2500 22.3462
61.5000 22.4389
61.7500 22.5313
62.0000 22.6233
62.2500 22.7150
62.5000 22.8062
62.7500 22.8971
63.0000 22.9876
63.2500 23.0777
63.5000 23.1674
63.7500 23.2567
64.0000 23.3455
64.2500 23.4340
64.5000 23.5220
64.7500 23.6096
65.0000 23.6968
65.2500 23.7835
65.5000 23.8697
65.7500 23.9555
66.0000 24.0408
66.2500 24.1257
66.5000 24.2101
66.7500 24.2940
67.0000 24.3774
67.2500 24.4603
67.5000 24.5427
67.7500 24.6247
68.0000 24.7061
68.2500 24.7870
68.5000 24.8655
68.7500 24.9472
69.0000 25.0265
69.2500 25.1052
69.5000 25.1835
69.7500 25.2611
70.0000 25.3383
70.2500 25.4148
70.5000 25.4908
70.7500 25.5663
71.0000 25.6411
71.2500 25.7154
71.5000 25.7891
71.7500 25.8622
72.0000 25.9348
72.2500 26.0067
72.5000 26.0780
72.7500 26.1488
73.0000 26.2189
73.2500 26.2884
73.5000 26.3573
73.7500 26.4256
74.0000 26.4933
74.2500 26.5603
74.5000 26.6267
74.7500 26.6925
75.0000 26.7576
75.2500 26.8221
75.5000 26.8860
75.7500 26.9492
76.0000 27.0118
76.2500 27.0737
76.5000 27.1350
76.7500 27.1956
77.0000 27.2555
77.2500 27.3148
77.5000 27.3735
77.7500 27.4315
78.0000 27.4888
78.2500 27.5454
78.5000 27.6014
78.7500 27.6567
79.0000 27.7114
79.2500 27.7654
79.5000 27.8187
79.7500 27.8713
80.0000 27.9233
80.2500 27.9746
80.5000 28.0252
80.7500 28.0752
81.0000 28.1244
81.2500 28.1731
81.5000 28.2210
81.7500 28.2682
82.0000 28.3148
82.2500 28.3607
82.5000 28.4060
82.7500 28.4506
83.0000 28.4945
83.2500 28.5377
83.5000 28.5803
83.7500 28.6222
84.0000 28.6634
84.2500 28.7040
84.5000 28.7439
84.7500 28.7832
85.0000 28.8218
85.2500 28.8597
85.5000 28.8970
85.7500 28.9337
86.0000 28.9697
86.2500 29.0050
86.5000 29.0397
86.7500 29.0738
87.0000 29.1073
87.2500 29.1401
87.5000 29.1723
87.7500 29.2038
88.0000 29.2348
88.2500 29.2651
88.5000 29.2948
88.7500 29.3239
89.0000 29.3524
89.2500 29.3803
89.5000 29.4076
89.7500 29.4343
90.0000 29.4604
90.2500 29.4860
90.5000 29.5109
90.7500 29.5353
91.0000 29.5592
91.2500 29.5824
91.5000 29.6051
91.7500 29.6273
92.0000 29.6489
92.2500 29.6700
92.5000 29.6905
92.7500 29.7105
93.0000 29.7300
93.2500 29.7490
93.5000 29.7674
93.7500 29.7854
94.0000 29.8029
94.2500 29.8198
94.5000 29.8363
94.7500 29.8523
95.0000 29.8678
95.2500 29.8829
95.5000 29.8975
95.7500 29.9117
96.0000 29.9254
96.2500 29.9387
96.5000 29.9515
96.7500 29.9639
97.0000 29.9759
97.2500 29.9875
97.5000 29.9987
97.7500 30.0095
98.0000 30.0199
98.2500 30.0300
98.5000 30.0396
98.7500 30.0489
99.0000 30.0579
99.2500 30.0665
99.5000 30.0747
99.7500 30.0826
100.0000 30.0902
100.2500 30.0975
100.5000 30.1044
100.7500 30.1111
101.0000 30.1174
101.2500 30.1235
101.5000 30.1293
101.7500 30.1348
102.0000 30.1400
102.2500 30.1450
102.5000 30.1497
102.7500 30.1542
103.0000 30.1584
103.2500 30.1624
103.5000 30.1662
103.7500 30.1698
104.0000 30.1738
104.2500 30.1763
104.5000 30.1793
104.7500 30.1821
105.0000 30.1847
105.2500 30.1871
105.5000 30.1894
105.7500 30.1915
106.0000 30.1935
106.2500 30.1953
106.5000 30.1970
106.7500 30.1986
107.0000 30.2000
107.2500 30.2013
107.5000 30.2025
107.7500 30.2036
108.0000 30.2046
108.2500 30.2055
108.5000 30.2063
108.7500 30.2070
109.0000 30.2076
109.2500 30.2082
109.5000 30.2087
109.7500 30.2092
110.0000 30.2096
110.2500 30.2099
110.5000 30.2102
110.7500 30.2104
111.0000 30.2107
111.2500 30.2108
111.5000 30.2110
111.7500 30.2111
112.0000 30.2112
112.2500 30.2113
112.5000 30.2113
112.7500 30.2114
113.0000 30.2114
113.2500 30.2114
113.5000 30.2114
113.7500 30.2114
114.0000 30.2114
114.2500 30.2114
114.5000 30.2114
114.7500 30.2114
115.0000 30.2114
115.2500 30.2114
115.5000 30.2114
115.7500 30.2114
116.0000 30.2114
116.2500 30.2114
116.5000 30.2114
116.7500 30.2114
117.0000 30.2114
117.2500 30.2114
117.5000 30.2114
117.7500 30.2114
118.0000 30.2114
118.2500 30.2114
118.5000 30.2114
118.7500 30.2114
119.0000 30.2114
119.2500 30.2114
119.5000 30.2114
119.7500 30.2114
120.0000 30.2114
120.2500 30.2114
120.5000 30.2114
120.7500 30.2114
121.0000 30.2114
121.2500 30.2114
121.5000 30.2114
121.7500 30.2114
122.0000 30.2114
122.2500 30.2114
122.5000 30.2114
122.7500 30.2114
123.0000 30.2114
123.2500 30.2114
123.5000 30.2114
123.7500 30.2114
124.0000 30.2114
124.2500 30.2114
124.5000 30.2114
124.7500 30.2114
125.0000 30.2114
125.2500 30.2114
125.5000 30.2114
125.7500 30.2114
126.0000 30.2114
126.2500 30.2114
126.5000 30.2114
126.7500 30.2114
127.0000 30.2114
127.2500 30.2114
127.5000 30.2114
127.7500 30.2114
128.0000 30.2114
128.2500 30.2114
128.5000 30.2114
128.7500 30.2114
129.0000 30.2114
129.2500 30.2114
129.5000 30.2114
129.7500 30.2114
130.0000 30.2114
130.2500 30.2114
130.5000 30.2114
130.7500 30.2114
131.0000 30.2114
131.2500 30.2114
131.5000 30.2114
131.7500 30.2114
132.0000 30.2114
132.2500 30.2114
132.5000 30.2114
132.7500 30.2114
133.0000 30.2114
133.2500 30.2114
133.5000 30.2114
133.7500 30.2114
134.0000 30.2114
134.2500 30.2114
134.5000 30.2114
134.7500 30.2114
135.0000 30.2114
135.2500 30.2114
135.5000 30.2114
135.7500 30.2114
136.0000 30.2114
136.2500 30.2114
136.5000 30.2114
136.7500 30.2114
137.0000 30.2114
137.2500 30.2114
137.5000 30.2114
137.7500 30.2114
138.0000 30.2114
138.2500 30.2114
138.5000 30.2114
138.7500 30.2114
139.0000 30.2114
139.2500 30.2114
139.5000 30.2114
139.7500 30.2114
140.0000 30.2114
140.2500 30.2114
140.5000 30.2114
140.7500 30.2114
141.0000 30.2114
141.2500 30.2114
141.5000 30.2114
141.7500 30.2114
142.0000 30.2114
142.2500 30.2114
142.5000 30.2114
142.7500 30.2114
143.0000 30.2114
143.2500 30.2114
143.5000 30.2114
143.7500 30.2114
144.0000 30.2114
144.2500 30.2114
144.5000 30.2114
144.7500 30.2114
145.0000 30.2114
145.2500 30.2114
145.5000 30.2114
145.7500 30.2114
146.0000 30.2114
146.2500 30.2114
146.5000 30.2114
146.7500 30.2114
147.0000 30.2114
147.2500 30.2114
147.5000 30.2114
147.7500 30.2114
148.0000 30.2114
148.2500 30.2114
148.5000 30.2114
148.7500 30.2114
149.0000 30.2114
149.2500 30.2114
149.5000 30.2114
149.7500 30.2114
150.0000 30.2114
150.2500 30.2114
150.5000 30.2114
150.7500 30.2114
151.0000 30.2114
151.2500 30.2114
151.5000 30.2114
151.7500 30.2114
152.0000 30.2114
152.2500 30.2114
152.5000 30.2114
152.7500 30.2114
153.0000 30.2114
153.2500 30.2114
153.5000 30.2114
153.7500 30.2114
154.0000 30.2114
154.2500 30.2114
154.5000 30.2114
154.7500 30.2114
155.0000 30.2114
155.2500 30.2114
155.5000 30.2114
155.7500 30.2114
156.0000 30.2114
156.2500 30.2114
156.5000 30.2114
156.7500 30.2114
157.0000 30.2114
157.2500 30.2114
157.5000 30.2114
157.7500 30.2114
158.0000 30.2114
158.2500 30.2114
158.5000 30.2114
158.7500 30.2114
159.0000 30.2114
159.2500 30.2114
159.5000 30.2114
159.7500 30.2114
160.0000 30.2114
160.2500 30.2114
160.5000 30.2114
160.7500 30.2114
161.0000 30.2114
161.2500 30.2114
161.5000 30.2114
161.7500 30.2114
162.0000 30.2114
162.2500 30.2114
162.5000 30.2114
162.7500 30.2114
163.0000 30.2114
163.2500 30.2114
163.5000 30.2114
163.7500 30.2114
164.0000 30.2114
164.2500 30.2114
164.5000 30.2114
164.7500 30.2114
165.0000 30.2114
165.2500 30.2114
165.5000 30.2114
165.7500 30.2114
166.0000 30.2114
166.2500 30.2114
166.5000 30.2114
166.7500 30.2114
167.0000 30.2114
167.2500 30.2114
167.5000 30.2114
167.7500 30.2114
168.0000 30.2114
168.2500 30.2114
168.5000 30.2114
168.7500 30.2114
169.0000 30.2114
169.2500 30.2114
169.5000 30.2114
169.7500 30.2114
170.0000 30.2114
170.2500 30.2114
170.5000 30.2114
170.7500 30.2114
171.0000 30.2114
171.2500 30.2114
171.5000 30.2114
171.7500 30.2114
172.0000 30.2114
172.2500 30.2114
172.5000 30.2114
172.7500 30.2114
173.0000 30.2114
173.2500 30.2114
173.5000 30.2114
173.7500 30.2114
174.0000 30.2114
174.2500 30.2114
174.5000 30.2114
174.7500 30.2114
175.0000 30.2114
175.2500 30.2114
175.5000 30.2114
175.7500 30.2114
176.0000 30.2114
176.2500 30.2114
176.5000 30.2114
176.7500 30.2114
177.0000 30.2114
177.2500 30.2114
177.5000 30.2114
177.7500 30.2114
178.0000 30.2114
178.2500 30.2114
178.5000 30.2114
178.7500 30.2114
179.0000 30.2114
179.2500 30.2114
179.5000 30.2114
179.7500 30.2114
180.0000 30.2114
180.2500 30.2114
180.5000 30.2114
180.7500 30.2114
181.0000 30.2114
181.2500 30.2114
181.5000 30.2114
181.7500 30.2114
182.0000 30.2114
182.2500 30.2114
182.5000 30.2114
182.7500 30.2114
183.0000 30.2114
183.2500 30.2114
183.5000 30.2114
183.7500 30.2114
184.0000 30.2114
184.2500 30.2114
184.5000 30.2114
184.7500 30.2114
185.0000 30.2114
185.2500 30.2114
185.5000 30.2114
185.7500 30.2114
186.0000 30.2114
186.2500 30.2114
186.5000 30.2114
186.7500 30.2114
187.0000 30.2114
187.2500 30.2114
187.5000 30.2114
187.7500 30.2114
188.0000 30.2114
188.2500 30.2114
188.5000 30.2114
188.7500 30.2114
189.0000 30.2114
189.2500 30.2114
189.5000 30.2114
189.7500 30.2114
190.0000 30.2114
190.2500 30.2114
190.5000 30.2114
190.7500 30.2114
191.0000 30.2114
191.2500 30.2114
191.5000 30.2114
191.7500 30.2114
192.0000 30.2114
192.2500 30.2114
192.5000 30.2114
192.7500 30.2114
193.0000 30.2114
193.2500 30.2114
193.5000 30.2114
193.7500 30.2114
194.0000 30.2114
194.2500 30.2114
194.5000 30.2114
194.7500 30.2114
195.0000 30.2114
195.2500 30.2114
195.5000 30.2114
195.7500 30.2114
196.0000 30.2114
196.2500 30.2114
196.5000 30.2114
196.7500 30.2114
197.0000 30.2114
197.2500 30.2114
197.5000 30.2114
197.7500 30.2114
198.0000 30.2114
198.2500 30.2114
198.5000 30.2114
198.7500 30.2114
199.0000 30.2114
199.2500 30.2114
199.5000 30.2114
199.7500 30.2114
200.0000 30.2114
200.2500 30.2114
200.5000 30.2114
200.7500 30.2114
201.0000 30.2114
201.2500 30.2114
201.5000 30.2114
201.7500 30.2114
202.0000 30.2114
202.2500 30.2114
202.5000 30.2114
202.7500 30.2114
203.0000 30.2114
203.2500 30.2114
203.5000 30.2114
203.7500 30.2114
204.0000 30.2114
204.2500 30.2114
204.5000 30.2114
204.7500 30.2114
205.0000 30.2114
205.2500 30.2114
205.5000 30.2114
205.7500 30.2114
206.0000 30.2114
206.2500 30.2114
206.5000 30.2114
206.7500 30.2114
207.0000 30.2114
207.2500 30.2114
207.5000 30.2113
207.7500 30.2113
208.0000 30.2112
208.2500 30.2111
208.5000 30.2110
208.7500 30.2108
209.0000 30.2107
209.2500 30.2105
209.5000 30.2102
209.7500 30.2100
210.0000 30.2096
210.2500 30.2092
210.5000 30.2088
210.7500 30.2083
211.0000 30.2077
211.2500 30.2071
211.5000 30.2064
211.7500 30.2056
212.0000 30.2047
212.2500 30.2037
212.5000 30.2027
212.7500 30.2015
213.0000 30.2002
213.2500 30.1988
213.5000 30.1973
213.7500 30.1956
214.0000 30.1938
214.2500 30.1919
214.5000 30.1898
214.7500 30.1875
215.0000 30.1851
215.2500 30.1825
215.5000 30.1798
215.7500 30.1769
216.0000 30.1737
216.2500 30.1704
216.5000 30.1668
216.7500 30.1631
217.0000 30.1591
217.2500 30.1549
217.5000 30.1505
217.7500 30.1458
218.0000 30.1409
218.2500 30.1357
218.5000 30.1302
218.7500 30.1245
219.0000 30.1185
219.2500 30.1122
219.5000 30.1056
219.7500 30.0987
220.0000 30.0915
220.2500 30.0840
220.5000 30.0761
220.7500 30.0680
221.0000 30.0594
221.2500 30.0506
221.5000 30.0414
221.7500 30.0318
222.0000 30.0218
222.2500 30.0115
222.5000 30.0008
222.7500 29.9897
223.0000 29.9782
223.2500 29.9662
223.5000 29.9539
223.7500 29.9412
224.0000 29.9280
224.2500 29.9144
224.5000 29.9003
224.7500 29.8858
225.0000 29.8709
225.2500 29.8555
225.5000 29.8396
225.7500 29.8232
226.0000 29.8064
226.2500 29.7891
226.5000 29.7712
226.7500 29.7529
227.0000 29.7341
227.2500 29.7147
227.5000 29.6949
227.7500 29.6745
228.0000 29.6536
228.2500 29.6321
228.5000 29.6101
228.7500 29.5876
229.0000 29.5645
229.2500 29.5409
229.5000 29.5167
229.7500 29.4919
230.0000 29.4665
230.2500 29.4406
230.5000 29.4141
230.7500 29.3870
231.0000 29.3593
231.2500 29.3310
231.5000 29.3021
231.7500 29.2727
232.0000 29.2426
232.2500 29.2118
232.5000 29.1805
232.7500 29.1486
233.0000 29.1160
233.2500 29.0828
233.5000 29.0490
233.7500 29.0145
234.0000 28.9794
234.2500 28.9437
234.5000 28.9073
234.7500 28.8702
235.0000 28.8326
235.2500 28.7942
235.5000 28.7552
235.7500 28.7156
236.0000 28.6753
236.2500 28.6343
236.5000 28.5927
236.7500 28.5504
237.0000 28.5075
237.2500 28.4639
237.5000 28.4196
237.7500 28.3746
238.0000 28.3290
238.2500 28.2827
238.5000 28.2357
238.7500 28.1881
239.0000 28.1398
239.2500 28.0908
239.5000 28.0411
239.7500 27.9908
240.0000 27.9397
240.2500 27.8880
240.5000 27.8357
240.7500 27.7826
241.0000 27.7289
241.2500 27.6745
241.5000 27.6194
241.7500 27.5637
242.0000 27.5072
242.2500 27.4501
242.5000 27.3924
242.7500 27.3339
243.0000 27.2748
243.2500 27.2151
243.5000 27.1546
243.7500 27.0935
244.0000 27.0317
244.2500 26.9693
244.5000 26.9062
244.7500 26.8424
245.0000 26.7780
245.2500 26.7130
245.5000 26.6472
245.7500 26.5809
246.0000 26.5139
246.2500 26.4462
246.5000 26.3779
246.7500 26.3090
247.0000 26.2394
247.2500 26.1692
247.5000 26.0983
247.7500 26.0269
248.0000 25.9548
248.2500 25.8821
248.5000 25.8088
248.7500 25.7348
249.0000 25.6603
249.2500 25.5851
249.5000 25.5093
249.7500 25.4330
250.0000 25.3560
250.2500 25.2785
250.5000 25.2003
250.7500 25.1216
251.0000 25.0423
251.2500 24.9624
251.5000 24.8820
251.7500 24.8010
252.0000 24.7194
252.2500 24.6373
252.5000 24.5546
252.7500 24.4714
253.0000 24.3876
253.2500 24.3033
253.5000 24.2185
253.7500 24.1331
254.0000 24.0472
254.2500 23.9608
254.5000 23.8739
254.7500 23.7864
255.0000 23.6985
255.2500 23.6101
255.5000 23.5212
255.7500 23.4317
256.0000 23.3419
256.2500 23.2515
256.5000 23.1607
256.7500 23.0694
257.0000 22.9776
257.2500 22.8854
257.5000 22.7928
257.7500 22.6997
258.0000 22.6062
258.2500 22.5122
258.5000 22.4179
258.7500 22.3231
259.0000 22.2279
259.2500 22.1323
259.5000 22.0363
259.7500 21.9400
260.0000 21.8432
260.2500 21.7460
260.5000 21.6485
260.7500 21.5507
261.0000 21.4524
261.2500 21.3538
261.5000 21.2549
261.7500 21.1556
262.0000 21.0560
262.2500 20.9561
262.5000 20.8558
262.7500 20.7553
263.0000 20.6544
263.2500 20.5532
263.5000 20.4518
263.7500 20.3500
264.0000 20.2480
264.2500 20.1457
264.5000 20.0431
264.7500 19.9403
265.0000 19.8372
265.2500 19.7339
265.5000 19.6304
265.7500 19.5266
266.0000 19.4226
266.2500 19.3183
266.5000 19.2139
266.7500 19.1093
267.0000 19.0044
267.2500 18.8994
267.5000 18.7942
267.7500 18.6888
268.0000 18.5832
268.2500 18.4775
268.5000 18.3717
268.7500 18.2656
269.0000 18.1595
269.2500 18.0532
269.5000 17.9468
269.7500 17.8402
270.0000 17.7336
270.2500 17.6268
270.5000 17.5200
270.7500 17.4130
271.0000 17.3060
271.2500 17.1989
271.5000 17.0899
271.7500 16.9845
272.0000 16.8772
272.2500 16.7698
272.5000 16.6624
272.7500 16.5550
273.0000 16.4475
273.2500 16.3400
273.5000 16.2325
273.7500 16.1250
274.0000 16.0175
274.2500 15.9100
274.5000 15.8025
274.7500 15.6950
275.0000 15.5876
275.2500 15.4801
275.5000 15.3728
275.7500 15.2654
276.0000 15.1581
276.2500 15.0509
276.5000 14.9437
276.7500 14.8366
277.0000 14.7296
277.2500 14.6226
277.5000 14.5158
277.7500 14.4090
278.0000 14.3023
278.2500 14.1958
278.5000 14.0893
278.7500 13.9830
279.0000 13.8768
279.2500 13.7708
279.5000 13.6649
279.7500 13.5591
280.0000 13.4535
280.2500 13.3480
280.5000 13.2427
280.7500 13.1376
281.0000 13.0326
281.2500 12.9278
281.5000 12.8232
281.7500 12.7188
282.0000 12.6146
282.2500 12.5106
282.5000 12.4069
282.7500 12.3033
283.0000 12.1999
283.2500 12.0968
283.5000 11.9939
283.7500 11.8912
284.0000 11.7888
284.2500 11.6866
284.5000 11.5847
284.7500 11.4830
285.0000 11.3816
285.2500 11.2805
285.5000 11.1796
285.7500 11.0790
286.0000 10.9787
286.2500 10.8787
286.5000 10.7789
286.7500 10.6795
287.0000 10.5804
287.2500 10.4815
287.5000 10.3830
287.7500 10.2848
288.0000 10.1869
288.2500 10.0893
288.5000 9.9921
288.7500 9.8952
289.0000 9.7986
289.2500 9.7024
289.5000 9.6065
289.7500 9.5110
290.0000 9.4158
290.2500 9.3210
290.5000 9.2265
290.7500 9.1324
291.0000 9.0387
291.2500 8.9454
291.5000 8.8524
291.7500 8.7598
292.0000 8.6676
292.2500 8.5757
292.5000 8.4843
292.7500 8.3932
293.0000 8.3026
293.2500 8.2123
293.5000 8.1225
293.7500 8.0331
294.0000 7.9440
294.2500 7.8554
294.5000 7.7672
294.7500 7.6794
295.0000 7.5921
295.2500 7.5052
295.5000 7.4187
295.7500 7.3326
296.0000 7.2470
296.2500 7.1618
296.5000 7.0770
296.7500 6.9927
297.0000 6.9088
297.2500 6.8254
297.5000 6.7424
297.7500 6.6599
298.0000 6.5778
298.2500 6.4962
298.5000 6.4151
298.7500 6.3344
299.0000 6.2542
299.2500 6.1744
299.5000 6.0951
299.7500 6.0163
300.0000 5.9380
300.2500 5.8601
300.5000 5.7827
300.7500 5.7058
301.0000 5.6293
301.2500 5.5534
301.5000 5.4779
301.7500 5.4029
302.0000 5.3284
302.2500 5.2544
302.5000 5.1809
302.7500 5.1078
303.0000 5.0353
303.2500 4.9632
303.5000 4.8917
303.7500 4.8207
304.0000 4.7501
304.2500 4.6801
304.5000 4.6105
304.7500 4.5414
305.0000 4.4729
305.2500 4.4049
305.5000 4.3373
305.7500 4.2703
306.0000 4.2038
306.2500 4.1378
306.5000 4.0723
306.7500 4.0073
307.0000 3.9429
307.2500 3.8789
307.5000 3.8154
307.7500 3.7525
308.0000 3.6901
308.2500 3.6282
308.5000 3.5668
308.7500 3.5060
309.0000 3.4456
309.2500 3.3858
309.5000 3.3265
309.7500 3.2677
310.0000 3.2095
310.2500 3.1517
310.5000 3.0945
310.7500 3.0378
311.0000 2.9817
311.2500 2.9260
311.5000 2.8709
311.7500 2.8163
312.0000 2.7622
312.2500 2.7087
312.5000 2.6557
312.7500 2.6032
313.0000 2.5512
313.2500 2.4998
313.5000 2.4489
313.7500 2.3985
314.0000 2.3487
314.2500 2.2993
314.5000 2.2505
314.7500 2.2023
315.0000 2.1545
315.2500 2.1073
315.5000 2.0606
315.7500 2.0144
316.0000 1.9688
316.2500 1.9237
316.5000 1.8792
316.7500 1.8351
317.0000 1.7916
317.2500 1.7486
317.5000 1.7062
317.7500 1.6642
318.0000 1.6228
318.2500 1.5820
318.5000 1.5416
318.7500 1.5018
319.0000 1.4625
319.2500 1.4237
319.5000 1.3855
319.7500 1.3478
320.0000 1.3106
320.2500 1.2740
320.5000 1.2379
320.7500 1.2023
321.0000 1.1672
321.2500 1.1327
321.5000 1.0986
321.7500 1.0652
322.0000 1.0322
322.2500 0.9998
322.5000 0.9679
322.7500 0.9365
323.0000 0.9056
323.2500 0.8753
323.5000 0.8455
323.7500 0.8162
324.0000 0.7874
324.2500 0.7592
324.5000 0.7314
324.7500 0.7043
325.0000 0.6776
325.2500 0.6514
325.5000 0.6258
325.7500 0.6007
326.0000 0.5761
326.2500 0.5520
326.5000 0.5285
326.7500 0.5054
327.0000 0.4829
327.2500 0.4609
327.5000 0.4395
327.7500 0.4185
328.0000 0.3981
328.2500 0.3782
328.5000 0.3588
328.7500 0.3399
329.0000 0.3215
329.2500 0.3096
329.5000 0.2863
329.7500 0.2695
330.0000 0.2532
330.2500 0.2374
330.5000 0.2221
330.7500 0.2073
331.0000 0.1931
331.2500 0.1793
331.5000 0.1661
331.7500 0.1534
332.0000 0.1411
332.2500 0.1294
332.5000 0.1182
332.7500 0.1076
333.0000 0.0974
333.2500 0.0877
333.5000 0.0786
333.7500 0.0699
334.0000 0.0618
334.2500 0.0541
334.5000 0.0470
334.7500 0.0404
335.0000 0.0342
335.2500 0.0286
335.5000 0.0235
335.7500 0.0189
336.0000 0.0148
336.2500 0.0112
336.5000 0.0081
336.7500 0.0055
337.0000 0.0034
337.2500 0.0018
337.5000 0.0007
337.7500 0.0001
338.0000 0.0000
338.2500 0.0004
338.5000 0.0013
338.7500 0.0027
339.0000 0.0046
339.2500 0.0070
339.5000 0.0099
339.7500 0.0133
340.0000 0.0172
340.2500 0.0215
340.5000 0.0264
340.7500 0.0318
341.0000 0.0376
341.2500 0.0440
341.5000 0.0508
341.7500 0.0582
342.0000 0.0660
342.2500 0.0743
342.5000 0.0831
342.7500 0.0924
343.0000 0.1022
343.2500 0.1125
343.5000 0.1233
343.7500 0.1346
344.0000 0.1463
344.2500 0.1585
344.5000 0.1713
344.7500 0.1845
345.0000 0.1982
345.2500 0.2124
345.5000 0.2270
345.7500 0.2422
346.0000 0.2578
346.2500 0.2739
346.5000 0.2905
346.7500 0.3076
347.0000 0.3252
347.2500 0.3433
347.5000 0.3618
347.7500 0.3808
348.0000 0.4003
348.2500 0.4203
348.5000 0.4408
348.7500 0.4617
349.0000 0.4831
349.2500 0.5050
349.5000 0.5274
349.7500 0.5503
350.0000 0.5736
350.2500 0.5974
350.5000 0.6217
350.7500 0.6465
351.0000 0.6717
351.2500 0.6974
351.5000 0.7236
351.7500 0.7503
352.0000 0.7774
352.2500 0.8050
352.5000 0.8331
352.7500 0.8617
353.0000 0.8907
353.2500 0.9202
353.5000 0.9502
353.7500 0.9806
354.0000 1.0115
354.2500 1.0429
354.5000 1.0748
354.7500 1.1071
355.0000 1.1399
355.2500 1.1732
355.5000 1.2069
355.7500 1.2411
356.0000 1.2757
356.2500 1.3109
356.5000 1.3465
356.7500 1.3825
357.0000 1.4190
357.2500 1.4560
357.5000 1.4935
357.7500 1.5314
358.0000 1.5697
358.2500 1.6086
358.5000 1.6479
358.7500 1.6877
359.0000 1.7306
359.2500 1.7686
359.5000 1.8097
359.7500 1.8513
