0.0000 1.8933
0.5000 1.9788
1.0000 2.0662
1.5000 2.1553
2.0000 2.2463
2.5000 2.3390
3.0000 2.4336
3.5000 2.5300
4.0000 2.6282
4.5000 2.7282
5.0000 2.8300
5.5000 2.9335
6.0000 3.0389
6.5000 3.1460
7.0000 3.2549
7.5000 3.3656
8.0000 3.4777
8.5000 3.5921
9.0000 3.7080
9.5000 3.8257
10.0000 3.9450
10.5000 4.0661
11.0000 4.1890
11.5000 4.3135
12.0000 4.4397
12.5000 4.5677
13.0000 4.6973
13.5000 4.8286
14.0000 4.9615
14.5000 5.0962
15.0000 5.2324
15.5000 5.3704
16.0000 5.5100
16.5000 5.6511
17.0000 5.7940
17.5000 5.9384
18.0000 6.0844
18.5000 6.2320
19.0000 6.3811
19.5000 6.5319
20.0000 6.6842
20.5000 6.8380
21.0000 6.9933
21.5000 7.1501
22.0000 7.3085
22.5000 7.4683
23.0000 7.6296
23.5000 7.7924
24.0000 7.9566
24.5000 8.1222
25.0000 8.2892
25.5000 8.4577
26.0000 8.6275
26.5000 8.7986
27.0000 8.9711
27.5000 9.1449
28.0000 9.3200
28.5000 9.4964
29.0000 9.6740
29.5000 9.8529
30.0000 10.0330
30.5000 10.2143
31.0000 10.3968
31.5000 10.5804
32.0000 10.7651
32.5000 10.9510
33.0000 11.1379
33.5000 11.3259
34.0000 11.5149
34.5000 11.7049
35.0000 11.8959
35.5000 12.0878
36.0000 12.2806
36.5000 12.4744
37.0000 12.6689
37.5000 12.8643
38.0000 13.0605
38.5000 13.2575
39.0000 13.4552
39.5000 13.6535
40.0000 13.8526
40.5000 14.0522
41.0000 14.2525
41.5000 14.4533
42.0000 14.6546
42.5000 14.8564
43.0000 15.0586
43.5000 15.2613
44.0000 15.4642
44.5000 15.6675
45.0000 15.8711
45.5000 16.0750
46.0000 16.2790
46.5000 16.4831
47.0000 16.6874
47.5000 16.8917
48.0000 17.0961
48.5000 17.3004
49.0000 17.5046
49.5000 17.7088
50.0000 17.9127
50.5000 18.1164
51.0000 18.3199
51.5000 18.5230
52.0000 18.7257
52.5000 18.9281
53.0000 19.1300
53.5000 19.3313
54.0000 19.5321
54.5000 19.7322
55.0000 19.9317
55.5000 20.1304
56.0000 20.3284
56.5000 20.5255
57.0000 20.7217
57.5000 20.9170
58.0000 21.1113
58.5000 21.3046
59.0000 21.4967
59.5000 21.6877
60.0000 21.8774
60.5000 22.0659
61.0000 22.2531
61.5000 22.4389
62.0000 22.6233
62.5000 22.8062
63.0000 22.9876
63.5000 23.1674
64.0000 23.3455
64.5000 23.5220
65.0000 23.6968
65.5000 23.8697
66.0000 24.0408
66.5000 24.2101
67.0000 24.3774
67.5000 24.5427
68.0000 24.7061
68.5000 24.8655
69.0000 25.0265
69.5000 25.1835
70.0000 25.3383
70.5000 25.4908
71.0000 25.6411
71.5000 25.7891
72.0000 25.9348
72.5000 26.0780
73.0000 26.2189
73.5000 26.3573
74.0000 26.4933
74.5000 26.6267
75.0000 26.7576
75.5000 26.8860
76.0000 27.0118
76.5000 27.1350
77.0000 27.2555
77.5000 27.3735
78.0000 27.4888
78.5000 27.6014
79.0000 27.7114
79.5000 27.8187
80.0000 27.9233
80.5000 28.0252
81.0000 28.1244
81.5000 28.2210
82.0000 28.3148
82.5000 28.4060
83.0000 28.4945
83.5000 28.5803
84.0000 28.6634
84.5000 28.7439
85.0000 28.8218
85.5000 28.8970
86.0000 28.9697
86.5000 29.0397
87.0000 29.1073
87.5000 29.1723
88.0000 29.2348
88.5000 29.2948
89.0000 29.3524
89.5000 29.4076
90.0000 29.4604
90.5000 29.5109
91.0000 29.5592
91.5000 29.6051
92.0000 29.6489
92.5000 29.6905
93.0000 29.7300
93.5000 29.7674
94.0000 29.8029
94.5000 29.8363
95.0000 29.8678
95.5000 29.8975
96.0000 29.9254
96.5000 29.9515
97.0000 29.9759
97.5000 29.9987
98.0000 30.0199
98.5000 30.0396
99.0000 30.0579
99.5000 30.0747
100.0000 30.0902
100.5000 30.1044
101.0000 30.1174
101.5000 30.1293
102.0000 30.1400
102.5000 30.1497
103.0000 30.1584
103.5000 30.1662
104.0000 30.1738
104.5000 30.1793
105.0000 30.1847
105.5000 30.1894
106.0000 30.1935
106.5000 30.1970
107.0000 30.2000
107.5000 30.2025
108.0000 30.2046
108.5000 30.2063
109.0000 30.2076
109.5000 30.2087
110.0000 30.2096
110.5000 30.2102
111.0000 30.2107
111.5000 30.2110
112.0000 30.2112
112.5000 30.2113
113.0000 30.2114
113.5000 30.2114
114.0000 30.2114
114.5000 30.2114
115.0000 30.2114
115.5000 30.2114
116.0000 30.2114
116.5000 30.2114
117.0000 30.2114
117.5000 30.2114
118.0000 30.2114
118.5000 30.2114
119.0000 30.2114
119.5000 30.2114
120.0000 30.2114
120.5000 30.2114
121.0000 30.2114
121.5000 30.2114
122.0000 30.2114
122.5000 30.2114
123.0000 30.2114
123.5000 30.2114
124.0000 30.2114
124.5000 30.2114
125.0000 30.2114
125.5000 30.2114
126.0000 30.2114
126.5000 30.2114
127.0000 30.2114
127.5000 30.2114
128.0000 30.2114
128.5000 30.2114
129.0000 30.2114
129.5000 30.2114
130.0000 30.2114
130.5000 30.2114
131.0000 30.2114
131.5000 30.2114
132.0000 30.2114
132.5000 30.2114
133.0000 30.2114
133.5000 30.2114
134.0000 30.2114
134.5000 30.2114
135.0000 30.2114
135.5000 30.2114
136.0000 30.2114
136.5000 30.2114
137.0000 30.2114
137.5000 30.2114
138.0000 30.2114
138.5000 30.2114
139.0000 30.2114
139.5000 30.2114
140.0000 30.2114
140.5000 30.2114
141.0000 30.2114
141.5000 30.2114
142.0000 30.2114
142.5000 30.2114
143.0000 30.2114
143.5000 30.2114
144.0000 30.2114
144.5000 30.2114
145.0000 30.2114
145.5000 30.2114
146.0000 30.2114
146.5000 30.2114
147.0000 30.2114
147.5000 30.2114
148.0000 30.2114
148.5000 30.2114
149.0000 30.2114
149.5000 30.2114
150.0000 30.2114
150.5000 30.2114
151.0000 30.2114
151.5000 30.2114
152.0000 30.2114
152.5000 30.2114
153.0000 30.2114
153.5000 30.2114
154.0000 30.2114
154.5000 30.2114
155.0000 30.2114
155.5000 30.2114
156.0000 30.2114
156.5000 30.2114
157.0000 30.2114
157.5000 30.2114
158.0000 30.2114
158.5000 30.2114
159.0000 30.2114
159.5000 30.2114
160.0000 30.2114
160.5000 30.2114
161.0000 30.2114
161.5000 30.2114
162.0000 30.2114
162.5000 30.2114
163.0000 30.2114
163.5000 30.2114
164.0000 30.2114
164.5000 30.2114
165.0000 30.2114
165.5000 30.2114
166.0000 30.2114
166.5000 30.2114
167.0000 30.2114
167.5000 30.2114
168.0000 30.2114
168.5000 30.2114
169.0000 30.2114
169.5000 30.2114
170.0000 30.2114
170.5000 30.2114
171.0000 30.2114
171.5000 30.2114
172.0000 30.2114
172.5000 30.2114
173.0000 30.2114
173.5000 30.2114
174.0000 30.2114
174.5000 30.2114
175.0000 30.2114
175.5000 30.2114
176.0000 30.2114
176.5000 30.2114
177.0000 30.2114
177.5000 30.2114
178.0000 30.2114
178.5000 30.2114
179.0000 30.2114
179.5000 30.2114
180.0000 30.2114
180.5000 30.2114
181.0000 30.2114
181.5000 30.2114
182.0000 30.2114
182.5000 30.2114
183.0000 30.2114
183.5000 30.2114
184.0000 30.2114
184.5000 30.2114
185.0000 30.2114
185.5000 30.2114
186.0000 30.2114
186.5000 30.2114
187.0000 30.2114
187.5000 30.2114
188.0000 30.2114
188.5000 30.2114
189.0000 30.2114
189.5000 30.2114
190.0000 30.2114
190.5000 30.2114
191.0000 30.2114
191.5000 30.2114
192.0000 30.2114
192.5000 30.2114
193.0000 30.2114
193.5000 30.2114
194.0000 30.2114
194.5000 30.2114
195.0000 30.2114
195.5000 30.2114
196.0000 30.2114
196.5000 30.2114
197.0000 30.2114
197.5000 30.2114
198.0000 30.2114
198.5000 30.2114
199.0000 30.2114
199.5000 30.2114
200.0000 30.2114
200.5000 30.2114
201.0000 30.2114
201.5000 30.2114
202.0000 30.2114
202.5000 30.2114
203.0000 30.2114
203.5000 30.2114
204.0000 30.2114
204.5000 30.2114
205.0000 30.2114
205.5000 30.2114
206.0000 30.2114
206.5000 30.2114
207.0000 30.2114
207.5000 30.2113
208.0000 30.2112
208.5000 30.2110
209.0000 30.2107
209.5000 30.2102
210.0000 30.2096
210.5000 30.2088
211.0000 30.2077
211.5000 30.2064
212.0000 30.2047
212.5000 30.2027
213.0000 30.2002
213.5000 30.1973
214.0000 30.1938
214.5000 30.1898
215.0000 30.1851
215.5000 30.1798
216.0000 30.1737
216.5000 30.1668
217.0000 30.1591
217.5000 30.1505
218.0000 30.1409
218.5000 30.1302
219.0000 30.1185
219.5000 30.1056
220.0000 30.0915
220.5000 30.0761
221.0000 30.0594
221.5000 30.0414
222.0000 30.0218
222.5000 30.0008
223.0000 29.9782
223.5000 29.9539
224.0000 29.9280
224.5000 29.9003
225.0000 29.8709
225.5000 29.8396
226.0000 29.8064
226.5000 29.7712
227.0000 29.7341
227.5000 29.6949
228.0000 29.6536
228.5000 29.6101
229.0000 29.5645
229.5000 29.5167
230.0000 29.4665
230.5000 29.4141
231.0000 29.3593
231.5000 29.3021
232.0000 29.2426
232.5000 29.1805
233.0000 29.1160
233.5000 29.0490
234.0000 28.9794
234.5000 28.9073
235.0000 28.8326
235.5000 28.7552
236.0000 28.6753
236.5000 28.5927
237.0000 28.5075
237.5000 28.4196
238.0000 28.3290
238.5000 28.2357
239.0000 28.1398
239.5000 28.0411
240.0000 27.9397
240.5000 27.8357
241.0000 27.7289
241.5000 27.6194
242.0000 27.5072
242.5000 27.3924
243.0000 27.2748
243.5000 27.1546
244.0000 27.0317
244.5000 26.9062
245.0000 26.7780
245.5000 26.6472
246.0000 26.5139
246.5000 26.3779
247.0000 26.2394
247.5000 26.0983
248.0000 25.9548
248.5000 25.8088
249.0000 25.6603
249.5000 25.5093
250.0000 25.3560
250.5000 25.2003
251.0000 25.0423
251.5000 24.8820
252.0000 24.7194
252.5000 24.5546
253.0000 24.3876
253.5000 24.2185
254.0000 24.0472
254.5000 23.8739
255.0000 23.6985
255.5000 23.5212
256.0000 23.3419
256.5000 23.1607
257.0000 22.9776
257.5000 22.7928
258.0000 22.6062
258.5000 22.4179
259.0000 22.2279
259.5000 22.0363
260.0000 21.8432
260.5000 21.6485
261.0000 21.4524
261.5000 21.2549
262.0000 21.0560
262.5000 20.8558
263.0000 20.6544
263.5000 20.4518
264.0000 20.2480
264.5000 20.0431
265.0000 19.8372
265.5000 19.6304
266.0000 19.4226
266.5000 19.2139
267.0000 19.0044
267.5000 18.7942
268.0000 18.5832
268.5000 18.3717
269.0000 18.1595
269.5000 17.9468
270.0000 17.7336
270.5000 17.5200
271.0000 17.3060
271.5000 17.0899
272.0000 16.8772
272.5000 16.6624
273.0000 16.4475
273.5000 16.2325
274.0000 16.0175
274.5000 15.8025
275.0000 15.5876
275.5000 15.3728
276.0000 15.1581
276.5000 14.9437
277.0000 14.7296
277.5000 14.5158
278.0000 14.3023
278.5000 14.0893
279.0000 13.8768
279.5000 13.6649
280.0000 13.4535
280.5000 13.2427
281.0000 13.0326
281.5000 12.8232
282.0000 12.6146
282.5000 12.4069
283.0000 12.1999
283.5000 11.9939
284.0000 11.7888
284.5000 11.5847
285.0000 11.3816
285.5000 11.1796
286.0000 10.9787
286.5000 10.7789
287.0000 10.5804
287.5000 10.3830
288.0000 10.1869
288.5000 9.9921
289.0000 9.7986
289.5000 9.6065
290.0000 9.4158
290.5000 9.2265
291.0000 9.0387
291.5000 8.8524
292.0000 8.6676
292.5000 8.4843
293.0000 8.3026
293.5000 8.1225
294.0000 7.9440
294.5000 7.7672
295.0000 7.5921
295.5000 7.4187
296.0000 7.2470
296.5000 7.0770
297.0000 6.9088
297.5000 6.7424
298.0000 6.5778
298.5000 6.4151
299.0000 6.2542
299.5000 6.0951
300.0000 5.9380
300.5000 5.7827
301.0000 5.6293
301.5000 5.4779
302.0000 5.3284
302.5000 5.1809
303.0000 5.0353
303.5000 4.8917
304.0000 4.7501
304.5000 4.6105
305.0000 4.4729
305.5000 4.3373
306.0000 4.2038
306.5000 4.0723
307.0000 3.9429
307.5000 3.8154
308.0000 3.6901
308.5000 3.5668
309.0000 3.4456
309.5000 3.3265
310.0000 3.2095
310.5000 3.0945
311.0000 2.9817
311.5000 2.8709
312.0000 2.7622
312.5000 2.6557
313.0000 2.5512
313.5000 2.4489
314.0000 2.3487
314.5000 2.2505
315.0000 2.1545
315.5000 2.0606
316.0000 1.9688
316.5000 1.8792
317.0000 1.7916
317.5000 1.7062
318.0000 1.6228
318.5000 1.5416
319.0000 1.4625
319.5000 1.3855
320.0000 1.3106
320.5000 1.2379
321.0000 1.1672
321.5000 1.0986
322.0000 1.0322
322.5000 0.9679
323.0000 0.9056
323.5000 0.8455
324.0000 0.7874
324.5000 0.7314
325.0000 0.6776
325.5000 0.6258
326.0000 0.5761
326.5000 0.5285
327.0000 0.4829
327.5000 0.4395
328.0000 0.3981
328.5000 0.3588
329.0000 0.3215
329.5000 0.2863
330.0000 0.2532
330.5000 0.2221
331.0000 0.1931
331.5000 0.1661
332.0000 0.1411
332.5000 0.1182
333.0000 0.0974
333.5000 0.0786
334.0000 0.0618
334.5000 0.0470
335.0000 0.0342
335.5000 0.0235
336.0000 0.0148
336.5000 0.0081
337.0000 0.0034
337.5000 0.0007
338.0000 0.0000
338.5000 0.0013
339.0000 0.0046
339.5000 0.0099
340.0000 0.0172
340.5000 0.0264
341.0000 0.0376
341.5000 0.0508
342.0000 0.0660
342.5000 0.0831
343.0000 0.1022
343.5000 0.1233
344.0000 0.1463
344.5000 0.1713
345.0000 0.1982
345.5000 0.2270
346.0000 0.2578
346.5000 0.2905
347.0000 0.3252
347.5000 0.3618
348.0000 0.4003
348.5000 0.4408
349.0000 0.4831
349.5000 0.5274
350.0000 0.5736
350.5000 0.6217
351.0000 0.6717
351.5000 0.7236
352.0000 0.7774
352.5000 0.8331
353.0000 0.8907
353.5000 0.9502
354.0000 1.0115
354.5000 1.0748
355.0000 1.1399
355.5000 1.2069
356.0000 1.2757
356.5000 1.3465
357.0000 1.4190
357.5000 1.4935
358.0000 1.5697
358.5000 1.6479
359.0000 1.7306
359.5000 1.8097
