1 0.00137196691358107
2 0.00559672228882854
3 0.0128369711999617
4 0.0232563550938005
5 0.0370218837246166
6 0.0543031234248015
7 0.075267092540507
8 0.10007427159536
9 0.128877868372219
10 0.161826127741117
11 0.199065721400124
12 0.240745254321273
13 0.287017908739338
14 0.338043037088237
15 0.393985604264566
16 0.455010460701148
17 0.521277297694687
18 0.592938977946287
19 0.670141276440622
20 0.753024244944332
21 0.841724876316683
22 0.936378803984538
23 1.03712093439041
24 1.14408281144254
25 1.2573883909709
26 1.37715035551574
27 1.50346950671443
28 1.63643462491127
29 1.7761244205604
30 1.92261034666346
31 2.07595977561449
32 2.23624080050882
33 2.403524317589
34 2.57788560941111
35 2.75940870295478
36 2.94818492800379
37 3.14431244734773
38 3.34789380719186
39 3.55903376649219
40 3.77783726063047
41 4.00441055509443
42 4.23886365493285
43 4.48131157751346
44 4.7318768118502
45 4.99069156276659
46 5.25789760387989
47 5.53364109514399
48 5.81806607902501
49 6.11131102493942
50 6.41350603522143
51 6.72477075170306
52 7.04521472465011
53 7.37493701097309
54 7.71402473838237
55 8.06255334874522
56 8.42058604133852
57 8.78817342747389
58 9.16535497593958
59 9.55216214707306
60 9.94862094306037
61 10.3547541491472
62 10.7705809224579
63 11.1961150224117
64 11.6313652509963
65 12.0763361681751
66 12.5310257952088
67 12.9954241494993
68 13.4695103682388
69 13.9532492181691
70 14.4465874881928
71 14.9494526523977
72 15.4617528580036
73 15.983378576161
74 16.5142054747839
75 17.054095139043
76 17.6028933223621
77 18.1604241881363
78 18.7264851061904
79 19.3008440203713
80 19.8832389374619
81 20.4733785656044
82 21.0709442417577
83 21.6755946367057
84 22.2869702181773
85 22.9046907312945
86 23.5283499711692
87 24.1575145132585
88 24.7917254054023
89 25.4305005691382
90 26.0733351231143
91 26.7197010641196
92 27.369048982026
93 28.0208061765717
94 28.6743804189509
95 29.3291675313596
96 29.984548242623
97 30.6398782246872
98 31.2944778307011
99 31.9476271787161
100 32.5985823535231
101 33.2465793612412
102 33.8908443431857
103 34.5306023842753
104 35.1650787974443
105 35.7934988319919
106 36.415089814306
107 37.029090891526
108 37.634766664154
109 38.231396177043
110 38.8182733791277
111 39.3947014377501
112 39.9599843008355
113 40.5134287091075
114 41.0543506759869
115 41.5820834950096
116 42.0959852011806
117 42.595441976581
118 43.0798682208847
119 43.5487116954283
120 44.001455561551
121 44.4376143491743
122 44.8567389374425
123 45.2584147180419
124 45.6422521138418
125 46.0078785594053
126 46.3549427279617
127 46.6831264903644
128 46.9921516083501
129 47.2817785474098
130 47.5518054238227
131 47.8020663597846
132 48.0324255283306
133 48.2427693598422
134 48.4330046829916
135 48.6030724845266
136 48.7529611503996
137 48.8826988194443
138 48.9923461925541
139 49.0819857979283
140 49.1517051606866
141 49.2015893629905
142 49.2317209780955
143 49.2421820066423
144 49.2330632311221
145 49.204489660524
146 49.1566342223343
147 49.0897199226136
148 49.0040196223381
149 48.8998421270384
150 48.7775135479719
151 48.6373623563932
152 48.4797006733924
153 48.3048150496904
154 48.1129561365927
155 47.9043406597868
156 47.6791607275901
157 47.4375880617365
158 47.1797775331406
159 46.905874590962
160 46.616026456571
161 46.3103985572898
162 45.9891852927815
163 45.6526128981313
164 45.3009448636544
165 44.9344839730267
166 44.553575362848
167 44.1586064162072
168 43.7500040754054
169 43.3282256892916
170 42.8937447805032
171 42.4470375840912
172 41.98857381722
173 41.5188083810994
174 41.0381786656578
175 40.5471050639535
176 40.045994639865
177 39.535243916499
178 39.0152384664066
179 38.4863553246694
180 37.9489702477335
181 37.4034628298275
182 36.8502209501514
183 36.2896488854598
184 35.7221724712692
185 35.1482411643647
186 34.5683297489298
187 33.9829408298125
188 33.3926031156611
189 32.7978604658284
190 32.1992596497709
191 31.5973435083575
192 30.9926469632509
193 30.3856905946526
194 29.7769765867635
195 29.1669911301757
196 28.556206656596
197 27.9450819450258
198 27.3340629305079
199 26.7235792029484
200 26.1140397688516
201 25.5058354122561
202 24.8993518881375
203 24.2949848267908
204 23.693150273842
205 23.094288268708
206 22.4988580550819
207 21.9073266859335
208 21.320154798361
209 20.7377908195456
210 20.1606711939432
211 19.5892187263919
212 19.0238340149941
213 18.464890535766
214 17.9127349904841
215 17.3676893832773
216 16.8300499431006
217 16.3000815820503
218 15.7780129121053
219 15.2640415590038
220 14.7583469581531
221 14.2611004165138
222 13.7724698232778
223 13.292619472699
224 12.8217079344354
225 12.3598831512308
226 11.9072733663389
227 11.4639822209111
228 11.0300906190482
229 10.6056591640875
230 10.1907307271941
231 9.78533100798894
232 9.38947048206427
233 9.00314559866421
234 8.62633991118532
235 8.2590289703288
236 7.90118449255356
237 7.55277552666216
238 7.21376786486033
239 6.88412076956485
240 6.563780670274
241 6.25267815942203
242 5.95072997644973
243 5.65784148695732
244 5.37390961736554
245 5.0988265054029
246 4.83248370721658
247 4.57477407387078
248 4.32559163492916
249 4.08483339308364
250 3.85239919882797
251 3.62819129184406
252 3.41211373752189
253 3.20407026620016
254 3.00396240428492
255 2.81168803259951
256 2.62714061063909
257 2.4502082988259
258 2.28076930008347
259 2.11869822379744
260 1.96387215521684
261 1.81616602209084
262 1.67545144448317
263 1.5415969306963
264 1.41446741249704
265 1.29391730533815
266 1.17980337035389
267 1.07198284365709
268 0.970304975463545
269 0.874613291300632
270 0.784760793144271
271 0.700605466084926
272 0.622008788220475
273 0.548833486798379
274 0.480943536074932
275 0.41820269666658
276 0.360474763938311
277 0.307625117753242
278 0.259520348554056
279 0.216026528875392
280 0.177007364892228
281 0.14232461261966
282 0.111837393723941
283 0.0854008972253784
284 0.0628638437422959
285 0.0440665011170674
286 0.0288428659929351
287 0.0170244254602676
288 0.00844094100345986
289 0.00292042844012819
290 0.000288694355417729
