B,46.646 #基圆半径
G,0 #测杆滚轮半径 如果是平面随动件则可以近似设置为10倍基圆半径的滚子

A,0,359.5,0.5 #角度范围及角度步距
2.3876
2.3879
2.3885
2.3895
2.3911
2.3935
2.3963
2.3996
2.4035
2.4076
2.4127
2.4182
2.4245
2.4313
2.4382
2.4454
2.4532
2.4613
2.4693
2.4772
2.4858
2.4944
2.5032
2.5125
2.5221
2.5319
2.5418
2.5518
2.5622
2.5728
2.5835
2.5942
2.6051
2.6157
2.6263
2.6367
2.6469
2.657
2.6672
2.6773
2.6871
2.6969
2.7065
2.716
2.7256
2.7348
2.7439
2.7531
2.762
2.7708
2.779
2.7867
2.7942
2.8017
2.8088
2.8153
2.8211
2.8267
2.8321
2.8368
2.8412
2.8457
2.8493
2.8523
2.8551
2.8574
2.8594
2.8612
2.8628
2.8638
2.8643
2.8644
2.8643
2.8637
2.8625
2.8611
2.8593
2.8572
2.8546
2.8516
2.8483
2.8445
2.8404
2.8358
2.831
2.8258
2.8201
2.8142
2.8078
2.8008
2.7935
2.7857
2.7775
2.7691
2.7601
2.7511
2.7418
2.7319
2.7219
2.7116
2.7011
2.6904
2.6798
2.6691
2.6583
2.6471
2.6361
2.6251
2.6145
2.6041
2.5936
2.5834
2.5732
2.5625
2.5516
2.5417
2.5327
2.5226
2.5137
2.5054
2.4959
2.4873
2.4798
2.4719
2.4647
2.4576
2.4512
2.4454
2.4401
2.435
2.43
2.4257
2.4217
2.4183
2.4158
2.4132
2.4108
2.409
2.408
2.4072
2.4075
2.4086
2.4104
2.4133
2.4175
2.4221
2.427
2.433
2.4397
2.4472
2.4553
2.4645
2.475
2.4863
2.4986
2.5115
2.5249
2.5397
2.5561
2.5728
2.5912
2.6118
2.6312
2.6524
2.6757
2.6996
2.7249
2.7514
2.7793
2.8082
2.8384
2.8699
2.9019
2.9355
2.9705
3.0063
3.0441
3.083
3.1228
3.1643
3.208
3.2531
3.299
3.3469
3.3963
3.4468
3.4992
3.5527
3.6075
3.6639
3.7217
3.781
3.8419
3.9044
3.9692
4.0359
4.104
4.1737
4.245
4.3184
4.3939
4.471
4.5495
4.6301
4.7126
4.7965
4.8824
4.9703
5.06
5.1513
5.2446
5.34
5.4372
5.5367
5.6379
5.741
5.8461
5.9532
6.0629
6.1741
6.2876
6.4031
6.5208
6.6407
6.7625
6.8863
7.0126
7.1406
7.2707
7.4029
7.5372
7.6733
7.8121
7.953
8.0961
8.2416
8.3893
8.539
8.6916
8.8468
9.0034
9.1624
9.3241
9.4883
9.6548
9.8236
9.9955
10.1693
10.3452
10.5239
10.7048
10.8882
11.0738
11.2615
11.4519
11.6445
11.839
12.0362
12.2356
12.4372
12.6415
12.8481
13.0565
13.2677
13.4816
13.697
13.9148
14.1358
14.3593
14.5851
14.8131
15.0434
15.276
15.5109
15.7488
15.9889
16.2304
16.4743
16.7211
16.9697
17.2191
17.4716
17.7264
17.9816
18.2392
18.4996
18.7625
19.0268
19.2927
19.5607
19.831
20.1031
20.3772
20.6531
20.9307
21.2099
21.4907
21.7734
22.0577
22.344
22.6317
22.9215
23.2126
23.5044
23.7974
24.0909
24.3863
24.6826
24.9796
25.2786
25.5786
25.8793
26.1809
26.4824
26.7847
27.0878
27.3907
27.6939
27.9977
28.3015
28.6055
28.9094
29.2143
29.5203
29.8259
30.1323
30.4395
30.7468
31.0532
31.3591
31.6664
31.9738
32.2799
32.5862
32.8917
33.1967
33.5009
33.804
34.1069
34.4093
34.7111
35.0124
35.3129
35.6128
35.9116
36.2091
36.5051
36.8001
37.094
37.386
37.6759
37.9641
38.2511
38.5367
38.8203
39.1026
39.3834
39.662
39.9392
40.2149
40.4876
40.7582
41.0268
41.2932
41.5574
41.8195
42.0793
42.3364
42.5911
42.8436
43.0939
43.3423
43.5882
43.8313
44.0718
44.3095
44.5441
44.7762
45.0057
45.232
45.4549
45.6747
45.8914
46.105
46.3157
46.5233
46.7275
46.9287
47.1261
47.3201
47.5104
47.697
47.88
48.0591
48.2341
48.4053
48.5725
48.7354
48.8941
49.0493
49.2002
49.347
49.4897
49.6285
49.7635
49.8942
50.021
50.144
50.2632
50.3784
50.4894
50.5963
50.6991
50.798
50.8927
50.9834
51.0697
51.1517
51.2291
51.3021
51.371
51.4355
51.4956
51.5514
51.6031
51.6501
51.6924
51.7299
51.7623
51.7897
51.8117
51.8283
51.8397
51.8461
51.8473
51.8437
51.8356
51.8227
51.8049
51.7822
51.7548
51.7222
51.6852
51.6433
51.5967
51.545
51.488
51.4261
51.3592
51.2872
51.2099
51.1277
51.041
50.9486
50.851
50.7482
50.6408
50.5284
50.4108
50.2884
50.1607
50.0278
49.8898
49.7468
49.5994
49.4474
49.2905
49.1286
48.9615
48.7897
48.6136
48.4327
48.2467
48.0563
47.8612
47.6616
47.4572
47.249
47.0365
46.8194
46.5982
46.3727
46.1427
45.9083
45.6706
45.429
45.1831
44.934
44.682
44.425
44.164
43.9001
43.6338
43.3637
43.09
42.8133
42.5337
42.2513
41.9662
41.6779
41.3872
41.0943
40.7975
40.4983
40.1977
39.8954
39.5896
39.2823
38.9729
38.6623
38.3494
38.0358
37.7198
37.4017
37.083
36.7612
36.4392
36.117
35.7918
35.4668
35.1396
34.8113
34.4839
34.1566
33.8281
33.5008
33.1729
32.8431
32.5139
32.1858
31.8547
31.5243
31.1976
30.8696
30.5422
30.2144
29.8876
29.5616
29.2333
28.9084
28.5846
28.2621
27.9416
27.6198
27.2996
26.9785
26.6608
26.3448
26.0298
25.7169
25.4009
25.0908
24.7822
24.4749
24.1674
23.8625
23.5611
23.2585
22.9618
22.6636
22.3672
22.0753
21.7842
21.4936
21.2061
20.9229
20.6395
20.3573
20.0789
19.8029
19.5287
19.2562
18.9874
18.719
18.4547
18.191
17.9299
17.6735
17.4184
17.1639
16.9134
16.6664
16.4196
16.1737
15.9321
15.6944
15.4569
15.2227
14.9915
14.7621
14.5351
14.3106
14.0889
13.8681
13.6509
13.4347
13.2216
13.0129
12.806
12.6008
12.3976
12.1981
12.0003
11.8044
11.6119
11.4216
11.2328
11.0475
10.8649
10.6849
10.5069
10.3311
10.1575
9.9863
9.8174
9.6504
9.4858
9.324
9.164
9.0071
8.852
8.6986
8.5474
8.3986
8.2525
8.1082
7.966
7.8264
7.6883
7.5532
7.4204
7.2887
7.1609
7.0339
6.9082
6.7855
6.6652
6.5471
6.4303
6.3155
6.2028
6.092
5.9829
5.8758
5.7706
5.6675
5.5663
5.4667
5.3689
5.273
5.1789
5.0864
4.9957
4.9071
4.8201
4.7348
4.6511
4.5692
4.4896
4.4119
4.3353
4.2604
4.1874
4.1164
4.0469
3.9788
3.9125
3.848
3.7851
3.7238
3.6642
3.6064
3.5499
3.4954
3.4425
3.3911
3.3415
3.2934
3.2467
3.201
3.1566
3.1141
3.073
3.0329
2.9944
2.9576
2.9223
2.8886
2.8561
2.8245
2.7942
2.7651
2.7373
2.7108
2.6854
2.6613
2.6382
2.6164
2.5955
2.5757
2.5572
2.5398
2.5234
2.5079
2.4932
2.48
2.4679
2.4564
2.4458
2.4363
2.4277
2.4199
2.4131
2.407
2.4019
2.3975
2.3937
2.3909
2.3892
2.388