0.0000 0.0000
0.5000 0.0003
1.0000 0.0009
1.5000 0.0019
2.0000 0.0035
2.5000 0.0059
3.0000 0.0087
3.5000 0.0120
4.0000 0.0159
4.5000 0.0200
5.0000 0.0251
5.5000 0.0306
6.0000 0.0369
6.5000 0.0437
7.0000 0.0506
7.5000 0.0578
8.0000 0.0656
8.5000 0.0737
9.0000 0.0817
9.5000 0.0896
10.0000 0.0982
10.5000 0.1068
11.0000 0.1156
11.5000 0.1249
12.0000 0.1345
12.5000 0.1443
13.0000 0.1542
13.5000 0.1642
14.0000 0.1746
14.5000 0.1852
15.0000 0.1959
15.5000 0.2066
16.0000 0.2175
16.5000 0.2281
17.0000 0.2387
17.5000 0.2491
18.0000 0.2593
18.5000 0.2694
19.0000 0.2796
19.5000 0.2897
20.0000 0.2995
20.5000 0.3093
21.0000 0.3189
21.5000 0.3284
22.0000 0.3380
22.5000 0.3472
23.0000 0.3563
23.5000 0.3655
24.0000 0.3744
24.5000 0.3832
25.0000 0.3914
25.5000 0.3991
26.0000 0.4066
26.5000 0.4141
27.0000 0.4212
27.5000 0.4277
28.0000 0.4335
28.5000 0.4391
29.0000 0.4445
29.5000 0.4492
30.0000 0.4536
30.5000 0.4581
31.0000 0.4617
31.5000 0.4647
32.0000 0.4675
32.5000 0.4698
33.0000 0.4718
33.5000 0.4736
34.0000 0.4752
34.5000 0.4762
35.0000 0.4767
35.5000 0.4768
36.0000 0.4767
36.5000 0.4761
37.0000 0.4749
37.5000 0.4735
38.0000 0.4717
38.5000 0.4696
39.0000 0.4670
39.5000 0.4640
40.0000 0.4607
40.5000 0.4569
41.0000 0.4528
41.5000 0.4482
42.0000 0.4434
42.5000 0.4382
43.0000 0.4325
43.5000 0.4266
44.0000 0.4202
44.5000 0.4132
45.0000 0.4059
45.5000 0.3981
46.0000 0.3899
46.5000 0.3815
47.0000 0.3725
47.5000 0.3635
48.0000 0.3542
48.5000 0.3443
49.0000 0.3343
49.5000 0.3240
50.0000 0.3135
50.5000 0.3028
51.0000 0.2922
51.5000 0.2815
52.0000 0.2707
52.5000 0.2595
53.0000 0.2485
53.5000 0.2375
54.0000 0.2269
54.5000 0.2165
55.0000 0.2060
55.5000 0.1958
56.0000 0.1856
56.5000 0.1749
57.0000 0.1640
57.5000 0.1541
58.0000 0.1451
58.5000 0.1350
59.0000 0.1261
59.5000 0.1178
60.0000 0.1083
60.5000 0.0997
61.0000 0.0922
61.5000 0.0843
62.0000 0.0771
62.5000 0.0700
63.0000 0.0636
63.5000 0.0578
64.0000 0.0525
64.5000 0.0474
65.0000 0.0424
65.5000 0.0381
66.0000 0.0341
66.5000 0.0307
67.0000 0.0282
67.5000 0.0256
68.0000 0.0232
68.5000 0.0214
69.0000 0.0204
69.5000 0.0196
70.0000 0.0199
70.5000 0.0210
71.0000 0.0228
71.5000 0.0257
72.0000 0.0299
72.5000 0.0345
73.0000 0.0394
73.5000 0.0454
74.0000 0.0521
74.5000 0.0596
75.0000 0.0677
75.5000 0.0769
76.0000 0.0874
76.5000 0.0987
77.0000 0.1110
77.5000 0.1239
78.0000 0.1373
78.5000 0.1521
79.0000 0.1685
79.5000 0.1852
80.0000 0.2036
80.5000 0.2242
81.0000 0.2436
81.5000 0.2648
82.0000 0.2881
82.5000 0.3120
83.0000 0.3373
83.5000 0.3638
84.0000 0.3917
84.5000 0.4206
85.0000 0.4508
85.5000 0.4823
86.0000 0.5143
86.5000 0.5479
87.0000 0.5829
87.5000 0.6187
88.0000 0.6565
88.5000 0.6954
89.0000 0.7352
89.5000 0.7767
90.0000 0.8204
90.5000 0.8655
91.0000 0.9114
91.5000 0.9593
92.0000 1.0087
92.5000 1.0592
93.0000 1.1116
93.5000 1.1651
94.0000 1.2199
94.5000 1.2763
95.0000 1.3341
95.5000 1.3934
96.0000 1.4543
96.5000 1.5168
97.0000 1.5816
97.5000 1.6483
98.0000 1.7164
98.5000 1.7861
99.0000 1.8574
99.5000 1.9308
100.0000 2.0063
100.5000 2.0834
101.0000 2.1619
101.5000 2.2425
102.0000 2.3250
102.5000 2.4089
103.0000 2.4948
103.5000 2.5827
104.0000 2.6724
104.5000 2.7637
105.0000 2.8570
105.5000 2.9524
106.0000 3.0496
106.5000 3.1491
107.0000 3.2503
107.5000 3.3534
108.0000 3.4585
108.5000 3.5656
109.0000 3.6753
109.5000 3.7865
110.0000 3.9000
110.5000 4.0155
111.0000 4.1332
111.5000 4.2531
112.0000 4.3749
112.5000 4.4987
113.0000 4.6250
113.5000 4.7530
114.0000 4.8831
114.5000 5.0153
115.0000 5.1496
115.5000 5.2857
116.0000 5.4245
116.5000 5.5654
117.0000 5.7085
117.5000 5.8540
118.0000 6.0017
118.5000 6.1514
119.0000 6.3040
119.5000 6.4592
120.0000 6.6158
120.5000 6.7748
121.0000 6.9365
121.5000 7.1007
122.0000 7.2672
122.5000 7.4360
123.0000 7.6079
123.5000 7.7817
124.0000 7.9576
124.5000 8.1363
125.0000 8.3172
125.5000 8.5006
126.0000 8.6862
126.5000 8.8739
127.0000 9.0643
127.5000 9.2569
128.0000 9.4514
128.5000 9.6486
129.0000 9.8480
129.5000 10.0496
130.0000 10.2539
130.5000 10.4605
131.0000 10.6689
131.5000 10.8801
132.0000 11.0940
132.5000 11.3094
133.0000 11.5272
133.5000 11.7482
134.0000 11.9717
134.5000 12.1975
135.0000 12.4255
135.5000 12.6558
136.0000 12.8884
136.5000 13.1233
137.0000 13.3612
137.5000 13.6013
138.0000 13.8428
138.5000 14.0867
139.0000 14.3335
139.5000 14.5821
140.0000 14.8315
140.5000 15.0840
141.0000 15.3388
141.5000 15.5940
142.0000 15.8516
142.5000 16.1120
143.0000 16.3749
143.5000 16.6392
144.0000 16.9051
144.5000 17.1731
145.0000 17.4434
145.5000 17.7155
146.0000 17.9896
146.5000 18.2655
147.0000 18.5431
147.5000 18.8223
148.0000 19.1031
148.5000 19.3858
149.0000 19.6701
149.5000 19.9564
150.0000 20.2441
150.5000 20.5339
151.0000 20.8250
151.5000 21.1168
152.0000 21.4098
152.5000 21.7033
153.0000 21.9987
153.5000 22.2950
154.0000 22.5920
154.5000 22.8910
155.0000 23.1910
155.5000 23.4917
156.0000 23.7933
156.5000 24.0948
157.0000 24.3971
157.5000 24.7002
158.0000 25.0031
158.5000 25.3063
159.0000 25.6101
159.5000 25.9139
160.0000 26.2179
160.5000 26.5218
161.0000 26.8267
161.5000 27.1327
162.0000 27.4383
162.5000 27.7447
163.0000 28.0519
163.5000 28.3592
164.0000 28.6656
164.5000 28.9715
165.0000 29.2788
165.5000 29.5862
166.0000 29.8923
166.5000 30.1986
167.0000 30.5041
167.5000 30.8091
168.0000 31.1133
168.5000 31.4164
169.0000 31.7193
169.5000 32.0217
170.0000 32.3235
170.5000 32.6248
171.0000 32.9253
171.5000 33.2252
172.0000 33.5240
172.5000 33.8215
173.0000 34.1175
173.5000 34.4125
174.0000 34.7064
174.5000 34.9984
175.0000 35.2883
175.5000 35.5765
176.0000 35.8635
176.5000 36.1491
177.0000 36.4327
177.5000 36.7150
178.0000 36.9958
178.5000 37.2744
179.0000 37.5516
179.5000 37.8273
180.0000 38.1000
180.5000 38.3706
181.0000 38.6392
181.5000 38.9056
182.0000 39.1698
182.5000 39.4319
183.0000 39.6917
183.5000 39.9488
184.0000 40.2035
184.5000 40.4560
185.0000 40.7063
185.5000 40.9547
186.0000 41.2006
186.5000 41.4437
187.0000 41.6842
187.5000 41.9219
188.0000 42.1565
188.5000 42.3886
189.0000 42.6181
189.5000 42.8444
190.0000 43.0673
190.5000 43.2871
191.0000 43.5038
191.5000 43.7174
192.0000 43.9281
192.5000 44.1357
193.0000 44.3399
193.5000 44.5411
194.0000 44.7385
194.5000 44.9325
195.0000 45.1228
195.5000 45.3094
196.0000 45.4924
196.5000 45.6715
197.0000 45.8465
197.5000 46.0177
198.0000 46.1849
198.5000 46.3478
199.0000 46.5065
199.5000 46.6617
200.0000 46.8126
200.5000 46.9594
201.0000 47.1021
201.5000 47.2409
202.0000 47.3759
202.5000 47.5066
203.0000 47.6334
203.5000 47.7564
204.0000 47.8756
204.5000 47.9908
205.0000 48.1018
205.5000 48.2087
206.0000 48.3115
206.5000 48.4104
207.0000 48.5051
207.5000 48.5958
208.0000 48.6821
208.5000 48.7641
209.0000 48.8415
209.5000 48.9145
210.0000 48.9834
210.5000 49.0479
211.0000 49.1080
211.5000 49.1638
212.0000 49.2155
212.5000 49.2625
213.0000 49.3048
213.5000 49.3423
214.0000 49.3747
214.5000 49.4021
215.0000 49.4241
215.5000 49.4407
216.0000 49.4521
216.5000 49.4585
217.0000 49.4597
217.5000 49.4561
218.0000 49.4480
218.5000 49.4351
219.0000 49.4173
219.5000 49.3946
220.0000 49.3672
220.5000 49.3346
221.0000 49.2976
221.5000 49.2557
222.0000 49.2091
222.5000 49.1574
223.0000 49.1004
223.5000 49.0385
224.0000 48.9716
224.5000 48.8996
225.0000 48.8223
225.5000 48.7401
226.0000 48.6534
226.5000 48.5610
227.0000 48.4634
227.5000 48.3606
228.0000 48.2532
228.5000 48.1408
229.0000 48.0232
229.5000 47.9008
230.0000 47.7731
230.5000 47.6402
231.0000 47.5022
231.5000 47.3592
232.0000 47.2118
232.5000 47.0598
233.0000 46.9029
233.5000 46.7410
234.0000 46.5739
234.5000 46.4021
235.0000 46.2260
235.5000 46.0451
236.0000 45.8591
236.5000 45.6687
237.0000 45.4736
237.5000 45.2740
238.0000 45.0696
238.5000 44.8614
239.0000 44.6489
239.5000 44.4318
240.0000 44.2106
240.5000 43.9851
241.0000 43.7551
241.5000 43.5207
242.0000 43.2830
242.5000 43.0414
243.0000 42.7955
243.5000 42.5464
244.0000 42.2944
244.5000 42.0374
245.0000 41.7764
245.5000 41.5125
246.0000 41.2462
246.5000 40.9761
247.0000 40.7024
247.5000 40.4257
248.0000 40.1461
248.5000 39.8637
249.0000 39.5786
249.5000 39.2903
250.0000 38.9996
250.5000 38.7067
251.0000 38.4099
251.5000 38.1107
252.0000 37.8101
252.5000 37.5078
253.0000 37.2020
253.5000 36.8947
254.0000 36.5853
254.5000 36.2747
255.0000 35.9618
255.5000 35.6482
256.0000 35.3322
256.5000 35.0141
257.0000 34.6954
257.5000 34.3736
258.0000 34.0516
258.5000 33.7294
259.0000 33.4042
259.5000 33.0792
260.0000 32.7520
260.5000 32.4237
261.0000 32.0963
261.5000 31.7690
262.0000 31.4405
262.5000 31.1132
263.0000 30.7853
263.5000 30.4555
264.0000 30.1263
264.5000 29.7982
265.0000 29.4671
265.5000 29.1367
266.0000 28.8100
266.5000 28.4820
267.0000 28.1546
267.5000 27.8268
268.0000 27.5000
268.5000 27.1740
269.0000 26.8457
269.5000 26.5208
270.0000 26.1970
270.5000 25.8745
271.0000 25.5540
271.5000 25.2322
272.0000 24.9120
272.5000 24.5909
273.0000 24.2732
273.5000 23.9572
274.0000 23.6422
274.5000 23.3293
275.0000 23.0133
275.5000 22.7032
276.0000 22.3946
276.5000 22.0873
277.0000 21.7798
277.5000 21.4749
278.0000 21.1735
278.5000 20.8709
279.0000 20.5742
279.5000 20.2760
280.0000 19.9796
280.5000 19.6877
281.0000 19.3966
281.5000 19.1060
282.0000 18.8185
282.5000 18.5353
283.0000 18.2519
283.5000 17.9697
284.0000 17.6913
284.5000 17.4153
285.0000 17.1411
285.5000 16.8686
286.0000 16.5998
286.5000 16.3314
287.0000 16.0671
287.5000 15.8034
288.0000 15.5423
288.5000 15.2859
289.0000 15.0308
289.5000 14.7763
290.0000 14.5258
290.5000 14.2788
291.0000 14.0320
291.5000 13.7861
292.0000 13.5445
292.5000 13.3068
293.0000 13.0693
293.5000 12.8351
294.0000 12.6039
294.5000 12.3745
295.0000 12.1475
295.5000 11.9230
296.0000 11.7013
296.5000 11.4805
297.0000 11.2633
297.5000 11.0471
298.0000 10.8340
298.5000 10.6253
299.0000 10.4184
299.5000 10.2132
300.0000 10.0100
300.5000 9.8105
301.0000 9.6127
301.5000 9.4168
302.0000 9.2243
302.5000 9.0340
303.0000 8.8452
303.5000 8.6599
304.0000 8.4773
304.5000 8.2973
305.0000 8.1193
305.5000 7.9435
306.0000 7.7699
306.5000 7.5987
307.0000 7.4298
307.5000 7.2628
308.0000 7.0982
308.5000 6.9364
309.0000 6.7764
309.5000 6.6195
310.0000 6.4644
310.5000 6.3110
311.0000 6.1598
311.5000 6.0110
312.0000 5.8649
312.5000 5.7206
313.0000 5.5784
313.5000 5.4388
314.0000 5.3007
314.5000 5.1656
315.0000 5.0328
315.5000 4.9011
316.0000 4.7733
316.5000 4.6463
317.0000 4.5206
317.5000 4.3979
318.0000 4.2776
318.5000 4.1595
319.0000 4.0427
319.5000 3.9279
320.0000 3.8152
320.5000 3.7044
321.0000 3.5953
321.5000 3.4882
322.0000 3.3830
322.5000 3.2799
323.0000 3.1787
323.5000 3.0791
324.0000 2.9813
324.5000 2.8854
325.0000 2.7913
325.5000 2.6988
326.0000 2.6081
326.5000 2.5195
327.0000 2.4325
327.5000 2.3472
328.0000 2.2635
328.5000 2.1816
329.0000 2.1020
329.5000 2.0243
330.0000 1.9477
330.5000 1.8728
331.0000 1.7998
331.5000 1.7288
332.0000 1.6593
332.5000 1.5912
333.0000 1.5249
333.5000 1.4604
334.0000 1.3975
334.5000 1.3362
335.0000 1.2766
335.5000 1.2188
336.0000 1.1623
336.5000 1.1078
337.0000 1.0549
337.5000 1.0035
338.0000 0.9539
338.5000 0.9058
339.0000 0.8591
339.5000 0.8134
340.0000 0.7690
340.5000 0.7265
341.0000 0.6854
341.5000 0.6453
342.0000 0.6068
342.5000 0.5700
343.0000 0.5347
343.5000 0.5010
344.0000 0.4685
344.5000 0.4369
345.0000 0.4066
345.5000 0.3775
346.0000 0.3497
346.5000 0.3232
347.0000 0.2978
347.5000 0.2737
348.0000 0.2506
348.5000 0.2288
349.0000 0.2079
349.5000 0.1881
350.0000 0.1696
350.5000 0.1522
351.0000 0.1358
351.5000 0.1203
352.0000 0.1056
352.5000 0.0924
353.0000 0.0803
353.5000 0.0688
354.0000 0.0582
354.5000 0.0487
355.0000 0.0401
355.5000 0.0323
356.0000 0.0255
356.5000 0.0194
357.0000 0.0143
357.5000 0.0099
358.0000 0.0061
358.5000 0.0033
359.0000 0.0016
359.5000 0.0004
