B,19 #基圆半径
G,0 #测杆滚轮半径

A,0,84,1 #角度范围及角度步距
10.2
10.1966001
10.18640098
10.1694044
10.14561328
10.11503172
10.07766497
10.03351949
9.98260286
9.92492387
9.86049246
9.78931974
9.71141799
9.62680068
9.53548241
9.437479
9.3328074
9.22148575
9.10353334
8.97897068
8.84781941
8.71010239
8.56584366
8.41506851
8.25780351
8.09407658
7.92391712
7.74735623
7.56442698
7.37516491
7.17960867
6.97780105
6.76979035
6.55563234
6.33539295
6.1091519
5.87700751
5.63908294
5.39553431
5.14656078
4.89241714
4.63342911
4.37001141
4.10268892
3.83212053
3.55912533
3.28471016
3.0100972
2.7367493
2.46639022
2.20101586
1.94289163
1.6945301
1.45864234
1.23805576
1.03559178
0.85389793
0.69523221
0.56120353
0.45248172
0.36850586
0.30724208
0.26507477
0.23696127
0.21704385
0.2
0.1832
0.1664
0.1496
0.1328
0.11600241
0.09925063
0.08270222
0.06665711
0.05153542
0.0378195
0.025975
0.01636526
0.00917368
0.00434863
0.00158531
0.0003592
0.00002564
0
0

A,85,275,1
0.0

A,276,359,1
0
0
0.00002564
0.0003592
0.00158531
0.00434863
0.00917368
0.01636526
0.025975
0.0378195
0.05153542
0.06665711
0.08270222
0.09925063
0.11600241
0.1328
0.1496
0.1664
0.1832
0.2
0.21704385
0.23696127
0.26507477
0.30724208
0.36850586
0.45248172
0.56120353
0.69523221
0.85389793
1.03559178
1.23805576
1.45864234
1.6945301
1.94289163
2.20101586
2.46639022
2.7367493
3.0100972
3.28471016
3.55912533
3.83212053
4.10268892
4.37001141
4.63342911
4.89241714
5.14656078
5.39553431
5.63908294
5.87700751
6.1091519
6.33539295
6.55563234
6.76979035
6.97780105
7.17960867
7.37516491
7.56442698
7.74735623
7.92391712
8.09407658
8.25780351
8.41506851
8.56584366
8.71010239
8.84781941
8.97897068
9.10353334
9.22148575
9.3328074
9.437479
9.53548241
9.62680068
9.71141799
9.78931974
9.86049246
9.92492387
9.98260286
10.03351949
10.07766497
10.11503172
10.14561328
10.1694044
10.18640098
10.1966001

