0.3600 0.0000
0.7200 0.0000
1.0800 0.0000
1.4400 0.0000
1.8000 0.0000
2.1600 0.0000
2.5200 0.0000
2.8800 0.0000
3.2400 0.0000
3.6000 0.0000
3.9600 0.0000
4.3200 0.0000
4.6800 0.0000
5.0400 0.0000
5.4000 0.0000
5.7600 0.0000
6.1200 0.0000
6.4800 0.0000
6.8400 0.0000
7.2000 0.0000
7.5600 0.0000
7.9200 0.0000
8.2800 0.0000
8.6400 0.0000
9.0000 0.0000
9.3600 0.0000
9.7200 0.0000
10.0800 0.0000
10.4400 0.0000
10.8000 0.0000
11.1600 0.0000
11.5200 0.0000
11.8800 0.0000
12.2400 0.0000
12.6000 0.0000
12.9600 0.0000
13.3200 0.0000
13.6800 0.0000
14.0400 0.0000
14.4000 0.0000
14.7600 0.0000
15.1200 0.0000
15.4800 0.0000
15.8400 0.0000
16.2000 0.0000
16.5600 0.0000
16.9200 0.0000
17.2800 0.0000
17.6400 0.0000
18.0000 0.0000
18.3600 0.0000
18.7200 0.0000
19.0800 0.0000
19.4400 0.0000
19.8000 0.0000
20.1600 0.0000
20.5200 0.0000
20.8800 0.0000
21.2400 0.0000
21.6000 0.0000
21.9600 0.0000
22.3200 0.0000
22.6800 0.0000
23.0400 0.0000
23.4000 0.0000
23.7600 0.0000
24.1200 0.0000
24.4800 0.0000
24.8400 0.0000
25.2000 0.0000
25.5600 0.0000
25.9200 0.0000
26.2800 0.0000
26.6400 0.0000
27.0000 0.0000
27.3600 0.0000
27.7200 0.0000
28.0800 0.0000
28.4400 0.0000
28.8000 0.0000
29.1600 0.0000
29.5200 0.0000
29.8800 0.0000
30.2400 0.0000
30.6000 0.0000
30.9600 0.0000
31.3200 0.0000
31.6800 0.0000
32.0400 0.0000
32.4000 0.0000
32.7600 0.0000
33.1200 0.0000
33.4800 0.0000
33.8400 0.0000
34.2000 0.0000
34.5600 0.0000
34.9200 0.0000
35.2800 0.0000
35.6400 0.0000
36.0000 0.0000
36.3600 0.0000
36.7200 0.0000
37.0800 0.0000
37.4400 0.0000
37.8000 0.0000
38.1600 0.0000
38.5200 0.0000
38.8800 0.0000
39.2400 0.0000
39.6000 0.0000
39.9600 0.0000
40.3200 0.0000
40.6800 0.0000
41.0400 0.0000
41.4000 0.0000
41.7600 0.0000
42.1200 0.0000
42.4800 0.0000
42.8400 0.0000
43.2000 0.0000
43.5600 0.0000
43.9200 0.0000
44.2800 0.0000
44.6400 0.0000
45.0000 0.0000
45.3600 0.0000
45.7200 0.0000
46.0800 0.0000
46.4400 0.0000
46.8000 0.0000
47.1600 0.0000
47.5200 0.0000
47.8800 0.0000
48.2400 0.0000
48.6000 0.0000
48.9600 0.0000
49.3200 0.0000
49.6800 0.0000
50.0400 0.0000
50.4000 0.0000
50.7600 0.0000
51.1200 0.0000
51.4800 0.0000
51.8400 0.0000
52.2000 0.0000
52.5600 0.0000
52.9200 0.0000
53.2800 0.0000
53.6400 0.0000
54.0000 0.0000
54.3600 0.0000
54.7200 0.0000
55.0800 0.0000
55.4400 0.0000
55.8000 0.0000
56.1600 0.0000
56.5200 0.0000
56.8800 0.0000
57.2400 0.0000
57.6000 0.0000
57.9600 0.0000
58.3200 0.0000
58.6800 0.0000
59.0400 0.0000
59.4000 0.0000
59.7600 0.0000
60.1200 0.0000
60.4800 0.0000
60.8400 0.0000
61.2000 0.0000
61.5600 0.0000
61.9200 0.0000
62.2800 0.0000
62.6400 0.0000
63.0000 0.0000
63.3600 0.0000
63.7200 0.0000
64.0800 0.0000
64.4400 0.0000
64.8000 0.0000
65.1600 0.0000
65.5200 0.0000
65.8800 0.0000
66.2400 0.0000
66.6000 0.0000
66.9600 0.0000
67.3200 0.0000
67.6800 0.0000
68.0400 0.0000
68.4000 0.0000
68.7600 0.0000
69.1200 0.0000
69.4800 0.0000
69.8400 0.0000
70.2000 0.0000
70.5600 0.0000
70.9200 0.0000
71.2800 0.0000
71.6400 0.0000
72.0000 0.0000
72.3600 0.0000
72.7200 0.0000
73.0800 0.0000
73.4400 0.0000
73.8000 0.0000
74.1600 0.0000
74.5200 0.0000
74.8800 0.0000
75.2400 0.0000
75.6000 0.0000
75.9600 0.0000
76.3200 0.0000
76.6800 0.0000
77.0400 0.0000
77.4000 0.0000
77.7600 0.0000
78.1200 0.0000
78.4800 0.0000
78.8400 0.0000
79.2000 0.0000
79.5600 0.0000
79.9200 0.0000
80.2800 0.0000
80.6400 0.0000
81.0000 0.0000
81.3600 0.0000
81.7200 0.0000
82.0800 0.0000
82.4400 0.0000
82.8000 0.0000
83.1600 0.0000
83.5200 0.0000
83.8800 0.0000
84.2400 0.0000
84.6000 0.0000
84.9600 0.0000
85.3200 0.0000
85.6800 0.0000
86.0400 0.0000
86.4000 0.0000
86.7600 0.0000
87.1200 0.0000
87.4800 0.0000
87.8400 0.0000
88.2000 0.0000
88.5600 0.0000
88.9200 0.0000
89.2800 0.0000
89.6400 0.0000
90.0000 0.0000
90.3600 0.0000
90.7200 0.0000
91.0800 0.0000
91.4400 0.0000
91.8000 0.0000
92.1600 0.0000
92.5200 0.0000
92.8800 0.0000
93.2400 0.0000
93.6000 0.0000
93.9600 0.0000
94.3200 0.0000
94.6800 0.0000
95.0399 0.0000
95.3999 0.0000
95.7601 0.0000
96.1203 0.0000
96.4801 0.0000
96.8394 0.0000
97.1998 0.0000
97.5643 0.0000
97.9346 0.0000
98.3134 0.0001
98.7041 0.0002
99.1080 0.0004
99.5253 0.0007
99.9564 0.0013
100.4007 0.0021
100.8571 0.0031
101.3246 0.0045
101.8020 0.0063
102.2871 0.0084
102.7785 0.0110
103.2742 0.0141
103.7720 0.0176
104.2703 0.0215
104.7674 0.0258
105.2610 0.0306
105.7501 0.0357
106.2331 0.0411
106.7086 0.0469
107.1758 0.0528
107.6339 0.0589
108.0821 0.0652
108.5204 0.0716
108.9486 0.0780
109.3667 0.0845
109.7752 0.0909
110.1748 0.0973
110.5657 0.1037
110.9491 0.1100
111.3262 0.1162
111.6975 0.1224
112.0645 0.1286
112.4284 0.1347
112.7896 0.1408
113.1496 0.1468
113.5090 0.1529
113.8681 0.1589
114.2272 0.1650
114.5864 0.1710
114.9456 0.1770
115.3043 0.1831
115.6629 0.1891
116.0221 0.1951
116.3829 0.2012
116.7437 0.2073
117.1012 0.2133
117.4537 0.2192
117.8167 0.2253
118.2177 0.2321
118.6725 0.2400
119.2042 0.2496
119.8432 0.2621
120.5990 0.2786
121.4729 0.3003
122.4657 0.3287
123.5736 0.3654
124.7867 0.4121
126.0964 0.4704
127.4925 0.5420
128.9579 0.6280
130.4805 0.7297
132.0468 0.8476
133.6388 0.9820
135.2460 1.1330
136.8546 1.3000
138.4502 1.4821
140.0254 1.6785
141.5693 1.8876
143.0729 2.1077
144.5324 2.3375
145.9407 2.5750
147.2942 2.8182
148.5914 3.0656
149.8294 3.3153
151.0080 3.5656
152.1275 3.8151
153.1878 4.0622
154.1905 4.3058
155.1371 4.5448
156.0291 4.7780
156.8687 5.0048
157.6581 5.2244
158.3995 5.4363
159.0951 5.6401
159.7474 5.8354
160.3586 6.0222
160.9309 6.2002
161.4669 6.3695
161.9682 6.5301
162.4371 6.6822
162.8759 6.8260
163.2861 6.9616
163.6697 7.0893
164.0286 7.2096
164.3641 7.3225
164.6782 7.4285
164.9721 7.5280
165.2473 7.6212
165.5053 7.7086
165.7471 7.7905
165.9740 7.8672
166.1874 7.9391
166.3879 8.0065
166.5768 8.0697
166.7551 8.1290
166.9234 8.1848
167.0828 8.2373
167.2340 8.2868
167.3776 8.3334
167.5144 8.3776
167.6451 8.4194
167.7700 8.4591
167.8901 8.4968
168.0055 8.5329
168.1167 8.5673
168.2245 8.6003
168.3289 8.6320
168.4305 8.6625
168.5296 8.6920
168.6264 8.7205
168.7214 8.7481
168.8147 8.7750
168.9065 8.8012
168.9972 8.8267
169.0869 8.8517
169.1757 8.8762
169.2639 8.9002
169.3516 8.9239
169.4389 8.9471
169.5261 8.9700
169.6130 8.9926
169.6999 9.0149
169.7869 9.0370
169.8740 9.0588
169.9613 9.0804
170.0488 9.1018
170.1366 9.1230
170.2248 9.1440
170.3134 9.1648
170.4024 9.1855
170.4919 9.2060
170.5818 9.2263
170.6722 9.2465
170.7632 9.2665
170.8547 9.2864
170.9468 9.3061
171.0394 9.3257
171.1326 9.3451
171.2264 9.3644
171.3207 9.3835
171.4156 9.4025
171.5112 9.4213
171.6072 9.4399
171.7039 9.4584
171.8012 9.4767
171.8990 9.4949
171.9974 9.5129
172.0964 9.5307
172.1959 9.5483
172.2960 9.5658
172.3966 9.5831
172.4978 9.6001
172.5995 9.6171
172.7018 9.6338
172.8046 9.6503
172.9079 9.6666
173.0117 9.6827
173.1160 9.6987
173.2209 9.7144
173.3262 9.7299
173.4320 9.7452
173.5383 9.7603
173.6451 9.7751
173.7523 9.7898
173.8600 9.8042
173.9681 9.8184
174.0766 9.8324
174.1856 9.8462
174.2950 9.8597
174.4049 9.8730
174.5151 9.8860
174.6257 9.8988
174.7367 9.9114
174.8481 9.9237
174.9599 9.9358
175.0720 9.9477
175.1845 9.9592
175.2973 9.9706
175.4105 9.9817
175.5240 9.9925
175.6379 10.0030
175.7520 10.0134
175.8664 10.0234
175.9812 10.0332
176.0962 10.0427
176.2116 10.0519
176.3272 10.0609
176.4430 10.0696
176.5592 10.0781
176.6755 10.0863
176.7921 10.0942
176.9090 10.1018
177.0260 10.1091
177.1433 10.1162
177.2608 10.1230
177.3785 10.1295
177.4963 10.1357
177.6144 10.1417
177.7326 10.1473
177.8510 10.1527
177.9695 10.1578
178.0882 10.1626
178.2070 10.1671
178.3260 10.1713
178.4450 10.1753
178.5642 10.1789
178.6476 10.2093
178.6835 10.1823
178.8029 10.1854
178.9224 10.1881
179.0419 10.1906
179.1615 10.1928
179.2812 10.1947
179.4009 10.1963
179.5207 10.1977
179.6406 10.1987
179.7605 10.1994
179.8801 10.1999
180.1199 10.1999
180.2395 10.1994
180.3594 10.1987
180.4793 10.1977
180.5991 10.1963
180.7188 10.1947
180.8385 10.1928
180.9581 10.1906
181.0776 10.1881
181.1971 10.1854
181.3165 10.1823
181.3524 10.2093
181.4358 10.1789
181.5550 10.1753
181.6740 10.1713
181.7930 10.1671
181.9118 10.1626
182.0305 10.1578
182.1490 10.1527
182.2674 10.1473
182.3856 10.1417
182.5037 10.1357
182.6215 10.1295
182.7392 10.1230
182.8567 10.1162
182.9740 10.1091
183.0910 10.1018
183.2079 10.0942
183.3245 10.0863
183.4408 10.0781
183.5570 10.0696
183.6728 10.0609
183.7884 10.0519
183.9038 10.0427
184.0188 10.0332
184.1336 10.0234
184.2480 10.0134
184.3621 10.0030
184.4760 9.9925
184.5895 9.9817
184.7027 9.9706
184.8155 9.9592
184.9280 9.9477
185.0401 9.9358
185.1519 9.9237
185.2633 9.9114
185.3743 9.8988
185.4849 9.8860
185.5951 9.8730
185.7050 9.8597
185.8144 9.8462
185.9234 9.8324
186.0319 9.8184
186.1400 9.8042
186.2477 9.7898
186.3549 9.7751
186.4617 9.7603
186.5680 9.7452
186.6738 9.7299
186.7791 9.7144
186.8840 9.6987
186.9883 9.6827
187.0921 9.6666
187.1954 9.6503
187.2982 9.6338
187.4005 9.6171
187.5022 9.6001
187.6034 9.5831
187.7040 9.5658
187.8041 9.5483
187.9036 9.5307
188.0026 9.5129
188.1010 9.4949
188.1988 9.4767
188.2961 9.4584
188.3928 9.4399
188.4888 9.4213
188.5844 9.4025
188.6793 9.3835
188.7736 9.3644
188.8674 9.3451
188.9606 9.3257
189.0532 9.3061
189.1453 9.2864
189.2368 9.2665
189.3278 9.2465
189.4182 9.2263
189.5081 9.2060
189.5976 9.1855
189.6866 9.1648
189.7752 9.1440
189.8634 9.1230
189.9512 9.1018
190.0387 9.0804
190.1260 9.0588
190.2131 9.0370
190.3001 9.0149
190.3870 8.9926
190.4739 8.9700
190.5611 8.9471
190.6484 8.9239
190.7361 8.9002
190.8243 8.8762
190.9131 8.8517
191.0028 8.8267
191.0935 8.8012
191.1853 8.7750
191.2786 8.7481
191.3736 8.7205
191.4704 8.6920
191.5695 8.6625
191.6711 8.6320
191.7755 8.6003
191.8833 8.5673
191.9945 8.5329
192.1099 8.4968
192.2300 8.4591
192.3549 8.4194
192.4856 8.3776
192.6224 8.3334
192.7660 8.2868
192.9172 8.2373
193.0766 8.1848
193.2449 8.1290
193.4232 8.0697
193.6121 8.0065
193.8126 7.9391
194.0260 7.8672
194.2529 7.7905
194.4947 7.7086
194.7527 7.6212
195.0279 7.5280
195.3218 7.4285
195.6359 7.3225
195.9714 7.2096
196.3303 7.0893
196.7139 6.9616
197.1241 6.8260
197.5629 6.6822
198.0318 6.5301
198.5331 6.3695
199.0691 6.2002
199.6414 6.0222
200.2526 5.8354
200.9049 5.6401
201.6005 5.4363
202.3419 5.2244
203.1313 5.0048
203.9709 4.7780
204.8629 4.5448
205.8095 4.3058
206.8122 4.0622
207.8725 3.8151
208.9920 3.5656
210.1706 3.3153
211.4086 3.0656
212.7058 2.8182
214.0593 2.5750
215.4676 2.3375
216.9271 2.1077
218.4307 1.8876
219.9746 1.6785
221.5498 1.4821
223.1454 1.3000
224.7540 1.1330
226.3612 0.9820
227.9532 0.8476
229.5195 0.7297
231.0421 0.6280
232.5075 0.5420
233.9036 0.4704
235.2133 0.4121
236.4264 0.3654
237.5343 0.3287
238.5271 0.3003
239.4010 0.2786
240.1568 0.2621
240.7958 0.2496
241.3275 0.2400
241.7823 0.2321
242.1833 0.2253
242.5463 0.2192
242.8988 0.2133
243.2563 0.2073
243.6171 0.2012
243.9779 0.1951
244.3371 0.1891
244.6957 0.1831
245.0544 0.1770
245.4136 0.1710
245.7728 0.1650
246.1319 0.1589
246.4910 0.1529
246.8504 0.1468
247.2104 0.1408
247.5716 0.1347
247.9355 0.1286
248.3025 0.1224
248.6738 0.1162
249.0509 0.1100
249.4343 0.1037
249.8252 0.0973
250.2248 0.0909
250.6333 0.0845
251.0514 0.0780
251.4796 0.0716
251.9179 0.0652
252.3661 0.0589
252.8242 0.0528
253.2914 0.0469
253.7669 0.0411
254.2499 0.0357
254.7390 0.0306
255.2326 0.0258
255.7297 0.0215
256.2280 0.0176
256.7258 0.0141
257.2215 0.0110
257.7129 0.0084
258.1980 0.0063
258.6754 0.0045
259.1429 0.0031
259.5993 0.0021
260.0436 0.0013
260.4747 0.0007
260.8920 0.0004
261.2959 0.0002
261.6866 0.0001
262.0654 0.0000
262.4357 0.0000
262.8002 0.0000
263.1606 0.0000
263.5199 0.0000
263.8797 0.0000
264.2399 0.0000
264.6001 0.0000
264.9601 0.0000
265.3200 0.0000
265.6800 0.0000
266.0400 0.0000
266.4000 0.0000
266.7600 0.0000
267.1200 0.0000
267.4800 0.0000
267.8400 0.0000
268.2000 0.0000
268.5600 0.0000
268.9200 0.0000
269.2800 0.0000
269.6400 0.0000
270.0000 0.0000
270.3600 0.0000
270.7200 0.0000
271.0800 0.0000
271.4400 0.0000
271.8000 0.0000
272.1600 0.0000
272.5200 0.0000
272.8800 0.0000
273.2400 0.0000
273.6000 0.0000
273.9600 0.0000
274.3200 0.0000
274.6800 0.0000
275.0400 0.0000
275.4000 0.0000
275.7600 0.0000
276.1200 0.0000
276.4800 0.0000
276.8400 0.0000
277.2000 0.0000
277.5600 0.0000
277.9200 0.0000
278.2800 0.0000
278.6400 0.0000
279.0000 0.0000
279.3600 0.0000
279.7200 0.0000
280.0800 0.0000
280.4400 0.0000
280.8000 0.0000
281.1600 0.0000
281.5200 0.0000
281.8800 0.0000
282.2400 0.0000
282.6000 0.0000
282.9600 0.0000
283.3200 0.0000
283.6800 0.0000
284.0400 0.0000
284.4000 0.0000
284.7600 0.0000
285.1200 0.0000
285.4800 0.0000
285.8400 0.0000
286.2000 0.0000
286.5600 0.0000
286.9200 0.0000
287.2800 0.0000
287.6400 0.0000
288.0000 0.0000
288.3600 0.0000
288.7200 0.0000
289.0800 0.0000
289.4400 0.0000
289.8000 0.0000
290.1600 0.0000
290.5200 0.0000
290.8800 0.0000
291.2400 0.0000
291.6000 0.0000
291.9600 0.0000
292.3200 0.0000
292.6800 0.0000
293.0400 0.0000
293.4000 0.0000
293.7600 0.0000
294.1200 0.0000
294.4800 0.0000
294.8400 0.0000
295.2000 0.0000
295.5600 0.0000
295.9200 0.0000
296.2800 0.0000
296.6400 0.0000
297.0000 0.0000
297.3600 0.0000
297.7200 0.0000
298.0800 0.0000
298.4400 0.0000
298.8000 0.0000
299.1600 0.0000
299.5200 0.0000
299.8800 0.0000
300.2400 0.0000
300.6000 0.0000
300.9600 0.0000
301.3200 0.0000
301.6800 0.0000
302.0400 0.0000
302.4000 0.0000
302.7600 0.0000
303.1200 0.0000
303.4800 0.0000
303.8400 0.0000
304.2000 0.0000
304.5600 0.0000
304.9200 0.0000
305.2800 0.0000
305.6400 0.0000
306.0000 0.0000
306.3600 0.0000
306.7200 0.0000
307.0800 0.0000
307.4400 0.0000
307.8000 0.0000
308.1600 0.0000
308.5200 0.0000
308.8800 0.0000
309.2400 0.0000
309.6000 0.0000
309.9600 0.0000
310.3200 0.0000
310.6800 0.0000
311.0400 0.0000
311.4000 0.0000
311.7600 0.0000
312.1200 0.0000
312.4800 0.0000
312.8400 0.0000
313.2000 0.0000
313.5600 0.0000
313.9200 0.0000
314.2800 0.0000
314.6400 0.0000
315.0000 0.0000
315.3600 0.0000
315.7200 0.0000
316.0800 0.0000
316.4400 0.0000
316.8000 0.0000
317.1600 0.0000
317.5200 0.0000
317.8800 0.0000
318.2400 0.0000
318.6000 0.0000
318.9600 0.0000
319.3200 0.0000
319.6800 0.0000
320.0400 0.0000
320.4000 0.0000
320.7600 0.0000
321.1200 0.0000
321.4800 0.0000
321.8400 0.0000
322.2000 0.0000
322.5600 0.0000
322.9200 0.0000
323.2800 0.0000
323.6400 0.0000
324.0000 0.0000
324.3600 0.0000
324.7200 0.0000
325.0800 0.0000
325.4400 0.0000
325.8000 0.0000
326.1600 0.0000
326.5200 0.0000
326.8800 0.0000
327.2400 0.0000
327.6000 0.0000
327.9600 0.0000
328.3200 0.0000
328.6800 0.0000
329.0400 0.0000
329.4000 0.0000
329.7600 0.0000
330.1200 0.0000
330.4800 0.0000
330.8400 0.0000
331.2000 0.0000
331.5600 0.0000
331.9200 0.0000
332.2800 0.0000
332.6400 0.0000
333.0000 0.0000
333.3600 0.0000
333.7200 0.0000
334.0800 0.0000
334.4400 0.0000
334.8000 0.0000
335.1600 0.0000
335.5200 0.0000
335.8800 0.0000
336.2400 0.0000
336.6000 0.0000
336.9600 0.0000
337.3200 0.0000
337.6800 0.0000
338.0400 0.0000
338.4000 0.0000
338.7600 0.0000
339.1200 0.0000
339.4800 0.0000
339.8400 0.0000
340.2000 0.0000
340.5600 0.0000
340.9200 0.0000
341.2800 0.0000
341.6400 0.0000
342.0000 0.0000
342.3600 0.0000
342.7200 0.0000
343.0800 0.0000
343.4400 0.0000
343.8000 0.0000
344.1600 0.0000
344.5200 0.0000
344.8800 0.0000
345.2400 0.0000
345.6000 0.0000
345.9600 0.0000
346.3200 0.0000
346.6800 0.0000
347.0400 0.0000
347.4000 0.0000
347.7600 0.0000
348.1200 0.0000
348.4800 0.0000
348.8400 0.0000
349.2000 0.0000
349.5600 0.0000
349.9200 0.0000
350.2800 0.0000
350.6400 0.0000
351.0000 0.0000
351.3600 0.0000
351.7200 0.0000
352.0800 0.0000
352.4400 0.0000
352.8000 0.0000
353.1600 0.0000
353.5200 0.0000
353.8800 0.0000
354.2400 0.0000
354.6000 0.0000
354.9600 0.0000
355.3200 0.0000
355.6800 0.0000
356.0400 0.0000
356.4000 0.0000
356.7600 0.0000
357.1200 0.0000
357.4800 0.0000
357.8400 0.0000
358.2000 0.0000
358.5600 0.0000
358.9200 0.0000
359.2800 0.0000
359.6400 0.0000
360.0000 0.0000
