0.0000 0.0000
0.5000 0.0000
1.0000 0.0000
1.5000 0.0000
2.0000 0.0000
2.5000 0.0000
3.0000 0.0000
3.5000 0.0000
4.0000 0.0000
4.5000 0.0000
5.0000 0.0000
5.5000 0.0000
6.0000 0.0000
6.5000 0.0000
7.0000 0.0000
7.5000 0.0000
8.0000 0.0000
8.5000 0.0000
9.0000 0.0000
9.5000 0.0000
10.0000 0.0000
10.5000 0.0000
11.0000 0.0000
11.5000 0.0000
12.0000 0.0000
12.5000 0.0000
13.0000 0.0000
13.5000 0.0000
14.0000 0.0000
14.5000 0.0000
15.0000 0.0000
15.5000 0.0000
16.0000 0.0000
16.5000 0.0000
17.0000 0.0000
17.5000 0.0000
18.0000 0.0000
18.5000 0.0000
19.0000 0.0000
19.5000 0.0000
20.0000 0.0000
20.5000 0.0000
21.0000 0.0000
21.5000 0.0000
22.0000 0.0000
22.5000 0.0000
23.0000 0.0000
23.5000 0.0000
24.0000 0.0000
24.5000 0.0000
25.0000 0.0000
25.5000 0.0000
26.0000 0.0000
26.5000 0.0000
27.0000 0.0000
27.5000 0.0000
28.0000 0.0000
28.5000 0.0000
29.0000 0.0000
29.5000 0.0000
30.0000 0.0000
30.5000 0.0000
31.0000 0.0000
31.5000 0.0000
32.0000 0.0000
32.5000 0.0000
33.0000 0.0000
33.5000 0.0000
34.0000 0.0000
34.5000 0.0000
35.0000 0.0000
35.5000 0.0000
36.0000 0.0000
36.5000 0.0000
37.0000 0.0000
37.5000 0.0000
38.0000 0.0000
38.5000 0.0000
39.0000 0.0000
39.5000 0.0000
40.0000 0.0000
40.5000 0.0000
41.0000 0.0000
41.5000 0.0000
42.0000 0.0000
42.5000 0.0000
43.0000 0.0000
43.5000 0.0000
44.0000 0.0000
44.5000 0.0000
45.0000 0.0000
45.5000 0.0000
46.0000 0.0000
46.5000 0.0000
47.0000 0.0000
47.5000 0.0000
48.0000 0.0000
48.5000 0.0000
49.0000 0.0000
49.5000 0.0000
50.0000 0.0000
50.5000 0.0000
51.0000 0.0000
51.5000 0.0000
52.0000 0.0000
52.5000 0.0000
53.0000 0.0000
53.5000 0.0000
54.0000 0.0000
54.5000 0.0000
55.0000 0.0000
55.5000 0.0000
56.0000 0.0000
56.5000 0.0000
57.0000 0.0000
57.5000 0.0000
58.0000 0.0000
58.5000 0.0000
59.0000 0.0000
59.5000 0.0000
60.0000 0.0000
60.5000 0.0000
61.0000 0.0000
61.5000 0.0000
62.0000 0.0000
62.5000 0.0000
63.0000 0.0000
63.5000 0.0000
64.0000 0.0000
64.5000 0.0000
65.0000 0.0000
65.5000 0.0000
66.0000 0.0000
66.5000 0.0000
67.0000 0.0000
67.5000 0.0000
68.0000 0.0000
68.5000 0.0000
69.0000 0.0000
69.5000 0.0000
70.0000 0.0000
70.5000 0.0000
71.0000 0.0000
71.5000 0.0000
72.0000 0.0000
72.5000 0.0000
73.0000 0.0000
73.5000 0.0000
74.0000 0.0000
74.5000 0.0000
75.0000 0.0000
75.5000 0.0000
76.0000 0.0000
76.5000 0.0000
77.0000 0.0000
77.5000 0.0000
78.0000 0.0000
78.5000 0.0000
79.0000 0.0000
79.5000 0.0000
80.0000 0.0000
80.5000 0.0000
81.0000 0.0000
81.5000 0.0000
82.0000 0.0000
82.5000 0.0000
83.0000 0.0000
83.5000 0.0000
84.0000 0.0000
84.5000 0.0000
85.0000 0.0000
85.5000 0.0000
86.0000 0.0000
86.5000 0.0000
87.0000 0.0000
87.5000 0.0000
88.0000 0.0000
88.5000 0.0000
89.0000 0.0000
89.5000 0.0000
90.0000 0.0000
90.5000 0.0000
91.0000 0.0000
91.5000 0.0000
92.0000 0.0000
92.5000 0.0000
93.0000 0.0000
93.5000 0.0000
94.0000 0.0000
94.5000 0.0000
95.0000 0.0000
95.5000 0.0000
96.0000 0.0000
96.5000 0.0000
97.0000 0.0000
97.5000 0.0000
98.0000 0.0000
98.5000 0.0001
99.0000 0.0003
99.5000 0.0007
100.0000 0.0014
100.5000 0.0023
101.0000 0.0036
101.5000 0.0052
102.0000 0.0072
102.5000 0.0096
103.0000 0.0124
103.5000 0.0156
104.0000 0.0193
104.5000 0.0235
105.0000 0.0281
105.5000 0.0331
106.0000 0.0385
106.5000 0.0443
107.0000 0.0506
107.5000 0.0572
108.0000 0.0641
108.5000 0.0713
109.0000 0.0788
109.5000 0.0866
110.0000 0.0945
110.5000 0.1026
111.0000 0.1108
111.5000 0.1191
112.0000 0.1275
112.5000 0.1359
113.0000 0.1443
113.5000 0.1527
114.0000 0.1611
114.5000 0.1695
115.0000 0.1780
115.5000 0.1864
116.0000 0.1948
116.5000 0.2032
117.0000 0.2116
117.5000 0.2200
118.0000 0.2284
118.5000 0.2370
119.0000 0.2459
119.5000 0.2554
120.0000 0.2656
120.5000 0.2765
121.0000 0.2886
121.5000 0.3011
122.0000 0.3154
122.5000 0.3298
123.0000 0.3464
123.5000 0.3630
124.0000 0.3818
124.5000 0.4010
125.0000 0.4216
125.5000 0.4438
126.0000 0.4661
126.5000 0.4911
127.0000 0.5167
127.5000 0.5424
128.0000 0.5718
128.5000 0.6012
129.0000 0.6309
129.5000 0.6642
130.0000 0.6976
130.5000 0.7311
131.0000 0.7688
131.5000 0.8065
132.0000 0.8441
132.5000 0.8859
133.0000 0.9281
133.5000 0.9703
134.0000 1.0159
134.5000 1.0629
135.0000 1.1099
135.5000 1.1593
136.0000 1.2113
136.5000 1.2632
137.0000 1.3166
137.5000 1.3737
138.0000 1.4307
138.5000 1.4883
139.0000 1.5506
139.5000 1.6130
140.0000 1.6753
140.5000 1.7428
141.0000 1.8105
141.5000 1.8782
142.0000 1.9507
142.5000 2.0239
143.0000 2.0971
143.5000 2.1750
144.0000 2.2537
144.5000 2.3324
145.0000 2.4164
145.5000 2.5007
146.0000 2.5856
146.5000 2.6755
147.0000 2.7653
147.5000 2.8574
148.0000 2.9528
148.5000 3.0482
149.0000 3.1480
149.5000 3.2488
150.0000 3.3515
150.5000 3.4577
151.0000 3.5639
151.5000 3.6752
152.0000 3.7867
152.5000 3.9019
153.0000 4.0184
153.5000 4.1381
154.0000 4.2595
154.5000 4.3839
155.0000 4.5102
155.5000 4.6397
156.0000 4.7704
156.5000 4.9052
157.0000 5.0413
157.5000 5.1804
158.0000 5.3221
158.5000 5.4657
159.0000 5.6122
159.5000 5.7613
160.0000 5.9126
160.5000 6.0661
161.0000 6.2220
161.5000 6.3801
162.0000 6.5405
162.5000 6.7028
163.0000 6.8670
163.5000 7.0328
164.0000 7.2000
164.5000 7.3684
165.0000 7.5375
165.5000 7.7068
166.0000 7.8759
166.5000 8.0440
167.0000 8.2100
167.5000 8.3729
168.0000 8.5312
168.5000 8.6832
169.0000 8.8275
169.5000 8.9632
170.0000 9.0899
170.5000 9.2078
171.0000 9.3174
171.5000 9.4191
172.0000 9.5134
172.5000 9.6005
173.0000 9.6809
173.5000 9.7548
174.0000 9.8226
174.5000 9.8842
175.0000 9.9401
175.5000 9.9902
176.0000 10.0347
176.5000 10.0738
177.0000 10.1075
177.5000 10.1359
178.0000 10.1590
178.5000 10.1769
179.0000 10.1897
179.5000 10.1974
180.0000 10.1999
180.5000 10.1974
181.0000 10.1897
181.5000 10.1769
182.0000 10.1590
182.5000 10.1359
183.0000 10.1075
183.5000 10.0738
184.0000 10.0347
184.5000 9.9902
185.0000 9.9401
185.5000 9.8842
186.0000 9.8226
186.5000 9.7548
187.0000 9.6809
187.5000 9.6005
188.0000 9.5134
188.5000 9.4191
189.0000 9.3174
189.5000 9.2078
190.0000 9.0899
190.5000 8.9632
191.0000 8.8275
191.5000 8.6832
192.0000 8.5312
192.5000 8.3729
193.0000 8.2100
193.5000 8.0440
194.0000 7.8759
194.5000 7.7068
195.0000 7.5375
195.5000 7.3684
196.0000 7.2000
196.5000 7.0328
197.0000 6.8670
197.5000 6.7028
198.0000 6.5405
198.5000 6.3801
199.0000 6.2220
199.5000 6.0661
200.0000 5.9126
200.5000 5.7613
201.0000 5.6122
201.5000 5.4657
202.0000 5.3221
202.5000 5.1804
203.0000 5.0413
203.5000 4.9052
204.0000 4.7704
204.5000 4.6397
205.0000 4.5102
205.5000 4.3839
206.0000 4.2595
206.5000 4.1381
207.0000 4.0184
207.5000 3.9019
208.0000 3.7867
208.5000 3.6752
209.0000 3.5639
209.5000 3.4577
210.0000 3.3515
210.5000 3.2488
211.0000 3.1480
211.5000 3.0482
212.0000 2.9528
212.5000 2.8574
213.0000 2.7653
213.5000 2.6755
214.0000 2.5856
214.5000 2.5007
215.0000 2.4164
215.5000 2.3324
216.0000 2.2537
216.5000 2.1750
217.0000 2.0971
217.5000 2.0239
218.0000 1.9507
218.5000 1.8782
219.0000 1.8105
219.5000 1.7428
220.0000 1.6753
220.5000 1.6130
221.0000 1.5506
221.5000 1.4883
222.0000 1.4307
222.5000 1.3737
223.0000 1.3166
223.5000 1.2632
224.0000 1.2113
224.5000 1.1593
225.0000 1.1099
225.5000 1.0629
226.0000 1.0159
226.5000 0.9703
227.0000 0.9281
227.5000 0.8859
228.0000 0.8441
228.5000 0.8065
229.0000 0.7688
229.5000 0.7311
230.0000 0.6976
230.5000 0.6642
231.0000 0.6309
231.5000 0.6012
232.0000 0.5718
232.5000 0.5424
233.0000 0.5167
233.5000 0.4911
234.0000 0.4661
234.5000 0.4438
235.0000 0.4216
235.5000 0.4010
236.0000 0.3818
236.5000 0.3630
237.0000 0.3464
237.5000 0.3298
238.0000 0.3154
238.5000 0.3011
239.0000 0.2886
239.5000 0.2765
240.0000 0.2656
240.5000 0.2554
241.0000 0.2459
241.5000 0.2370
242.0000 0.2284
242.5000 0.2200
243.0000 0.2116
243.5000 0.2032
244.0000 0.1948
244.5000 0.1864
245.0000 0.1780
245.5000 0.1695
246.0000 0.1611
246.5000 0.1527
247.0000 0.1443
247.5000 0.1359
248.0000 0.1275
248.5000 0.1191
249.0000 0.1108
249.5000 0.1026
250.0000 0.0945
250.5000 0.0866
251.0000 0.0788
251.5000 0.0713
252.0000 0.0641
252.5000 0.0572
253.0000 0.0506
253.5000 0.0443
254.0000 0.0385
254.5000 0.0331
255.0000 0.0281
255.5000 0.0235
256.0000 0.0193
256.5000 0.0156
257.0000 0.0124
257.5000 0.0096
258.0000 0.0072
258.5000 0.0052
259.0000 0.0036
259.5000 0.0023
260.0000 0.0014
260.5000 0.0007
261.0000 0.0003
261.5000 0.0001
262.0000 0.0000
262.5000 0.0000
263.0000 0.0000
263.5000 0.0000
264.0000 0.0000
264.5000 0.0000
265.0000 0.0000
265.5000 0.0000
266.0000 0.0000
266.5000 0.0000
267.0000 0.0000
267.5000 0.0000
268.0000 0.0000
268.5000 0.0000
269.0000 0.0000
269.5000 0.0000
270.0000 0.0000
270.5000 0.0000
271.0000 0.0000
271.5000 0.0000
272.0000 0.0000
272.5000 0.0000
273.0000 0.0000
273.5000 0.0000
274.0000 0.0000
274.5000 0.0000
275.0000 0.0000
275.5000 0.0000
276.0000 0.0000
276.5000 0.0000
277.0000 0.0000
277.5000 0.0000
278.0000 0.0000
278.5000 0.0000
279.0000 0.0000
279.5000 0.0000
280.0000 0.0000
280.5000 0.0000
281.0000 0.0000
281.5000 0.0000
282.0000 0.0000
282.5000 0.0000
283.0000 0.0000
283.5000 0.0000
284.0000 0.0000
284.5000 0.0000
285.0000 0.0000
285.5000 0.0000
286.0000 0.0000
286.5000 0.0000
287.0000 0.0000
287.5000 0.0000
288.0000 0.0000
288.5000 0.0000
289.0000 0.0000
289.5000 0.0000
290.0000 0.0000
290.5000 0.0000
291.0000 0.0000
291.5000 0.0000
292.0000 0.0000
292.5000 0.0000
293.0000 0.0000
293.5000 0.0000
294.0000 0.0000
294.5000 0.0000
295.0000 0.0000
295.5000 0.0000
296.0000 0.0000
296.5000 0.0000
297.0000 0.0000
297.5000 0.0000
298.0000 0.0000
298.5000 0.0000
299.0000 0.0000
299.5000 0.0000
300.0000 0.0000
300.5000 0.0000
301.0000 0.0000
301.5000 0.0000
302.0000 0.0000
302.5000 0.0000
303.0000 0.0000
303.5000 0.0000
304.0000 0.0000
304.5000 0.0000
305.0000 0.0000
305.5000 0.0000
306.0000 0.0000
306.5000 0.0000
307.0000 0.0000
307.5000 0.0000
308.0000 0.0000
308.5000 0.0000
309.0000 0.0000
309.5000 0.0000
310.0000 0.0000
310.5000 0.0000
311.0000 0.0000
311.5000 0.0000
312.0000 0.0000
312.5000 0.0000
313.0000 0.0000
313.5000 0.0000
314.0000 0.0000
314.5000 0.0000
315.0000 0.0000
315.5000 0.0000
316.0000 0.0000
316.5000 0.0000
317.0000 0.0000
317.5000 0.0000
318.0000 0.0000
318.5000 0.0000
319.0000 0.0000
319.5000 0.0000
320.0000 0.0000
320.5000 0.0000
321.0000 0.0000
321.5000 0.0000
322.0000 0.0000
322.5000 0.0000
323.0000 0.0000
323.5000 0.0000
324.0000 0.0000
324.5000 0.0000
325.0000 0.0000
325.5000 0.0000
326.0000 0.0000
326.5000 0.0000
327.0000 0.0000
327.5000 0.0000
328.0000 0.0000
328.5000 0.0000
329.0000 0.0000
329.5000 0.0000
330.0000 0.0000
330.5000 0.0000
331.0000 0.0000
331.5000 0.0000
332.0000 0.0000
332.5000 0.0000
333.0000 0.0000
333.5000 0.0000
334.0000 0.0000
334.5000 0.0000
335.0000 0.0000
335.5000 0.0000
336.0000 0.0000
336.5000 0.0000
337.0000 0.0000
337.5000 0.0000
338.0000 0.0000
338.5000 0.0000
339.0000 0.0000
339.5000 0.0000
340.0000 0.0000
340.5000 0.0000
341.0000 0.0000
341.5000 0.0000
342.0000 0.0000
342.5000 0.0000
343.0000 0.0000
343.5000 0.0000
344.0000 0.0000
344.5000 0.0000
345.0000 0.0000
345.5000 0.0000
346.0000 0.0000
346.5000 0.0000
347.0000 0.0000
347.5000 0.0000
348.0000 0.0000
348.5000 0.0000
349.0000 0.0000
349.5000 0.0000
350.0000 0.0000
350.5000 0.0000
351.0000 0.0000
351.5000 0.0000
352.0000 0.0000
352.5000 0.0000
353.0000 0.0000
353.5000 0.0000
354.0000 0.0000
354.5000 0.0000
355.0000 0.0000
355.5000 0.0000
356.0000 0.0000
356.5000 0.0000
357.0000 0.0000
357.5000 0.0000
358.0000 0.0000
358.5000 0.0000
359.0000 0.0000
359.5000 0.0000
