0.5 0.00132923400338269
1 0.00531917824312874
1.5 0.0119717465318043
2 0.0212895425410721
2.5 0.0332755226480319
3 0.0479323626985184
3.5 0.0652630182095662
4 0.0852707178413851
4.5 0.107958571942377
5 0.133330020843785
5.5 0.161388511364491
6 0.192137480972953
6.5 0.225580598890752
7 0.261721417699823
7.5 0.300563707640505
8 0.342111130108703
8.5 0.386367620555167
9 0.433337069108039
9.5 0.48302363158542
10 0.535431588401532
10.5 0.590565348332102
11 0.648429542451493
11.5 0.709028921073853
12 0.772368389271179
12.5 0.838453060660595
13 0.907288305545948
13.5 0.97887976475371
14 1.05323339319891
14.5 1.13035548000877
15 1.21025260610858
15.5 1.29293161645628
16 1.37839964668102
16.5 1.46666422242388
17 1.55773329029355
17.5 1.65161521973526
18 1.7483187604245
18.5 1.84785305237512
19 1.95022762092433
19.5 2.05545235072319
20 2.16353748545948
20.5 2.27449351009434
21 2.38833119008318
21.5 2.50506150392749
22 2.62469559646682
22.5 2.74724483708855
23 2.87272083231747
23.5 3.00113538867513
24 3.13250050222352
24.5 3.26682822144071
25 3.40413066546257
25.5 3.54441998625845
26 3.68770835482865
26.5 3.83400791501179
27 3.98333069250971
27.5 4.13568846803691
28 4.29109273877706
28.5 4.44955456734643
29 4.6110844826922
29.5 4.77569239969304
30 4.94338747584302
30.5 5.11417802357678
31 5.28807148855009
31.5 5.46507449185895
32 5.64519268844611
32.5 5.82843052101367
33 6.0147911920543
33.5 6.20427662052833
34 6.396887323525
34.5 6.59262233727664
35 6.79147910408229
35.5 6.99345335412837
36 7.19853897684418
36.5 7.40672789704278
37 7.61800999529524
37.5 7.83237301423418
38 8.04980246928211
38.5 8.27028154158296
39 8.49379097831281
39.5 8.72030904808429
40 8.94981153702179
40.5 9.18227180009809
41 9.41766080821886
41.5 9.65594723661792
42 9.8970975325553
42.5 10.1410760533782
43 10.387845201418
43.5 10.6373654851003
44 10.8895955899245
44.5 11.1444925022031
45 11.4020117191755
45.5 11.6621073941097
46 11.9247324573708
46.5 12.1898385970197
47 12.4573763405949
47.5 12.7272951686209
48 12.9995435774785
48.5 13.2740690560986
49 13.550818057103
49.5 13.8297359796609
50 14.1107672482547
50.5 14.393855447378
51 14.6789434334754
51.5 14.9659733767934
52 15.2548868607041
52.5 15.5456248442262
53 15.8381274830189
53.5 16.132334046935
54 16.4281828718465
54.5 16.7256113632605
55 17.0245560301846
55.5 17.3249524391708
56 17.6267350242719
56.5 17.9298368843993
57 18.2341896590337
57.5 18.5397235053291
58 18.8463670928447
58.5 19.1540475534068
59 19.4626905617725
59.5 19.7722203330012
60 20.0825595500877
60.5 20.3936293482126
61 20.7053492537557
61.5 21.0176372389153
62 21.3304099338521
62.5 21.6435831246122
63 21.9570722657859
63.5 22.2707930009569
64 22.584661528028
64.5 22.8985949036677
65 23.2125112147108
65.5 23.5263297696715
66 23.8399712586103
66.5 24.1533581123586
67 24.466414881819
67.5 24.7790684574667
68 25.0912480581234
68.5 25.4028850605828
69 25.7139129188255
69.5 26.0242670836627
70 26.3338849712394
70.5 26.642706055007
71 26.9506718177663
71.5 27.2577255760896
72 27.5638125569419
72.5 27.8688801770969
73 28.1728782369902
73.5 28.4757590274531
74 28.7774773462484
74.5 29.0779902455406
75 29.3772563368298
75.5 29.6752350589548
76 29.9718859487726
76.5 30.267168096545
77 30.5610396539412
77.5 30.8534574200356
78 31.1443766553629
78.5 31.433751153874
79 31.7215334304537
79.5 32.007675009286
80 32.2921269498934
80.5 32.5748405136448
81 32.855767805985
81.5 33.1348619884126
82 33.4120771941716
82.5 33.687368524091
83 33.9606918161588
83.5 34.2320036070897
84 34.5012614415942
84.5 34.7684244513488
85 35.0334536889243
85.5 35.2963121894166
86 35.5569649041494
86.5 35.8153786469204
87 36.0715218536235
87.5 36.3253644673921
88 36.5768780320029
88.5 36.8260359045187
89 37.0728137011274
89.5 37.3171896965793
90 37.5591451116411
90.5 37.7986638624184
91 38.035731650227
91.5 38.2703351314933
92 38.5024612527045
92.5 38.7320966200548
93 38.9592270901295
93.5 39.1838376981173
94 39.4059126791166
94.5 39.6254354900478
95 39.8423889640013
95.5 40.0567555933424
96 40.2685178991491
96.5 40.4776593300524
97 40.684164978354
97.5 40.8880217905782
98 41.0892184336989
98.5 41.2877450944483
99 41.4835934768835
99.5 41.6767565567681
100 41.8672284252161
100.5 42.055004473704
101 42.2400813330088
101.5 42.4224567385406
102 42.6021293152792
102.5 42.7790988243731
103 42.9533661553177
103.5 43.1249328489706
104 43.2938006665385
104.5 43.4599711936853
105 43.6234455951529
105.5 43.7842246890435
106 43.9423090479483
106.5 44.0976990636984
107 44.2503955012383
107.5 44.4004003486389
108 44.5477175736203
108.5 44.6923534343855
109 44.8343164322456
109.5 44.9736168884715
110 45.1102668492958
110.5 45.2442799944304
111 45.3756710515488
111.5 45.504455560402
112 45.6306493922452
112.5 45.75426816191
113 45.8753272068106
113.5 45.9938416657811
114 46.1098265059329
114.5 46.2232961402232
115 46.3342642800325
115.5 46.4427443919104
116 46.5487495652442
116.5 46.6522924509555
117 46.7533856546263
117.5 46.8520419696196
118 46.9482747387868
118.5 47.0420979886178
119 47.13352672053
119.5 47.2225770678878
120 47.3092662511109
120.5 47.3936126235846
121 47.475636953172
121.5 47.5553623157817
122 47.6328125152788
122.5 47.7080106169092
123 47.7809800528852
123.5 47.8517451669424
124 47.9203309263013
124.5 47.9867636400231
125 48.0510705716237
125.5 48.113278368912
126 48.1734169408584
126.5 48.2315181951617
127 48.2876137773009
127.5 48.341734204952
128 48.3939105146512
128.5 48.4441750664984
129 48.4925625198456
129.5 48.5391085894279
130 48.5838463838427
130.5 48.626807708286
131 48.6680238278571
131.5 48.7075252115947
132 48.745341902132
132.5 48.7815038838426
133 48.816040759477
133.5 48.8489819718192
134 48.8803569703333
134.5 48.9101952194329
135 48.9385260683259
135.5 48.9653784108821
136 48.9907808671095
136.5 49.0147617088473
137 49.0373491035506
137.5 49.0585713137528
138 49.0784568666404
138.5 49.0970344721143
139 49.1143328000585
139.5 49.1303808255393
140 49.1452075853868
140.5 49.1588425522785
141 49.1713156092829
141.5 49.182657399892
142 49.1928994810078
142.5 49.2020739865398
143 49.210213488123
143.5 49.2173505803739
144 49.2235175545905
144.5 49.2287466432121
145 49.2330698097977
145.5 49.2365188041908
146 49.2391253390347
146.5 49.24092096141
147 49.2419368234108
147.5 49.2422103527338
148 49.2422103527338
148.5 49.2422103527338
149 49.2422103527338
149.5 49.2422103527338
150 49.2422103527338
150.5 49.2422103527338
151 49.2422103527338
151.5 49.2422103527338
152 49.2422103527338
152.5 49.2422103527338
153 49.2422103527338
153.5 49.2422103527338
154 49.2422103527338
154.5 49.2422103527338
155 49.2422103527338
155.5 49.2422103527338
156 49.2422103527338
156.5 49.2422103527338
157 49.2422103527338
157.5 49.2422103527338
158 49.2422103527338
158.5 49.2422103527338
159 49.2422103527338
159.5 49.2422103527338
160 49.2422103527338
160.5 49.2422103527338
161 49.2422103527338
161.5 49.2422103527338
162 49.2422103527338
162.5 49.2422103527338
163 49.2422103527338
163.5 49.2422103527338
164 49.2422103527338
164.5 49.2422103527338
165 49.2422103527338
165.5 49.2422103527338
166 49.2422103527338
166.5 49.2422103527338
167 49.2422103527338
167.5 49.2422103527338
168 49.2422103527338
168.5 49.2422103527338
169 49.2422103527338
169.5 49.2422103527338
170 49.2422103527338
170.5 49.2422103527338
171 49.2422103527338
171.5 49.2422103527338
172 49.2422103527338
172.5 49.2422103527338
173 49.2422103527338
173.5 49.2422103527338
174 49.2422103527338
174.5 49.2422103527338
175 49.2422103527338
175.5 49.2422103527338
176 49.2422103527338
176.5 49.2422103527338
177 49.2422103527338
177.5 49.2422103527338
178 49.2422103527338
178.5 49.2422103527338
179 49.2422103527338
179.5 49.2422103527338
180 49.2422103527338
180.5 49.2422103527338
181 49.2422103527338
181.5 49.2422103527338
182 49.2422103527338
182.5 49.2422103527338
183 49.2422103527338
183.5 49.2422103527338
184 49.2422103527338
184.5 49.2422103527338
185 49.2422103527338
185.5 49.2422103527338
186 49.2422103527338
186.5 49.2422103527338
187 49.2422103527338
187.5 49.2422103527338
188 49.2422103527338
188.5 49.2422103527338
189 49.2422103527338
189.5 49.2422103527338
190 49.2422103527338
190.5 49.2422103527338
191 49.2422103527338
191.5 49.2422103527338
192 49.2422103527338
192.5 49.2422103527338
193 49.2422103527338
193.5 49.2422103527338
194 49.2422103527338
194.5 49.2422103527338
195 49.2422103527338
195.5 49.2422103527338
196 49.2422103527338
196.5 49.2422103527338
197 49.2422103527338
197.5 49.2422103527338
198 49.2422103527338
198.5 49.2422103527338
199 49.2422103527338
199.5 49.2422103527338
200 49.2422103527338
200.5 49.2422103527338
201 49.2422103527338
201.5 49.2422103527338
202 49.2422103527338
202.5 49.2422103527338
203 49.2422103527338
203.5 49.2422103527338
204 49.2422103527338
204.5 49.2422103527338
205 49.2422103527338
205.5 49.2422103527338
206 49.2422103527338
206.5 49.2422103527338
207 49.2422103527338
207.5 49.2422103527338
208 49.2422103527338
208.5 49.2422103527338
209 49.2422103527338
209.5 49.2422103527338
210 49.2422103527338
210.5 49.2422103527338
211 49.2422103527338
211.5 49.2422103527338
212 49.2422103527338
212.5 49.2422103527338
213 49.2422103527338
213.5 49.2422103527338
214 49.2422103527338
214.5 49.2422103527338
215 49.2422103527338
215.5 49.2422103527338
216 49.2422103527338
216.5 49.2422103527338
217 49.2422087595941
217.5 49.2417829837875
218 49.2405851078066
218.5 49.2385848359994
219 49.2357515276275
219.5 49.2320539934285
220 49.2274603645535
220.5 49.2219378241122
221 49.2154524940938
221.5 49.2079695590613
222 49.1994537040078
222.5 49.1898695169939
223 49.1791818045271
223.5 49.1673557781493
224 49.1543570585629
224.5 49.1401515740813
225 49.1247052506908
225.5 49.1079837614111
226 49.0899522468597
226.5 49.0705749143034
227 49.0498148424104
227.5 49.0276336807827
228 49.0039915232628
228.5 48.9788467109312
229 48.9521560637573
229.5 48.9238756558228
230 48.893961571416
230.5 48.8623702377665
231 48.8290587486603
231.5 48.7939848289643
232 48.7571070750716
232.5 48.7183848293637
233 48.6777777723316
233.5 48.6352457120007
234 48.5907484188063
234.5 48.5442454043871
235 48.4956959799095
235.5 48.4450597738502
236 48.3922973927377
236.5 48.3373711966319
237 48.2802460455105
237.5 48.2208894905441
238 48.1592718281228
238.5 48.0953663153559
239 48.029149001376
239.5 47.960598102386
240 47.8896937504415
240.5 47.8164175304168
241 47.7407516182563
241.5 47.6626779540735
242 47.5821780741075
242.5 47.4992330276718
243 47.4138227455282
243.5 47.3259249258618
244 47.2355159098522
244.5 47.1425703710637
245 47.0470616073826
245.5 46.9489620033007
246 46.848243458196
246.5 46.7448776915947
247 46.6388367470075
247.5 46.5300928416363
248 46.4186177789259
248.5 46.3043825722902
249 46.1873573409343
249.5 46.0675108755125
250 45.9448100698276
250.5 45.819219539422
251 45.6907013944054
251.5 45.5592157607789
252 45.4247221149271
252.5 45.2871806241262
253 45.146552923391
253.5 45.0028025570218
254 44.8558956055635
254.5 44.7058012173495
255 44.552491647481
255.5 44.3959420059467
256 44.2361303302349
256.5 44.0730379680839
257 43.9066496243227
257.5 43.736953064968
258 43.5639392531359
258.5 43.3876023363729
259 43.2079395976773
259.5 43.0249510342538
260 42.8386385771031
260.5 42.6490055558496
261 42.4560562288718
261.5 42.259795181089
262 42.0602272653608
262.5 41.8573577482484
263 41.6511926382316
263.5 41.4417388160789
264 41.2290035256657
264.5 41.0129942346467
265 40.7937191415349
265.5 40.571187368125
266 40.3454090073292
266.5 40.1163955725932
267 39.8841603447456
267.5 39.6487188052238
268 39.4100890967859
268.5 39.1682922713718
269 38.9233521993923
269.5 38.6752954281282
270 38.4241510925281
270.5 38.1699504609481
271 37.912726379879
271.5 37.6525130419821
272 37.3893459065249
272.5 37.123261704877
273 36.8542988147482
273.5 36.5824979638898
274 36.307902741818
274.5 36.0305598514762
275 35.7505192246845
275.5 35.4678339537461
276 35.1825601309896
276.5 34.8947566712936
277 34.6044850578996
277.5 34.3118090683097
278 34.0167943623495
278.5 33.7195078672282
279 33.4200172209374
279.5 33.1183907920102
280 32.814697991821
280.5 32.5090096669271
281 32.2013984437295
281.5 31.8919386391746
282 31.5807061280086
282.5 31.2677781468452
283 30.9532330478446
283.5 30.6371501236182
284 30.3196094445016
284.5 30.0006919666072
285 29.6804795802915
285.5 29.3590548881793
286 29.0365011203437
286.5 28.7129019749345
287 28.3883416197919
287.5 28.0629054534871
288 27.7366790855309
288.5 27.409747514486
289 27.0821957145539
289.5 26.7541078811131
290 26.4255681615635
290.5 26.0966614600413
291 25.7674731264375
291.5 25.4380891096694
292 25.1085967132027
292.5 24.7790850436793
293 24.4496445328708
293.5 24.1203652222384
294 23.7913369024394
294.5 23.4626493356385
295 23.1343919943088
295.5 22.8066531677832
296 22.4795203724204
296.5 22.1530796713653
297 21.8274154721184
297.5 21.5026107625856
298 21.1787469548214
298.5 20.8559040450181
299 20.5341606862478
299.5 20.2135941192948
300 19.8942796625936
300.5 19.5762914105256
301 19.259702112166
301.5 18.9445823419029
302 18.6310000656082
302.5 18.3190208453787
303 18.0087080379725
303.5 17.7001236463288
304 17.3933279297528
304.5 17.0883792183535
305 16.7853341838461
305.5 16.4842476923475
306 16.1851731351259
306.5 15.888162519504
307 15.5932666201301
307.5 15.3005350767091
308 15.0100161568609
308.5 14.7217567812346
309 14.4358025177089
309.5 14.1521974733564
310 13.8709841613945
310.5 13.5922035861909
311 13.3158950936253
311.5 13.0420963704048
312 12.7708433439026
312.5 12.5021702599383
313 12.236109708683
313.5 11.9726924405939
314 11.7119476262077
314.5 11.4539029423159
315 11.1985844948569
315.5 10.9460168445752
316 10.6962230376389
316.5 10.4492245887089
317 10.205041480972
317.5 9.96369222393465
318 9.72519391093594
318.5 9.48956228575957
319 9.25681184113875
319.5 9.02695596609806
320 8.80000687128629
320.5 8.57597557827919
321 8.35487174992414
321.5 8.13670397457736
322 7.92147980754765
322.5 7.70920576895101
323 7.49988747936576
323.5 7.2935297264899
324 7.09013656585482
324.5 6.88971133012115
325 6.6922566771804
325.5 6.49777477263611
326 6.30626719931776
326.5 6.11773492877871
327 5.93217835837194
327.5 5.74959728032292
328 5.5699908557194
328.5 5.39335767225216
329 5.21969563968105
329.5 5.04900207410737
330 4.88127375195513
330.5 4.7165068963638
331 4.55469721151797
331.5 4.39583997992596
332 4.23993006827781
332.5 4.08696198320713
333 3.9369298509328
333.5 3.78982742848391
334 3.6456482046941
334.5 3.50438545555766
335 3.36603215353425
335.5 3.23058105243094
336 3.0980247360719
336.5 2.96835563546252
337 2.84156607832692
337.5 2.71764834092711
338 2.59659466783079
338.5 2.47839728985958
339 2.36304845571339
339.5 2.25054046071058
340 2.1408656761462
340.5 2.03401657270282
341 1.92998566101783
341.5 1.82876554190989
342 1.73034887044394
342.5 1.63472823428665
343 1.54189627494574
343.5 1.45184560498504
344 1.36456878200855
344.5 1.28005836948609
345 1.19830693049919
345.5 1.11930716373441
346 1.04305184992919
346.5 0.969533925637998
347 0.898746508064964
347.5 0.830682796241141
348 0.765336210012681
348.5 0.702700278308055
349 0.642768810481697
349.5 0.585535831240023
350 0.53099554473221
350.5 0.47914253600986
351 0.429971675098333
351.5 0.383478194386409
352 0.339657783728277
352.5 0.298506411955829
353 0.260020426840079
353.5 0.224196614475821
354 0.191032114969672
354.5 0.160524480981673
355 0.132671774098412
355.5 0.107472413494656
356 0.0849250767811817
356.5 0.0650289243764563
357 0.0477835212977927
357.5 0.0331886688386694
358 0.021244755376359
358.5 0.0119527089644453
359 0.0053135823546191
