0.0000 0.0000
0.5000 0.0000
1.0000 0.0000
1.5000 0.0001
2.0000 0.0002
2.5000 0.0003
3.0000 0.0004
3.5000 0.0005
4.0000 0.0007
4.5000 0.0008
5.0000 0.0010
5.5000 0.0012
6.0000 0.0015
6.5000 0.0017
7.0000 0.0020
7.5000 0.0022
8.0000 0.0025
8.5000 0.0028
9.0000 0.0032
9.5000 0.0035
10.0000 0.0038
10.5000 0.0042
11.0000 0.0045
11.5000 0.0049
12.0000 0.0053
12.5000 0.0057
13.0000 0.0061
13.5000 0.0065
14.0000 0.0069
14.5000 0.0074
15.0000 0.0078
15.5000 0.0083
16.0000 0.0087
16.5000 0.0092
17.0000 0.0096
17.5000 0.0101
18.0000 0.0105
18.5000 0.0110
19.0000 0.0115
19.5000 0.0119
20.0000 0.0124
20.5000 0.0129
21.0000 0.0134
21.5000 0.0138
22.0000 0.0143
22.5000 0.0148
23.0000 0.0153
23.5000 0.0157
24.0000 0.0162
24.5000 0.0167
25.0000 0.0171
25.5000 0.0176
26.0000 0.0181
26.5000 0.0186
27.0000 0.0190
27.5000 0.0195
28.0000 0.0200
28.5000 0.0204
29.0000 0.0209
29.5000 0.0214
30.0000 0.0219
30.5000 0.0223
31.0000 0.0228
31.5000 0.0233
32.0000 0.0238
32.5000 0.0242
33.0000 0.0247
33.5000 0.0252
34.0000 0.0256
34.5000 0.0261
35.0000 0.0266
35.5000 0.0271
36.0000 0.0275
36.5000 0.0280
37.0000 0.0285
37.5000 0.0289
38.0000 0.0294
38.5000 0.0299
39.0000 0.0304
39.5000 0.0308
40.0000 0.0313
40.5000 0.0318
41.0000 0.0323
41.5000 0.0327
42.0000 0.0332
42.5000 0.0337
43.0000 0.0341
43.5000 0.0346
44.0000 0.0351
44.5000 0.0356
45.0000 0.0360
45.5000 0.0365
46.0000 0.0370
46.5000 0.0374
47.0000 0.0379
47.5000 0.0384
48.0000 0.0389
48.5000 0.0393
49.0000 0.0398
49.5000 0.0403
50.0000 0.0408
50.5000 0.0412
51.0000 0.0417
51.5000 0.0422
52.0000 0.0426
52.5000 0.0431
53.0000 0.0436
53.5000 0.0441
54.0000 0.0445
54.5000 0.0450
55.0000 0.0455
55.5000 0.0459
56.0000 0.0464
56.5000 0.0469
57.0000 0.0474
57.5000 0.0478
58.0000 0.0483
58.5000 0.0488
59.0000 0.0493
59.5000 0.0497
60.0000 0.0502
60.5000 0.0507
61.0000 0.0511
61.5000 0.0516
62.0000 0.0521
62.5000 0.0526
63.0000 0.0530
63.5000 0.0535
64.0000 0.0540
64.5000 0.0544
65.0000 0.0549
65.5000 0.0554
66.0000 0.0559
66.5000 0.0563
67.0000 0.0568
67.5000 0.0573
68.0000 0.0578
68.5000 0.0582
69.0000 0.0587
69.5000 0.0592
70.0000 0.0596
70.5000 0.0601
71.0000 0.0606
71.5000 0.0611
72.0000 0.0615
72.5000 0.0620
73.0000 0.0625
73.5000 0.0629
74.0000 0.0634
74.5000 0.0639
75.0000 0.0644
75.5000 0.0648
76.0000 0.0653
76.5000 0.0658
77.0000 0.0663
77.5000 0.0667
78.0000 0.0672
78.5000 0.0677
79.0000 0.0681
79.5000 0.0686
80.0000 0.0691
80.5000 0.0696
81.0000 0.0700
81.5000 0.0705
82.0000 0.0710
82.5000 0.0714
83.0000 0.0719
83.5000 0.0724
84.0000 0.0729
84.5000 0.0733
85.0000 0.0738
85.5000 0.0743
86.0000 0.0748
86.5000 0.0752
87.0000 0.0757
87.5000 0.0762
88.0000 0.0766
88.5000 0.0771
89.0000 0.0776
89.5000 0.0781
90.0000 0.0785
90.5000 0.0790
91.0000 0.0795
91.5000 0.0799
92.0000 0.0804
92.5000 0.0809
93.0000 0.0814
93.5000 0.0818
94.0000 0.0823
94.5000 0.0828
95.0000 0.0833
95.5000 0.0837
96.0000 0.0842
96.5000 0.0847
97.0000 0.0851
97.5000 0.0856
98.0000 0.0861
98.5000 0.0866
99.0000 0.0870
99.5000 0.0875
100.0000 0.0880
100.5000 0.0884
101.0000 0.0889
101.5000 0.0894
102.0000 0.0899
102.5000 0.0903
103.0000 0.0908
103.5000 0.0913
104.0000 0.0918
104.5000 0.0922
105.0000 0.0927
105.5000 0.0932
106.0000 0.0936
106.5000 0.0941
107.0000 0.0946
107.5000 0.0951
108.0000 0.0955
108.5000 0.0960
109.0000 0.0965
109.5000 0.0969
110.0000 0.0974
110.5000 0.0979
111.0000 0.0984
111.5000 0.0988
112.0000 0.0993
112.5000 0.0998
113.0000 0.1003
113.5000 0.1007
114.0000 0.1012
114.5000 0.1017
115.0000 0.1021
115.5000 0.1026
116.0000 0.1031
116.5000 0.1036
117.0000 0.1040
117.5000 0.1045
118.0000 0.1050
118.5000 0.1054
119.0000 0.1059
119.5000 0.1064
120.0000 0.1069
120.5000 0.1073
121.0000 0.1078
121.5000 0.1083
122.0000 0.1088
122.5000 0.1092
123.0000 0.1097
123.5000 0.1102
124.0000 0.1106
124.5000 0.1111
125.0000 0.1116
125.5000 0.1121
126.0000 0.1125
126.5000 0.1130
127.0000 0.1135
127.5000 0.1139
128.0000 0.1144
128.5000 0.1149
129.0000 0.1154
129.5000 0.1158
130.0000 0.1163
130.5000 0.1168
131.0000 0.1173
131.5000 0.1177
132.0000 0.1182
132.5000 0.1187
133.0000 0.1191
133.5000 0.1196
134.0000 0.1201
134.5000 0.1206
135.0000 0.1210
135.5000 0.1215
136.0000 0.1220
136.5000 0.1224
137.0000 0.1229
137.5000 0.1234
138.0000 0.1239
138.5000 0.1243
139.0000 0.1248
139.5000 0.1253
140.0000 0.1258
140.5000 0.1262
141.0000 0.1267
141.5000 0.1272
142.0000 0.1276
142.5000 0.1281
143.0000 0.1286
143.5000 0.1291
144.0000 0.1295
144.5000 0.1300
145.0000 0.1305
145.5000 0.1309
146.0000 0.1314
146.5000 0.1319
147.0000 0.1324
147.5000 0.1328
148.0000 0.1333
148.5000 0.1338
149.0000 0.1343
149.5000 0.1347
150.0000 0.1352
150.5000 0.1357
151.0000 0.1361
151.5000 0.1366
152.0000 0.1371
152.5000 0.1376
153.0000 0.1380
153.5000 0.1385
154.0000 0.1390
154.5000 0.1394
155.0000 0.1399
155.5000 0.1404
156.0000 0.1409
156.5000 0.1413
157.0000 0.1418
157.5000 0.1423
158.0000 0.1428
158.5000 0.1432
159.0000 0.1437
159.5000 0.1442
160.0000 0.1446
160.5000 0.1451
161.0000 0.1456
161.5000 0.1461
162.0000 0.1465
162.5000 0.1470
163.0000 0.1475
163.5000 0.1479
164.0000 0.1484
164.5000 0.1489
165.0000 0.1494
165.5000 0.1498
166.0000 0.1503
166.5000 0.1508
167.0000 0.1513
167.5000 0.1517
168.0000 0.1522
168.5000 0.1527
169.0000 0.1531
169.5000 0.1536
170.0000 0.1541
170.5000 0.1546
171.0000 0.1550
171.5000 0.1555
172.0000 0.1560
172.5000 0.1564
173.0000 0.1569
173.5000 0.1574
174.0000 0.1579
174.5000 0.1583
175.0000 0.1588
175.5000 0.1593
176.0000 0.1598
176.5000 0.1602
177.0000 0.1607
177.5000 0.1612
178.0000 0.1616
178.5000 0.1621
179.0000 0.1626
179.5000 0.1631
180.0000 0.1635
180.5000 0.1640
181.0000 0.1645
181.5000 0.1649
182.0000 0.1654
182.5000 0.1659
183.0000 0.1664
183.5000 0.1668
184.0000 0.1673
184.5000 0.1678
185.0000 0.1683
185.5000 0.1687
186.0000 0.1692
186.5000 0.1697
187.0000 0.1701
187.5000 0.1706
188.0000 0.1711
188.5000 0.1716
189.0000 0.1720
189.5000 0.1725
190.0000 0.1730
190.5000 0.1734
191.0000 0.1739
191.5000 0.1744
192.0000 0.1749
192.5000 0.1753
193.0000 0.1758
193.5000 0.1763
194.0000 0.1768
194.5000 0.1772
195.0000 0.1777
195.5000 0.1782
196.0000 0.1786
196.5000 0.1791
197.0000 0.1796
197.5000 0.1801
198.0000 0.1805
198.5000 0.1810
199.0000 0.1815
199.5000 0.1819
200.0000 0.1824
200.5000 0.1829
201.0000 0.1834
201.5000 0.1838
202.0000 0.1843
202.5000 0.1848
203.0000 0.1853
203.5000 0.1857
204.0000 0.1862
204.5000 0.1867
205.0000 0.1871
205.5000 0.1876
206.0000 0.1881
206.5000 0.1886
207.0000 0.1890
207.5000 0.1895
208.0000 0.1900
208.5000 0.1904
209.0000 0.1909
209.5000 0.1913
210.0000 0.1918
210.5000 0.1922
211.0000 0.1926
211.5000 0.1931
212.0000 0.1935
212.5000 0.1939
213.0000 0.1943
213.5000 0.1947
214.0000 0.1950
214.5000 0.1954
215.0000 0.1958
215.5000 0.1961
216.0000 0.1965
216.5000 0.1968
217.0000 0.1971
217.5000 0.1974
218.0000 0.1977
218.5000 0.1979
219.0000 0.1982
219.5000 0.1984
220.0000 0.1987
220.5000 0.1989
221.0000 0.1991
221.5000 0.1993
222.0000 0.1994
222.5000 0.1996
223.0000 0.1997
223.5000 0.1999
224.0000 0.2000
224.5000 0.2001
225.0000 0.2002
225.5000 0.2003
226.0000 0.2004
226.5000 0.2004
227.0000 0.2005
227.5000 0.2005
228.0000 0.2005
228.5000 0.2005
229.0000 0.2005
229.5000 0.2005
230.0000 0.2004
230.5000 0.2004
231.0000 0.2003
231.5000 0.2002
232.0000 0.2001
232.5000 0.2000
233.0000 0.1999
233.5000 0.1998
234.0000 0.1997
234.5000 0.1995
235.0000 0.1993
235.5000 0.1991
236.0000 0.1989
236.5000 0.1987
237.0000 0.1985
237.5000 0.1983
238.0000 0.1980
238.5000 0.1978
239.0000 0.1975
239.5000 0.1972
240.0000 0.1969
240.5000 0.1966
241.0000 0.1962
241.5000 0.1959
242.0000 0.1955
242.5000 0.1952
243.0000 0.1948
243.5000 0.1944
244.0000 0.1940
244.5000 0.1936
245.0000 0.1931
245.5000 0.1927
246.0000 0.1922
246.5000 0.1917
247.0000 0.1913
247.5000 0.1907
248.0000 0.1902
248.5000 0.1897
249.0000 0.1892
249.5000 0.1886
250.0000 0.1880
250.5000 0.1875
251.0000 0.1869
251.5000 0.1863
252.0000 0.1856
252.5000 0.1850
253.0000 0.1843
253.5000 0.1837
254.0000 0.1830
254.5000 0.1823
255.0000 0.1816
255.5000 0.1809
256.0000 0.1802
256.5000 0.1794
257.0000 0.1787
257.5000 0.1779
258.0000 0.1771
258.5000 0.1763
259.0000 0.1755
259.5000 0.1747
260.0000 0.1739
260.5000 0.1730
261.0000 0.1722
261.5000 0.1713
262.0000 0.1704
262.5000 0.1695
263.0000 0.1686
263.5000 0.1677
264.0000 0.1668
264.5000 0.1658
265.0000 0.1649
265.5000 0.1639
266.0000 0.1630
266.5000 0.1620
267.0000 0.1610
267.5000 0.1600
268.0000 0.1591
268.5000 0.1581
269.0000 0.1571
269.5000 0.1561
270.0000 0.1551
270.5000 0.1541
271.0000 0.1531
271.5000 0.1521
272.0000 0.1511
272.5000 0.1501
273.0000 0.1491
273.5000 0.1481
274.0000 0.1471
274.5000 0.1461
275.0000 0.1451
275.5000 0.1441
276.0000 0.1431
276.5000 0.1421
277.0000 0.1411
277.5000 0.1401
278.0000 0.1391
278.5000 0.1381
279.0000 0.1371
279.5000 0.1361
280.0000 0.1351
280.5000 0.1341
281.0000 0.1331
281.5000 0.1321
282.0000 0.1311
282.5000 0.1301
283.0000 0.1291
283.5000 0.1281
284.0000 0.1271
284.5000 0.1261
285.0000 0.1251
285.5000 0.1241
286.0000 0.1231
286.5000 0.1221
287.0000 0.1211
287.5000 0.1201
288.0000 0.1191
288.5000 0.1181
289.0000 0.1171
289.5000 0.1161
290.0000 0.1151
290.5000 0.1141
291.0000 0.1131
291.5000 0.1121
292.0000 0.1111
292.5000 0.1101
293.0000 0.1091
293.5000 0.1081
294.0000 0.1071
294.5000 0.1061
295.0000 0.1051
295.5000 0.1041
296.0000 0.1031
296.5000 0.1021
297.0000 0.1011
297.5000 0.1001
298.0000 0.0990
298.5000 0.0980
299.0000 0.0970
299.5000 0.0960
300.0000 0.0950
300.5000 0.0940
301.0000 0.0930
301.5000 0.0920
302.0000 0.0910
302.5000 0.0900
303.0000 0.0890
303.5000 0.0880
304.0000 0.0870
304.5000 0.0860
305.0000 0.0850
305.5000 0.0840
306.0000 0.0830
306.5000 0.0820
307.0000 0.0810
307.5000 0.0800
308.0000 0.0790
308.5000 0.0780
309.0000 0.0770
309.5000 0.0760
310.0000 0.0750
310.5000 0.0740
311.0000 0.0730
311.5000 0.0720
312.0000 0.0710
312.5000 0.0700
313.0000 0.0690
313.5000 0.0680
314.0000 0.0670
314.5000 0.0660
315.0000 0.0650
315.5000 0.0640
316.0000 0.0630
316.5000 0.0620
317.0000 0.0610
317.5000 0.0600
318.0000 0.0590
318.5000 0.0580
319.0000 0.0570
319.5000 0.0560
320.0000 0.0550
320.5000 0.0540
321.0000 0.0530
321.5000 0.0520
322.0000 0.0510
322.5000 0.0500
323.0000 0.0490
323.5000 0.0480
324.0000 0.0470
324.5000 0.0460
325.0000 0.0450
325.5000 0.0440
326.0000 0.0430
326.5000 0.0420
327.0000 0.0410
327.5000 0.0400
328.0000 0.0390
328.5000 0.0380
329.0000 0.0370
329.5000 0.0360
330.0000 0.0350
330.5000 0.0340
331.0000 0.0330
331.5000 0.0321
332.0000 0.0311
332.5000 0.0301
333.0000 0.0291
333.5000 0.0282
334.0000 0.0272
334.5000 0.0263
335.0000 0.0254
335.5000 0.0244
336.0000 0.0235
336.5000 0.0226
337.0000 0.0217
337.5000 0.0209
338.0000 0.0200
338.5000 0.0191
339.0000 0.0183
339.5000 0.0175
340.0000 0.0167
340.5000 0.0159
341.0000 0.0151
341.5000 0.0143
342.0000 0.0136
342.5000 0.0128
343.0000 0.0121
343.5000 0.0114
344.0000 0.0107
344.5000 0.0101
345.0000 0.0094
345.5000 0.0088
346.0000 0.0082
346.5000 0.0077
347.0000 0.0071
347.5000 0.0066
348.0000 0.0061
348.5000 0.0056
349.0000 0.0051
349.5000 0.0046
350.0000 0.0042
350.5000 0.0038
351.0000 0.0034
351.5000 0.0031
352.0000 0.0027
352.5000 0.0024
353.0000 0.0021
353.5000 0.0018
354.0000 0.0015
354.5000 0.0013
355.0000 0.0011
355.5000 0.0009
356.0000 0.0007
356.5000 0.0006
357.0000 0.0004
357.5000 0.0003
358.0000 0.0002
358.5000 0.0001
359.0000 0.0001
359.5000 0.0001
