B,49.049 #基圆半径
G,0 #测杆滚轮半径 如果是平面随动件则可以近似设置为10倍基圆半径的滚子

A,0,359.5,0.5 #角度范围及角度步距
0.0000
0.0021
0.0054
0.0128
0.0225
0.0351
0.0502
0.0664
0.086
0.1109
0.1359
0.1636
0.194
0.2271
0.2629
0.3015
0.3428
0.3867
0.4331
0.4821
0.5339
0.5881
0.6451
0.7048
0.767
0.8322
0.8999
0.9703
1.0436
1.1198
1.1988
1.2807
1.3654
1.4527
1.543
1.6359
1.7316
1.83
1.9312
2.0353
2.1422
2.2517
2.364
2.4789
2.597
2.718
2.8422
2.9684
3.098
3.2306
3.367
3.5056
3.6467
3.7907
3.938
4.087
4.2399
4.3958
4.5582
4.7203
4.8855
5.0535
5.2245
5.3985
5.5753
5.7553
5.9385
6.125
6.3147
6.5074
6.7032
6.9016
7.1026
7.3068
7.5138
7.7232
7.9361
8.1523
8.371
8.592
8.8163
9.0441
9.2744
9.5079
9.7446
9.9843
10.227
10.4721
10.7202
10.9711
11.2251
11.4815
11.7407
12.0021
12.2662
12.5329
12.8024
13.0741
13.3487
13.6259
13.9051
14.1874
14.4721
14.7595
15.0497
15.3415
15.6356
15.9323
16.2304
16.5306
16.8324
17.1357
17.4422
17.7501
18.06
18.3711
18.6842
18.998
19.314
19.6316
19.9517
20.2717
20.5943
20.9181
21.2425
21.5684
21.8948
22.2217
22.5495
22.8782
23.2071
23.5364
23.8663
24.1971
24.5279
24.8593
25.1905
25.5221
25.8532
26.1845
26.5148
26.8442
27.1728
27.5008
27.8284
28.155
28.482
28.8084
29.1332
29.4578
29.7811
30.1031
30.4239
30.7435
31.0615
31.3771
31.6908
32.0031
32.3137
32.6224
32.9295
33.2343
33.5371
33.8387
34.1387
34.4361
34.7304
35.022
35.3109
35.5974
35.8809
36.1616
36.4395
36.7154
36.9884
37.2578
37.5246
37.7889
38.0503
38.3083
38.5632
38.8152
39.0639
39.3091
39.551
39.7907
40.0274
40.2607
40.4912
40.7186
40.9422
41.1628
41.3804
41.5946
41.8058
42.0133
42.217
42.4177
42.6147
42.808
42.9982
43.1853
43.3692
43.5495
43.7266
43.9006
44.0712
44.2384
44.4024
44.5632
44.7206
44.8745
45.0252
45.1727
45.3168
45.4585
45.5972
45.7329
45.8655
45.995
46.1211
46.2448
46.3655
46.4826
46.5963
46.7067
46.8149
46.921
47.0244
47.1257
47.2245
47.321
47.4146
47.506
47.5949
47.6813
47.7656
47.8473
47.9264
48.0035
48.0779
48.1498
48.2194
48.2871
48.3526
48.4152
48.4754
48.5335
48.5891
48.6427
48.6936
48.7426
48.7894
48.8337
48.8759
48.9162
48.9554
48.993
49.0286
49.0624
49.0946
49.1254
49.1544
49.1817
49.2075
49.2311
49.253
49.2737
49.2935
49.3128
49.3317
49.3487
49.3639
49.3779
49.3906
49.4019
49.4119
49.421
49.4293
49.4362
49.4419
49.4465
49.4507
49.4545
49.4573
49.4593
49.4605
49.4609
49.4604
49.4596
49.4578
49.4556
49.4526
49.4486
49.4444
49.4398
49.4346
49.4288
49.4224
49.4161
49.4097
49.4027
49.395
49.387
49.3792
49.371
49.3626
49.3536
49.3442
49.3345
49.3248
49.3153
49.3054
49.2951
49.285
49.2746
49.2643
49.2541
49.2438
49.2333
49.2229
49.2129
49.2029
49.1928
49.1828
49.173
49.1641
49.1547
49.1451
49.1358
49.1267
49.1178
49.1089
49.1008
49.0929
49.0849
49.0772
49.07
49.063
49.0564
49.0504
49.046
49.0442
49.0423
49.0427
49.0425
49.0425
49.0425
49.0425
49.0424
49.0424
49.0424
49.0424
49.0424
49.0423
49.0421
49.0418
49.0418
49.0418
49.0418
49.0418
49.0418
49.0418
49.0418
49.0418
49.0418
49.0418
49.0418
49.042
49.0422
49.0417
49.0419
49.0418
49.0434
49.0485
49.0549
49.061
49.0682
49.0757
49.0834
49.0911
49.0992
49.1077
49.1165
49.1254
49.135
49.1449
49.1547
49.1648
49.1751
49.1859
49.1971
49.2084
49.2195
49.2304
49.2409
49.2515
49.2622
49.2727
49.2829
49.2927
49.3023
49.312
49.3216
49.3308
49.3397
49.3489
49.358
49.3665
49.3742
49.3814
49.3884
49.3952
49.4014
49.4069
49.4119
49.4166
49.4204
49.4241
49.4276
49.4305
49.4328
49.4344
49.4355
49.436
49.4356
49.4345
49.4331
49.431
49.4279
49.4238
49.4189
49.413
49.4066
49.3992
49.3909
49.3814
49.371
49.3593
49.3463
49.3322
49.3169
49.3002
49.2821
49.2626
49.2419
49.2197
49.196
49.1711
49.145
49.1176
49.0888
49.0583
49.0262
48.9927
48.958
48.9214
48.8831
48.8431
48.8016
48.7579
48.7125
48.6658
48.6171
48.5664
48.5136
48.4587
48.4022
48.3435
48.2825
48.2197
48.1552
48.0885
48.0196
47.9484
47.8748
47.7994
47.7219
47.6416
47.5587
47.4735
47.3861
47.2961
47.2038
47.1094
47.0124
46.9129
46.8109
46.7066
46.6003
46.4914
46.3798
46.2659
46.1497
46.0309
45.9095
45.7856
45.6592
45.5302
45.3983
45.264
45.1272
44.9876
44.8453
44.6999
44.5521
44.4018
44.2486
44.0928
43.9338
43.7719
43.608
43.4412
43.2712
43.0986
42.9235
42.7459
42.5658
42.3831
42.1976
42.0093
41.8187
41.6251
41.4288
41.2297
41.0274
40.8223
40.615
40.4053
40.1929
39.9777
39.7599
39.539
39.3157
39.0904
38.8629
38.633
38.4006
38.1659
37.9292
37.6895
37.4472
37.2021
36.9543
36.7046
36.4526
36.1981
35.941
35.6815
35.4197
35.1554
34.8891
34.6216
34.3517
34.0798
33.8055
33.5291
33.2507
32.9704
32.6881
32.404
32.118
31.8305
31.5415
31.2503
30.9582
30.6647
30.3703
30.075
29.7781
29.48
29.1808
28.8797
28.5772
28.2735
27.9686
27.663
27.3561
27.0481
26.7386
26.4281
26.1175
25.8062
25.4942
25.1811
24.8677
24.5537
24.2393
23.9242
23.6086
23.2928
22.9768
22.6615
22.3459
22.0307
21.7158
21.4018
21.0879
20.7747
20.4618
20.1492
19.8377
19.5267
19.2156
18.9065
18.598
18.2907
17.9849
17.6802
17.3775
17.0761
16.7761
16.4777
16.1818
15.8876
15.5946
15.303
15.0134
14.7252
14.4388
14.1546
13.8734
13.5933
13.3158
13.0402
12.7665
12.4955
12.2264
11.9598
11.6956
11.4344
11.1766
10.9211
10.6681
10.4174
10.1698
9.9243
9.6819
9.4425
9.2063
8.9727
8.742
8.514
8.2892
8.0672
7.8486
7.633
7.4209
7.2119
7.0055
6.8035
6.6054
6.4075
6.2144
6.0244
5.8376
5.6539
5.4732
5.2964
5.1222
4.9522
4.7851
4.6201
4.4583
4.3004
4.1451
3.9932
3.844
3.6985
3.555
3.4145
3.2781
3.143
3.0114
2.8831
2.7581
2.636
2.5165
2.3997
2.2859
2.1751
2.0674
1.9623
1.8603
1.7608
1.664
1.5699
1.4788
1.3901
1.3042
1.2209
1.1406
1.0632
0.9887
0.9168
0.8478
0.7812
0.7171
0.6558
0.5974
0.5413
0.4879
0.4376
0.3899
0.3448
0.3029
0.2637
0.2274
0.1936
0.1623
0.1337
0.1081
0.085
0.0647
0.0472
0.0324
0.0204
0.0112
0.0047
0.0009