0.0000 0.0000
0.5000 0.0021
1.0000 0.0054
1.5000 0.0128
2.0000 0.0225
2.5000 0.0351
3.0000 0.0502
3.5000 0.0664
4.0000 0.0860
4.5000 0.1109
5.0000 0.1359
5.5000 0.1636
6.0000 0.1940
6.5000 0.2271
7.0000 0.2629
7.5000 0.3015
8.0000 0.3428
8.5000 0.3867
9.0000 0.4331
9.5000 0.4821
10.0000 0.5339
10.5000 0.5881
11.0000 0.6451
11.5000 0.7048
12.0000 0.7670
12.5000 0.8322
13.0000 0.8999
13.5000 0.9703
14.0000 1.0436
14.5000 1.1198
15.0000 1.1988
15.5000 1.2807
16.0000 1.3654
16.5000 1.4527
17.0000 1.5430
17.5000 1.6359
18.0000 1.7316
18.5000 1.8300
19.0000 1.9312
19.5000 2.0353
20.0000 2.1422
20.5000 2.2517
21.0000 2.3640
21.5000 2.4789
22.0000 2.5970
22.5000 2.7180
23.0000 2.8422
23.5000 2.9684
24.0000 3.0980
24.5000 3.2306
25.0000 3.3670
25.5000 3.5056
26.0000 3.6467
26.5000 3.7907
27.0000 3.9380
27.5000 4.0870
28.0000 4.2399
28.5000 4.3958
29.0000 4.5582
29.5000 4.7203
30.0000 4.8855
30.5000 5.0535
31.0000 5.2245
31.5000 5.3985
32.0000 5.5753
32.5000 5.7553
33.0000 5.9385
33.5000 6.1250
34.0000 6.3147
34.5000 6.5074
35.0000 6.7032
35.5000 6.9016
36.0000 7.1026
36.5000 7.3068
37.0000 7.5138
37.5000 7.7232
38.0000 7.9361
38.5000 8.1523
39.0000 8.3710
39.5000 8.5920
40.0000 8.8163
40.5000 9.0441
41.0000 9.2744
41.5000 9.5079
42.0000 9.7446
42.5000 9.9843
43.0000 10.2270
43.5000 10.4721
44.0000 10.7202
44.5000 10.9711
45.0000 11.2251
45.5000 11.4815
46.0000 11.7407
46.5000 12.0021
47.0000 12.2662
47.5000 12.5329
48.0000 12.8024
48.5000 13.0741
49.0000 13.3487
49.5000 13.6259
50.0000 13.9051
50.5000 14.1874
51.0000 14.4721
51.5000 14.7595
52.0000 15.0497
52.5000 15.3415
53.0000 15.6356
53.5000 15.9323
54.0000 16.2304
54.5000 16.5306
55.0000 16.8324
55.5000 17.1357
56.0000 17.4422
56.5000 17.7501
57.0000 18.0600
57.5000 18.3711
58.0000 18.6842
58.5000 18.9980
59.0000 19.3140
59.5000 19.6316
60.0000 19.9517
60.5000 20.2717
61.0000 20.5943
61.5000 20.9181
62.0000 21.2425
62.5000 21.5684
63.0000 21.8948
63.5000 22.2217
64.0000 22.5495
64.5000 22.8782
65.0000 23.2071
65.5000 23.5364
66.0000 23.8663
66.5000 24.1971
67.0000 24.5279
67.5000 24.8593
68.0000 25.1905
68.5000 25.5221
69.0000 25.8532
69.5000 26.1845
70.0000 26.5148
70.5000 26.8442
71.0000 27.1728
71.5000 27.5008
72.0000 27.8284
72.5000 28.1550
73.0000 28.4820
73.5000 28.8084
74.0000 29.1332
74.5000 29.4578
75.0000 29.7811
75.5000 30.1031
76.0000 30.4239
76.5000 30.7435
77.0000 31.0615
77.5000 31.3771
78.0000 31.6908
78.5000 32.0031
79.0000 32.3137
79.5000 32.6224
80.0000 32.9295
80.5000 33.2343
81.0000 33.5371
81.5000 33.8387
82.0000 34.1387
82.5000 34.4361
83.0000 34.7304
83.5000 35.0220
84.0000 35.3109
84.5000 35.5974
85.0000 35.8809
85.5000 36.1616
86.0000 36.4395
86.5000 36.7154
87.0000 36.9884
87.5000 37.2578
88.0000 37.5246
88.5000 37.7889
89.0000 38.0503
89.5000 38.3083
90.0000 38.5632
90.5000 38.8152
91.0000 39.0639
91.5000 39.3091
92.0000 39.5510
92.5000 39.7907
93.0000 40.0274
93.5000 40.2607
94.0000 40.4912
94.5000 40.7186
95.0000 40.9422
95.5000 41.1628
96.0000 41.3804
96.5000 41.5946
97.0000 41.8058
97.5000 42.0133
98.0000 42.2170
98.5000 42.4177
99.0000 42.6147
99.5000 42.8080
100.0000 42.9982
100.5000 43.1853
101.0000 43.3692
101.5000 43.5495
102.0000 43.7266
102.5000 43.9006
103.0000 44.0712
103.5000 44.2384
104.0000 44.4024
104.5000 44.5632
105.0000 44.7206
105.5000 44.8745
106.0000 45.0252
106.5000 45.1727
107.0000 45.3168
107.5000 45.4585
108.0000 45.5972
108.5000 45.7329
109.0000 45.8655
109.5000 45.9950
110.0000 46.1211
110.5000 46.2448
111.0000 46.3655
111.5000 46.4826
112.0000 46.5963
112.5000 46.7067
113.0000 46.8149
113.5000 46.9210
114.0000 47.0244
114.5000 47.1257
115.0000 47.2245
115.5000 47.3210
116.0000 47.4146
116.5000 47.5060
117.0000 47.5949
117.5000 47.6813
118.0000 47.7656
118.5000 47.8473
119.0000 47.9264
119.5000 48.0035
120.0000 48.0779
120.5000 48.1498
121.0000 48.2194
121.5000 48.2871
122.0000 48.3526
122.5000 48.4152
123.0000 48.4754
123.5000 48.5335
124.0000 48.5891
124.5000 48.6427
125.0000 48.6936
125.5000 48.7426
126.0000 48.7894
126.5000 48.8337
127.0000 48.8759
127.5000 48.9162
128.0000 48.9554
128.5000 48.9930
129.0000 49.0286
129.5000 49.0624
130.0000 49.0946
130.5000 49.1254
131.0000 49.1544
131.5000 49.1817
132.0000 49.2075
132.5000 49.2311
133.0000 49.2530
133.5000 49.2737
134.0000 49.2935
134.5000 49.3128
135.0000 49.3317
135.5000 49.3487
136.0000 49.3639
136.5000 49.3779
137.0000 49.3906
137.5000 49.4019
138.0000 49.4119
138.5000 49.4210
139.0000 49.4293
139.5000 49.4362
140.0000 49.4419
140.5000 49.4465
141.0000 49.4507
141.5000 49.4545
142.0000 49.4573
142.5000 49.4593
143.0000 49.4605
143.5000 49.4609
144.0000 49.4604
144.5000 49.4596
145.0000 49.4578
145.5000 49.4556
146.0000 49.4526
146.5000 49.4486
147.0000 49.4444
147.5000 49.4398
148.0000 49.4346
148.5000 49.4288
149.0000 49.4224
149.5000 49.4161
150.0000 49.4097
150.5000 49.4027
151.0000 49.3950
151.5000 49.3870
152.0000 49.3792
152.5000 49.3710
153.0000 49.3626
153.5000 49.3536
154.0000 49.3442
154.5000 49.3345
155.0000 49.3248
155.5000 49.3153
156.0000 49.3054
156.5000 49.2951
157.0000 49.2850
157.5000 49.2746
158.0000 49.2643
158.5000 49.2541
159.0000 49.2438
159.5000 49.2333
160.0000 49.2229
160.5000 49.2129
161.0000 49.2029
161.5000 49.1928
162.0000 49.1828
162.5000 49.1730
163.0000 49.1641
163.5000 49.1547
164.0000 49.1451
164.5000 49.1358
165.0000 49.1267
165.5000 49.1178
166.0000 49.1089
166.5000 49.1008
167.0000 49.0929
167.5000 49.0849
168.0000 49.0772
168.5000 49.0700
169.0000 49.0630
169.5000 49.0564
170.0000 49.0504
170.5000 49.0460
171.0000 49.0442
171.5000 49.0423
172.0000 49.0427
172.5000 49.0425
173.0000 49.0425
173.5000 49.0425
174.0000 49.0425
174.5000 49.0424
175.0000 49.0424
175.5000 49.0424
176.0000 49.0424
176.5000 49.0424
177.0000 49.0423
177.5000 49.0421
178.0000 49.0418
178.5000 49.0418
179.0000 49.0418
179.5000 49.0418
180.0000 49.0418
180.5000 49.0418
181.0000 49.0418
181.5000 49.0418
182.0000 49.0418
182.5000 49.0418
183.0000 49.0418
183.5000 49.0418
184.0000 49.0420
184.5000 49.0422
185.0000 49.0417
185.5000 49.0419
186.0000 49.0418
186.5000 49.0434
187.0000 49.0485
187.5000 49.0549
188.0000 49.0610
188.5000 49.0682
189.0000 49.0757
189.5000 49.0834
190.0000 49.0911
190.5000 49.0992
191.0000 49.1077
191.5000 49.1165
192.0000 49.1254
192.5000 49.1350
193.0000 49.1449
193.5000 49.1547
194.0000 49.1648
194.5000 49.1751
195.0000 49.1859
195.5000 49.1971
196.0000 49.2084
196.5000 49.2195
197.0000 49.2304
197.5000 49.2409
198.0000 49.2515
198.5000 49.2622
199.0000 49.2727
199.5000 49.2829
200.0000 49.2927
200.5000 49.3023
201.0000 49.3120
201.5000 49.3216
202.0000 49.3308
202.5000 49.3397
203.0000 49.3489
203.5000 49.3580
204.0000 49.3665
204.5000 49.3742
205.0000 49.3814
205.5000 49.3884
206.0000 49.3952
206.5000 49.4014
207.0000 49.4069
207.5000 49.4119
208.0000 49.4166
208.5000 49.4204
209.0000 49.4241
209.5000 49.4276
210.0000 49.4305
210.5000 49.4328
211.0000 49.4344
211.5000 49.4355
212.0000 49.4360
212.5000 49.4356
213.0000 49.4345
213.5000 49.4331
214.0000 49.4310
214.5000 49.4279
215.0000 49.4238
215.5000 49.4189
216.0000 49.4130
216.5000 49.4066
217.0000 49.3992
217.5000 49.3909
218.0000 49.3814
218.5000 49.3710
219.0000 49.3593
219.5000 49.3463
220.0000 49.3322
220.5000 49.3169
221.0000 49.3002
221.5000 49.2821
222.0000 49.2626
222.5000 49.2419
223.0000 49.2197
223.5000 49.1960
224.0000 49.1711
224.5000 49.1450
225.0000 49.1176
225.5000 49.0888
226.0000 49.0583
226.5000 49.0262
227.0000 48.9927
227.5000 48.9580
228.0000 48.9214
228.5000 48.8831
229.0000 48.8431
229.5000 48.8016
230.0000 48.7579
230.5000 48.7125
231.0000 48.6658
231.5000 48.6171
232.0000 48.5664
232.5000 48.5136
233.0000 48.4587
233.5000 48.4022
234.0000 48.3435
234.5000 48.2825
235.0000 48.2197
235.5000 48.1552
236.0000 48.0885
236.5000 48.0196
237.0000 47.9484
237.5000 47.8748
238.0000 47.7994
238.5000 47.7219
239.0000 47.6416
239.5000 47.5587
240.0000 47.4735
240.5000 47.3861
241.0000 47.2961
241.5000 47.2038
242.0000 47.1094
242.5000 47.0124
243.0000 46.9129
243.5000 46.8109
244.0000 46.7066
244.5000 46.6003
245.0000 46.4914
245.5000 46.3798
246.0000 46.2659
246.5000 46.1497
247.0000 46.0309
247.5000 45.9095
248.0000 45.7856
248.5000 45.6592
249.0000 45.5302
249.5000 45.3983
250.0000 45.2640
250.5000 45.1272
251.0000 44.9876
251.5000 44.8453
252.0000 44.6999
252.5000 44.5521
253.0000 44.4018
253.5000 44.2486
254.0000 44.0928
254.5000 43.9338
255.0000 43.7719
255.5000 43.6080
256.0000 43.4412
256.5000 43.2712
257.0000 43.0986
257.5000 42.9235
258.0000 42.7459
258.5000 42.5658
259.0000 42.3831
259.5000 42.1976
260.0000 42.0093
260.5000 41.8187
261.0000 41.6251
261.5000 41.4288
262.0000 41.2297
262.5000 41.0274
263.0000 40.8223
263.5000 40.6150
264.0000 40.4053
264.5000 40.1929
265.0000 39.9777
265.5000 39.7599
266.0000 39.5390
266.5000 39.3157
267.0000 39.0904
267.5000 38.8629
268.0000 38.6330
268.5000 38.4006
269.0000 38.1659
269.5000 37.9292
270.0000 37.6895
270.5000 37.4472
271.0000 37.2021
271.5000 36.9543
272.0000 36.7046
272.5000 36.4526
273.0000 36.1981
273.5000 35.9410
274.0000 35.6815
274.5000 35.4197
275.0000 35.1554
275.5000 34.8891
276.0000 34.6216
276.5000 34.3517
277.0000 34.0798
277.5000 33.8055
278.0000 33.5291
278.5000 33.2507
279.0000 32.9704
279.5000 32.6881
280.0000 32.4040
280.5000 32.1180
281.0000 31.8305
281.5000 31.5415
282.0000 31.2503
282.5000 30.9582
283.0000 30.6647
283.5000 30.3703
284.0000 30.0750
284.5000 29.7781
285.0000 29.4800
285.5000 29.1808
286.0000 28.8797
286.5000 28.5772
287.0000 28.2735
287.5000 27.9686
288.0000 27.6630
288.5000 27.3561
289.0000 27.0481
289.5000 26.7386
290.0000 26.4281
290.5000 26.1175
291.0000 25.8062
291.5000 25.4942
292.0000 25.1811
292.5000 24.8677
293.0000 24.5537
293.5000 24.2393
294.0000 23.9242
294.5000 23.6086
295.0000 23.2928
295.5000 22.9768
296.0000 22.6615
296.5000 22.3459
297.0000 22.0307
297.5000 21.7158
298.0000 21.4018
298.5000 21.0879
299.0000 20.7747
299.5000 20.4618
300.0000 20.1492
300.5000 19.8377
301.0000 19.5267
301.5000 19.2156
302.0000 18.9065
302.5000 18.5980
303.0000 18.2907
303.5000 17.9849
304.0000 17.6802
304.5000 17.3775
305.0000 17.0761
305.5000 16.7761
306.0000 16.4777
306.5000 16.1818
307.0000 15.8876
307.5000 15.5946
308.0000 15.3030
308.5000 15.0134
309.0000 14.7252
309.5000 14.4388
310.0000 14.1546
310.5000 13.8734
311.0000 13.5933
311.5000 13.3158
312.0000 13.0402
312.5000 12.7665
313.0000 12.4955
313.5000 12.2264
314.0000 11.9598
314.5000 11.6956
315.0000 11.4344
315.5000 11.1766
316.0000 10.9211
316.5000 10.6681
317.0000 10.4174
317.5000 10.1698
318.0000 9.9243
318.5000 9.6819
319.0000 9.4425
319.5000 9.2063
320.0000 8.9727
320.5000 8.7420
321.0000 8.5140
321.5000 8.2892
322.0000 8.0672
322.5000 7.8486
323.0000 7.6330
323.5000 7.4209
324.0000 7.2119
324.5000 7.0055
325.0000 6.8035
325.5000 6.6054
326.0000 6.4075
326.5000 6.2144
327.0000 6.0244
327.5000 5.8376
328.0000 5.6539
328.5000 5.4732
329.0000 5.2964
329.5000 5.1222
330.0000 4.9522
330.5000 4.7851
331.0000 4.6201
331.5000 4.4583
332.0000 4.3004
332.5000 4.1451
333.0000 3.9932
333.5000 3.8440
334.0000 3.6985
334.5000 3.5550
335.0000 3.4145
335.5000 3.2781
336.0000 3.1430
336.5000 3.0114
337.0000 2.8831
337.5000 2.7581
338.0000 2.6360
338.5000 2.5165
339.0000 2.3997
339.5000 2.2859
340.0000 2.1751
340.5000 2.0674
341.0000 1.9623
341.5000 1.8603
342.0000 1.7608
342.5000 1.6640
343.0000 1.5699
343.5000 1.4788
344.0000 1.3901
344.5000 1.3042
345.0000 1.2209
345.5000 1.1406
346.0000 1.0632
346.5000 0.9887
347.0000 0.9168
347.5000 0.8478
348.0000 0.7812
348.5000 0.7171
349.0000 0.6558
349.5000 0.5974
350.0000 0.5413
350.5000 0.4879
351.0000 0.4376
351.5000 0.3899
352.0000 0.3448
352.5000 0.3029
353.0000 0.2637
353.5000 0.2274
354.0000 0.1936
354.5000 0.1623
355.0000 0.1337
355.5000 0.1081
356.0000 0.0850
356.5000 0.0647
357.0000 0.0472
357.5000 0.0324
358.0000 0.0204
358.5000 0.0112
359.0000 0.0047
359.5000 0.0009
