0.0000 0.0000
0.5000 0.0000
1.0000 0.0000
1.5000 0.0000
2.0000 0.0000
2.5000 0.0000
3.0000 0.0000
3.5000 0.0001
4.0000 0.0002
4.5000 0.0003
5.0000 0.0003
5.5000 0.0004
6.0000 0.0005
6.5000 0.0006
7.0000 0.0006
7.5000 0.0007
8.0000 0.0009
8.5000 0.0011
9.0000 0.0014
9.5000 0.0016
10.0000 0.0019
10.5000 0.0021
11.0000 0.0023
11.5000 0.0026
12.0000 0.0028
12.5000 0.0033
13.0000 0.0037
13.5000 0.0042
14.0000 0.0046
14.5000 0.0051
15.0000 0.0056
15.5000 0.0060
16.0000 0.0068
16.5000 0.0076
17.0000 0.0085
17.5000 0.0093
18.0000 0.0102
18.5000 0.0113
19.0000 0.0126
19.5000 0.0138
20.0000 0.0151
20.5000 0.0163
21.0000 0.0176
21.5000 0.0188
22.0000 0.0201
22.5000 0.0213
23.0000 0.0226
23.5000 0.0238
24.0000 0.0251
24.5000 0.0263
25.0000 0.0275
25.5000 0.0288
26.0000 0.0300
26.5000 0.0313
27.0000 0.0325
27.5000 0.0338
28.0000 0.0350
28.5000 0.0363
29.0000 0.0375
29.5000 0.0388
30.0000 0.0400
30.5000 0.0412
31.0000 0.0425
31.5000 0.0437
32.0000 0.0450
32.5000 0.0462
33.0000 0.0475
33.5000 0.0487
34.0000 0.0500
34.5000 0.0512
35.0000 0.0525
35.5000 0.0537
36.0000 0.0549
36.5000 0.0562
37.0000 0.0574
37.5000 0.0587
38.0000 0.0599
38.5000 0.0612
39.0000 0.0624
39.5000 0.0637
40.0000 0.0649
40.5000 0.0662
41.0000 0.0674
41.5000 0.0687
42.0000 0.0699
42.5000 0.0711
43.0000 0.0724
43.5000 0.0736
44.0000 0.0749
44.5000 0.0761
45.0000 0.0774
45.5000 0.0786
46.0000 0.0799
46.5000 0.0811
47.0000 0.0824
47.5000 0.0836
48.0000 0.0848
48.5000 0.0861
49.0000 0.0873
49.5000 0.0886
50.0000 0.0898
50.5000 0.0911
51.0000 0.0923
51.5000 0.0936
52.0000 0.0948
52.5000 0.0961
53.0000 0.0973
53.5000 0.0985
54.0000 0.0998
54.5000 0.1010
55.0000 0.1023
55.5000 0.1035
56.0000 0.1048
56.5000 0.1060
57.0000 0.1073
57.5000 0.1085
58.0000 0.1098
58.5000 0.1110
59.0000 0.1122
59.5000 0.1135
60.0000 0.1147
60.5000 0.1160
61.0000 0.1172
61.5000 0.1185
62.0000 0.1197
62.5000 0.1210
63.0000 0.1222
63.5000 0.1235
64.0000 0.1247
64.5000 0.1260
65.0000 0.1272
65.5000 0.1284
66.0000 0.1297
66.5000 0.1309
67.0000 0.1322
67.5000 0.1334
68.0000 0.1347
68.5000 0.1359
69.0000 0.1372
69.5000 0.1384
70.0000 0.1397
70.5000 0.1409
71.0000 0.1421
71.5000 0.1434
72.0000 0.1446
72.5000 0.1459
73.0000 0.1471
73.5000 0.1484
74.0000 0.1496
74.5000 0.1509
75.0000 0.1521
75.5000 0.1534
76.0000 0.1546
76.5000 0.1558
77.0000 0.1571
77.5000 0.1583
78.0000 0.1596
78.5000 0.1608
79.0000 0.1621
79.5000 0.1633
80.0000 0.1646
80.5000 0.1658
81.0000 0.1671
81.5000 0.1683
82.0000 0.1696
82.5000 0.1708
83.0000 0.1720
83.5000 0.1733
84.0000 0.1745
84.5000 0.1758
85.0000 0.1769
85.5000 0.1779
86.0000 0.1790
86.5000 0.1800
87.0000 0.1809
87.5000 0.1817
88.0000 0.1824
88.5000 0.1832
89.0000 0.1840
89.5000 0.1847
90.0000 0.1853
90.5000 0.1859
91.0000 0.1865
91.5000 0.1871
92.0000 0.1877
92.5000 0.1882
93.0000 0.1887
93.5000 0.1892
94.0000 0.1896
94.5000 0.1901
95.0000 0.1905
95.5000 0.1910
96.0000 0.1914
96.5000 0.1919
97.0000 0.1922
97.5000 0.1926
98.0000 0.1929
98.5000 0.1932
99.0000 0.1936
99.5000 0.1939
100.0000 0.1943
100.5000 0.1946
101.0000 0.1949
101.5000 0.1951
102.0000 0.1954
102.5000 0.1956
103.0000 0.1959
103.5000 0.1962
104.0000 0.1964
104.5000 0.1967
105.0000 0.1969
105.5000 0.1971
106.0000 0.1973
106.5000 0.1974
107.0000 0.1976
107.5000 0.1978
108.0000 0.1980
108.5000 0.1982
109.0000 0.1983
109.5000 0.1985
110.0000 0.1986
110.5000 0.1987
111.0000 0.1988
111.5000 0.1990
112.0000 0.1991
112.5000 0.1992
113.0000 0.1993
113.5000 0.1994
114.0000 0.1995
114.5000 0.1996
115.0000 0.1996
115.5000 0.1997
116.0000 0.1997
116.5000 0.1998
117.0000 0.1998
117.5000 0.1998
118.0000 0.1999
118.5000 0.1999
119.0000 0.2000
119.5000 0.2000
120.0000 0.2000
120.5000 0.1999
121.0000 0.1999
121.5000 0.1999
122.0000 0.1999
122.5000 0.1998
123.0000 0.1998
123.5000 0.1998
124.0000 0.1998
124.5000 0.1997
125.0000 0.1996
125.5000 0.1995
126.0000 0.1995
126.5000 0.1994
127.0000 0.1993
127.5000 0.1992
128.0000 0.1991
128.5000 0.1990
129.0000 0.1989
129.5000 0.1988
130.0000 0.1986
130.5000 0.1985
131.0000 0.1983
131.5000 0.1982
132.0000 0.1980
132.5000 0.1978
133.0000 0.1977
133.5000 0.1975
134.0000 0.1974
134.5000 0.1971
135.0000 0.1969
135.5000 0.1966
136.0000 0.1964
136.5000 0.1962
137.0000 0.1959
137.5000 0.1957
138.0000 0.1955
138.5000 0.1952
139.0000 0.1949
139.5000 0.1946
140.0000 0.1943
140.5000 0.1940
141.0000 0.1936
141.5000 0.1933
142.0000 0.1930
142.5000 0.1927
143.0000 0.1923
143.5000 0.1918
144.0000 0.1914
144.5000 0.1909
145.0000 0.1905
145.5000 0.1900
146.0000 0.1896
146.5000 0.1891
147.0000 0.1887
147.5000 0.1882
148.0000 0.1878
148.5000 0.1873
149.0000 0.1869
149.5000 0.1864
150.0000 0.1860
150.5000 0.1855
151.0000 0.1850
151.5000 0.1846
152.0000 0.1841
152.5000 0.1836
153.0000 0.1831
153.5000 0.1827
154.0000 0.1822
154.5000 0.1817
155.0000 0.1812
155.5000 0.1807
156.0000 0.1803
156.5000 0.1798
157.0000 0.1793
157.5000 0.1788
158.0000 0.1784
158.5000 0.1779
159.0000 0.1774
159.5000 0.1769
160.0000 0.1764
160.5000 0.1760
161.0000 0.1755
161.5000 0.1750
162.0000 0.1745
162.5000 0.1741
163.0000 0.1736
163.5000 0.1731
164.0000 0.1726
164.5000 0.1721
165.0000 0.1717
165.5000 0.1712
166.0000 0.1707
166.5000 0.1702
167.0000 0.1698
167.5000 0.1693
168.0000 0.1688
168.5000 0.1683
169.0000 0.1678
169.5000 0.1674
170.0000 0.1669
170.5000 0.1664
171.0000 0.1659
171.5000 0.1655
172.0000 0.1650
172.5000 0.1645
173.0000 0.1640
173.5000 0.1635
174.0000 0.1631
174.5000 0.1626
175.0000 0.1621
175.5000 0.1616
176.0000 0.1612
176.5000 0.1607
177.0000 0.1602
177.5000 0.1597
178.0000 0.1592
178.5000 0.1588
179.0000 0.1583
179.5000 0.1578
180.0000 0.1573
180.5000 0.1569
181.0000 0.1564
181.5000 0.1559
182.0000 0.1554
182.5000 0.1549
183.0000 0.1545
183.5000 0.1540
184.0000 0.1535
184.5000 0.1530
185.0000 0.1526
185.5000 0.1521
186.0000 0.1516
186.5000 0.1511
187.0000 0.1506
187.5000 0.1502
188.0000 0.1497
188.5000 0.1492
189.0000 0.1487
189.5000 0.1483
190.0000 0.1478
190.5000 0.1473
191.0000 0.1468
191.5000 0.1463
192.0000 0.1459
192.5000 0.1454
193.0000 0.1449
193.5000 0.1444
194.0000 0.1440
194.5000 0.1435
195.0000 0.1430
195.5000 0.1425
196.0000 0.1420
196.5000 0.1416
197.0000 0.1411
197.5000 0.1406
198.0000 0.1401
198.5000 0.1397
199.0000 0.1392
199.5000 0.1387
200.0000 0.1382
200.5000 0.1377
201.0000 0.1373
201.5000 0.1368
202.0000 0.1363
202.5000 0.1358
203.0000 0.1354
203.5000 0.1349
204.0000 0.1344
204.5000 0.1339
205.0000 0.1334
205.5000 0.1330
206.0000 0.1325
206.5000 0.1320
207.0000 0.1315
207.5000 0.1311
208.0000 0.1306
208.5000 0.1301
209.0000 0.1296
209.5000 0.1291
210.0000 0.1287
210.5000 0.1282
211.0000 0.1277
211.5000 0.1272
212.0000 0.1268
212.5000 0.1263
213.0000 0.1258
213.5000 0.1253
214.0000 0.1248
214.5000 0.1244
215.0000 0.1239
215.5000 0.1234
216.0000 0.1229
216.5000 0.1225
217.0000 0.1220
217.5000 0.1215
218.0000 0.1210
218.5000 0.1205
219.0000 0.1201
219.5000 0.1196
220.0000 0.1191
220.5000 0.1186
221.0000 0.1182
221.5000 0.1177
222.0000 0.1172
222.5000 0.1167
223.0000 0.1162
223.5000 0.1158
224.0000 0.1153
224.5000 0.1148
225.0000 0.1143
225.5000 0.1139
226.0000 0.1134
226.5000 0.1129
227.0000 0.1124
227.5000 0.1119
228.0000 0.1115
228.5000 0.1110
229.0000 0.1105
229.5000 0.1100
230.0000 0.1096
230.5000 0.1091
231.0000 0.1086
231.5000 0.1081
232.0000 0.1076
232.5000 0.1072
233.0000 0.1067
233.5000 0.1062
234.0000 0.1057
234.5000 0.1053
235.0000 0.1048
235.5000 0.1043
236.0000 0.1038
236.5000 0.1033
237.0000 0.1029
237.5000 0.1024
238.0000 0.1019
238.5000 0.1014
239.0000 0.1010
239.5000 0.1005
240.0000 0.1000
240.5000 0.0995
241.0000 0.0990
241.5000 0.0986
242.0000 0.0981
242.5000 0.0976
243.0000 0.0971
243.5000 0.0967
244.0000 0.0962
244.5000 0.0957
245.0000 0.0952
245.5000 0.0947
246.0000 0.0943
246.5000 0.0938
247.0000 0.0933
247.5000 0.0928
248.0000 0.0924
248.5000 0.0919
249.0000 0.0914
249.5000 0.0909
250.0000 0.0904
250.5000 0.0900
251.0000 0.0895
251.5000 0.0890
252.0000 0.0885
252.5000 0.0881
253.0000 0.0876
253.5000 0.0871
254.0000 0.0866
254.5000 0.0861
255.0000 0.0857
255.5000 0.0852
256.0000 0.0847
256.5000 0.0842
257.0000 0.0838
257.5000 0.0833
258.0000 0.0828
258.5000 0.0823
259.0000 0.0818
259.5000 0.0814
260.0000 0.0809
260.5000 0.0804
261.0000 0.0799
261.5000 0.0795
262.0000 0.0790
262.5000 0.0785
263.0000 0.0780
263.5000 0.0775
264.0000 0.0771
264.5000 0.0766
265.0000 0.0761
265.5000 0.0756
266.0000 0.0752
266.5000 0.0747
267.0000 0.0742
267.5000 0.0737
268.0000 0.0732
268.5000 0.0728
269.0000 0.0723
269.5000 0.0718
270.0000 0.0713
270.5000 0.0709
271.0000 0.0704
271.5000 0.0699
272.0000 0.0694
272.5000 0.0689
273.0000 0.0685
273.5000 0.0680
274.0000 0.0675
274.5000 0.0670
275.0000 0.0666
275.5000 0.0661
276.0000 0.0656
276.5000 0.0651
277.0000 0.0646
277.5000 0.0642
278.0000 0.0637
278.5000 0.0632
279.0000 0.0627
279.5000 0.0623
280.0000 0.0618
280.5000 0.0613
281.0000 0.0608
281.5000 0.0603
282.0000 0.0599
282.5000 0.0594
283.0000 0.0589
283.5000 0.0584
284.0000 0.0580
284.5000 0.0575
285.0000 0.0570
285.5000 0.0565
286.0000 0.0560
286.5000 0.0556
287.0000 0.0551
287.5000 0.0546
288.0000 0.0541
288.5000 0.0537
289.0000 0.0532
289.5000 0.0527
290.0000 0.0522
290.5000 0.0517
291.0000 0.0513
291.5000 0.0508
292.0000 0.0503
292.5000 0.0498
293.0000 0.0494
293.5000 0.0489
294.0000 0.0484
294.5000 0.0479
295.0000 0.0474
295.5000 0.0470
296.0000 0.0465
296.5000 0.0460
297.0000 0.0455
297.5000 0.0451
298.0000 0.0446
298.5000 0.0441
299.0000 0.0436
299.5000 0.0431
300.0000 0.0427
300.5000 0.0422
301.0000 0.0417
301.5000 0.0412
302.0000 0.0408
302.5000 0.0403
303.0000 0.0398
303.5000 0.0393
304.0000 0.0388
304.5000 0.0384
305.0000 0.0379
305.5000 0.0374
306.0000 0.0369
306.5000 0.0365
307.0000 0.0360
307.5000 0.0355
308.0000 0.0350
308.5000 0.0345
309.0000 0.0341
309.5000 0.0336
310.0000 0.0331
310.5000 0.0326
311.0000 0.0322
311.5000 0.0317
312.0000 0.0312
312.5000 0.0307
313.0000 0.0302
313.5000 0.0298
314.0000 0.0293
314.5000 0.0288
315.0000 0.0283
315.5000 0.0279
316.0000 0.0274
316.5000 0.0269
317.0000 0.0264
317.5000 0.0259
318.0000 0.0255
318.5000 0.0250
319.0000 0.0245
319.5000 0.0240
320.0000 0.0236
320.5000 0.0231
321.0000 0.0226
321.5000 0.0221
322.0000 0.0216
322.5000 0.0212
323.0000 0.0207
323.5000 0.0202
324.0000 0.0197
324.5000 0.0193
325.0000 0.0188
325.5000 0.0183
326.0000 0.0178
326.5000 0.0173
327.0000 0.0169
327.5000 0.0164
328.0000 0.0159
328.5000 0.0154
329.0000 0.0150
329.5000 0.0145
330.0000 0.0140
330.5000 0.0135
331.0000 0.0130
331.5000 0.0126
332.0000 0.0121
332.5000 0.0116
333.0000 0.0111
333.5000 0.0107
334.0000 0.0102
334.5000 0.0097
335.0000 0.0093
335.5000 0.0088
336.0000 0.0084
336.5000 0.0080
337.0000 0.0076
337.5000 0.0072
338.0000 0.0068
338.5000 0.0064
339.0000 0.0061
339.5000 0.0058
340.0000 0.0055
340.5000 0.0051
341.0000 0.0048
341.5000 0.0045
342.0000 0.0042
342.5000 0.0040
343.0000 0.0038
343.5000 0.0035
344.0000 0.0033
344.5000 0.0030
345.0000 0.0028
345.5000 0.0026
346.0000 0.0024
346.5000 0.0022
347.0000 0.0020
347.5000 0.0019
348.0000 0.0017
348.5000 0.0016
349.0000 0.0014
349.5000 0.0012
350.0000 0.0011
350.5000 0.0010
351.0000 0.0009
351.5000 0.0008
352.0000 0.0007
352.5000 0.0006
353.0000 0.0005
353.5000 0.0004
354.0000 0.0003
354.5000 0.0003
355.0000 0.0002
355.5000 0.0002
356.0000 0.0002
356.5000 0.0001
357.0000 0.0001
357.5000 0.0001
358.0000 0.0000
358.5000 0.0000
359.0000 0.0000
359.5000 0.0000
