0.0000 0.0000
0.0000 0.0000
0.0000 0.0000
0.0000 0.0000
0.0000 0.0000
0.0000 0.0000
0.0863 0.0000
0.1863 0.0000
0.2863 0.0000
0.3863 0.0000
0.4863 0.0000
0.5863 0.0000
0.6863 0.0000
0.7863 0.0000
0.8863 0.0000
0.9863 0.0000
1.0863 0.0000
1.1863 0.0000
1.2863 0.0000
1.3863 0.0000
1.4863 0.0000
1.5863 0.0000
1.6863 0.0000
1.7863 0.0000
1.8863 0.0000
1.9863 0.0000
2.0863 0.0000
2.1863 0.0000
2.2863 0.0000
2.3863 0.0000
2.4863 0.0000
2.5863 0.0000
2.6863 0.0000
2.7863 0.0000
7.6201 0.0007
12.0298 0.0028
15.6287 0.0061
18.1010 0.0104
19.5225 0.0139
21.3820 0.0185
23.2415 0.0232
25.1010 0.0278
26.9605 0.0324
28.8200 0.0371
30.6795 0.0417
32.5390 0.0463
34.3985 0.0510
36.2580 0.0556
38.1175 0.0602
39.9770 0.0649
41.8365 0.0695
43.6960 0.0741
45.5555 0.0788
47.4150 0.0834
49.2745 0.0880
51.1340 0.0927
52.9935 0.0973
54.8530 0.1019
56.7125 0.1066
58.5720 0.1112
60.4315 0.1158
62.2910 0.1204
64.1505 0.1251
66.0100 0.1297
67.8695 0.1343
69.7290 0.1390
71.5885 0.1436
73.4480 0.1482
75.3075 0.1529
77.1670 0.1575
79.0265 0.1621
80.8860 0.1668
82.7455 0.1714
84.6050 0.1760
84.6050 0.1760
86.7500 0.1805
89.4577 0.1847
92.6826 0.1885
96.3699 0.1918
100.4574 0.1946
104.8760 0.1969
109.5509 0.1985
114.4031 0.1996
119.3507 0.2000
124.3099 0.1998
129.1968 0.1989
133.9290 0.1974
138.4263 0.1953
142.6128 0.1926
149.9683 0.1860
153.5190 0.1826
157.0696 0.1792
160.6203 0.1759
164.1710 0.1725
167.7217 0.1691
171.2724 0.1657
174.8231 0.1623
178.3738 0.1589
181.9245 0.1555
185.4752 0.1521
189.0259 0.1487
192.5766 0.1453
196.1273 0.1419
199.6779 0.1385
203.2286 0.1351
206.7793 0.1317
210.3300 0.1284
213.8807 0.1250
217.4314 0.1216
220.9821 0.1182
224.5328 0.1148
228.0835 0.1114
231.6342 0.1080
235.1849 0.1046
238.7355 0.1012
242.2862 0.0978
245.8369 0.0944
249.3876 0.0910
252.9383 0.0876
256.4890 0.0842
260.0397 0.0809
263.5904 0.0775
267.1411 0.0741
270.6918 0.0707
274.2425 0.0673
277.7932 0.0639
281.3438 0.0605
284.8945 0.0571
288.4452 0.0537
291.9959 0.0503
295.5466 0.0469
299.0973 0.0435
302.6480 0.0401
306.1987 0.0367
309.7494 0.0334
313.3001 0.0300
316.8508 0.0266
320.4015 0.0232
323.9521 0.0198
327.5028 0.0164
331.0535 0.0130
334.6042 0.0096
337.9739 0.0068
341.6755 0.0044
345.6494 0.0025
349.8314 0.0011
354.1540 0.0003
358.5475 0.0000
