0.0000 0.0000
0.5000 0.0013
1.0000 0.0053
1.5000 0.0120
2.0000 0.0213
2.5000 0.0333
3.0000 0.0479
3.5000 0.0653
4.0000 0.0853
4.5000 0.1080
5.0000 0.1333
5.5000 0.1614
6.0000 0.1921
6.5000 0.2256
7.0000 0.2617
7.5000 0.3006
8.0000 0.3421
8.5000 0.3864
9.0000 0.4333
9.5000 0.4830
10.0000 0.5354
10.5000 0.5906
11.0000 0.6484
11.5000 0.7090
12.0000 0.7724
12.5000 0.8385
13.0000 0.9073
13.5000 0.9789
14.0000 1.0532
14.5000 1.1304
15.0000 1.2103
15.5000 1.2929
16.0000 1.3784
16.5000 1.4667
17.0000 1.5577
17.5000 1.6516
18.0000 1.7483
18.5000 1.8479
19.0000 1.9502
19.5000 2.0555
20.0000 2.1635
20.5000 2.2745
21.0000 2.3883
21.5000 2.5051
22.0000 2.6247
22.5000 2.7472
23.0000 2.8727
23.5000 3.0011
24.0000 3.1325
24.5000 3.2668
25.0000 3.4041
25.5000 3.5444
26.0000 3.6877
26.5000 3.8340
27.0000 3.9833
27.5000 4.1357
28.0000 4.2911
28.5000 4.4496
29.0000 4.6111
29.5000 4.7757
30.0000 4.9434
30.5000 5.1142
31.0000 5.2881
31.5000 5.4651
32.0000 5.6452
32.5000 5.8284
33.0000 6.0148
33.5000 6.2043
34.0000 6.3969
34.5000 6.5926
35.0000 6.7915
35.5000 6.9935
36.0000 7.1985
36.5000 7.4067
37.0000 7.6180
37.5000 7.8324
38.0000 8.0498
38.5000 8.2703
39.0000 8.4938
39.5000 8.7203
40.0000 8.9498
40.5000 9.1823
41.0000 9.4177
41.5000 9.6559
42.0000 9.8971
42.5000 10.1411
43.0000 10.3878
43.5000 10.6374
44.0000 10.8896
44.5000 11.1445
45.0000 11.4020
45.5000 11.6621
46.0000 11.9247
46.5000 12.1898
47.0000 12.4574
47.5000 12.7273
48.0000 12.9995
48.5000 13.2741
49.0000 13.5508
49.5000 13.8297
50.0000 14.1108
50.5000 14.3939
51.0000 14.6789
51.5000 14.9660
52.0000 15.2549
52.5000 15.5456
53.0000 15.8381
53.5000 16.1323
54.0000 16.4282
54.5000 16.7256
55.0000 17.0246
55.5000 17.3250
56.0000 17.6267
56.5000 17.9298
57.0000 18.2342
57.5000 18.5397
58.0000 18.8464
58.5000 19.1540
59.0000 19.4627
59.5000 19.7722
60.0000 20.0826
60.5000 20.3936
61.0000 20.7053
61.5000 21.0176
62.0000 21.3304
62.5000 21.6436
63.0000 21.9571
63.5000 22.2708
64.0000 22.5847
64.5000 22.8986
65.0000 23.2125
65.5000 23.5263
66.0000 23.8400
66.5000 24.1534
67.0000 24.4664
67.5000 24.7791
68.0000 25.0912
68.5000 25.4029
69.0000 25.7139
69.5000 26.0243
70.0000 26.3339
70.5000 26.6427
71.0000 26.9507
71.5000 27.2577
72.0000 27.5638
72.5000 27.8689
73.0000 28.1729
73.5000 28.4758
74.0000 28.7775
74.5000 29.0780
75.0000 29.3773
75.5000 29.6752
76.0000 29.9719
76.5000 30.2672
77.0000 30.5610
77.5000 30.8535
78.0000 31.1444
78.5000 31.4338
79.0000 31.7215
79.5000 32.0077
80.0000 32.2921
80.5000 32.5748
81.0000 32.8558
81.5000 33.1349
82.0000 33.4121
82.5000 33.6874
83.0000 33.9607
83.5000 34.2320
84.0000 34.5013
84.5000 34.7684
85.0000 35.0335
85.5000 35.2963
86.0000 35.5570
86.5000 35.8154
87.0000 36.0715
87.5000 36.3254
88.0000 36.5769
88.5000 36.8260
89.0000 37.0728
89.5000 37.3172
90.0000 37.5591
90.5000 37.7987
91.0000 38.0357
91.5000 38.2703
92.0000 38.5025
92.5000 38.7321
93.0000 38.9592
93.5000 39.1838
94.0000 39.4059
94.5000 39.6254
95.0000 39.8424
95.5000 40.0568
96.0000 40.2685
96.5000 40.4777
97.0000 40.6842
97.5000 40.8880
98.0000 41.0892
98.5000 41.2877
99.0000 41.4836
99.5000 41.6768
100.0000 41.8672
100.5000 42.0550
101.0000 42.2401
101.5000 42.4225
102.0000 42.6021
102.5000 42.7791
103.0000 42.9534
103.5000 43.1249
104.0000 43.2938
104.5000 43.4600
105.0000 43.6234
105.5000 43.7842
106.0000 43.9423
106.5000 44.0977
107.0000 44.2504
107.5000 44.4004
108.0000 44.5477
108.5000 44.6924
109.0000 44.8343
109.5000 44.9736
110.0000 45.1103
110.5000 45.2443
111.0000 45.3757
111.5000 45.5045
112.0000 45.6306
112.5000 45.7543
113.0000 45.8753
113.5000 45.9938
114.0000 46.1098
114.5000 46.2233
115.0000 46.3343
115.5000 46.4427
116.0000 46.5487
116.5000 46.6523
117.0000 46.7534
117.5000 46.8520
118.0000 46.9483
118.5000 47.0421
119.0000 47.1335
119.5000 47.2226
120.0000 47.3093
120.5000 47.3936
121.0000 47.4756
121.5000 47.5554
122.0000 47.6328
122.5000 47.7080
123.0000 47.7810
123.5000 47.8517
124.0000 47.9203
124.5000 47.9868
125.0000 48.0511
125.5000 48.1133
126.0000 48.1734
126.5000 48.2315
127.0000 48.2876
127.5000 48.3417
128.0000 48.3939
128.5000 48.4442
129.0000 48.4926
129.5000 48.5391
130.0000 48.5838
130.5000 48.6268
131.0000 48.6680
131.5000 48.7075
132.0000 48.7453
132.5000 48.7815
133.0000 48.8160
133.5000 48.8490
134.0000 48.8804
134.5000 48.9102
135.0000 48.9385
135.5000 48.9654
136.0000 48.9908
136.5000 49.0148
137.0000 49.0373
137.5000 49.0586
138.0000 49.0785
138.5000 49.0970
139.0000 49.1143
139.5000 49.1304
140.0000 49.1452
140.5000 49.1588
141.0000 49.1713
141.5000 49.1827
142.0000 49.1929
142.5000 49.2021
143.0000 49.2102
143.5000 49.2174
144.0000 49.2235
144.5000 49.2287
145.0000 49.2331
145.5000 49.2365
146.0000 49.2391
146.5000 49.2409
147.0000 49.2419
147.5000 49.2422
148.0000 49.2422
148.5000 49.2422
149.0000 49.2422
149.5000 49.2422
150.0000 49.2422
150.5000 49.2422
151.0000 49.2422
151.5000 49.2422
152.0000 49.2422
152.5000 49.2422
153.0000 49.2422
153.5000 49.2422
154.0000 49.2422
154.5000 49.2422
155.0000 49.2422
155.5000 49.2422
156.0000 49.2422
156.5000 49.2422
157.0000 49.2422
157.5000 49.2422
158.0000 49.2422
158.5000 49.2422
159.0000 49.2422
159.5000 49.2422
160.0000 49.2422
160.5000 49.2422
161.0000 49.2422
161.5000 49.2422
162.0000 49.2422
162.5000 49.2422
163.0000 49.2422
163.5000 49.2422
164.0000 49.2422
164.5000 49.2422
165.0000 49.2422
165.5000 49.2422
166.0000 49.2422
166.5000 49.2422
167.0000 49.2422
167.5000 49.2422
168.0000 49.2422
168.5000 49.2422
169.0000 49.2422
169.5000 49.2422
170.0000 49.2422
170.5000 49.2422
171.0000 49.2422
171.5000 49.2422
172.0000 49.2422
172.5000 49.2422
173.0000 49.2422
173.5000 49.2422
174.0000 49.2422
174.5000 49.2422
175.0000 49.2422
175.5000 49.2422
176.0000 49.2422
176.5000 49.2422
177.0000 49.2422
177.5000 49.2422
178.0000 49.2422
178.5000 49.2422
179.0000 49.2422
179.5000 49.2422
180.0000 49.2422
180.5000 49.2422
181.0000 49.2422
181.5000 49.2422
182.0000 49.2422
182.5000 49.2422
183.0000 49.2422
183.5000 49.2422
184.0000 49.2422
184.5000 49.2422
185.0000 49.2422
185.5000 49.2422
186.0000 49.2422
186.5000 49.2422
187.0000 49.2422
187.5000 49.2422
188.0000 49.2422
188.5000 49.2422
189.0000 49.2422
189.5000 49.2422
190.0000 49.2422
190.5000 49.2422
191.0000 49.2422
191.5000 49.2422
192.0000 49.2422
192.5000 49.2422
193.0000 49.2422
193.5000 49.2422
194.0000 49.2422
194.5000 49.2422
195.0000 49.2422
195.5000 49.2422
196.0000 49.2422
196.5000 49.2422
197.0000 49.2422
197.5000 49.2422
198.0000 49.2422
198.5000 49.2422
199.0000 49.2422
199.5000 49.2422
200.0000 49.2422
200.5000 49.2422
201.0000 49.2422
201.5000 49.2422
202.0000 49.2422
202.5000 49.2422
203.0000 49.2422
203.5000 49.2422
204.0000 49.2422
204.5000 49.2422
205.0000 49.2422
205.5000 49.2422
206.0000 49.2422
206.5000 49.2422
207.0000 49.2422
207.5000 49.2422
208.0000 49.2422
208.5000 49.2422
209.0000 49.2422
209.5000 49.2422
210.0000 49.2422
210.5000 49.2422
211.0000 49.2422
211.5000 49.2422
212.0000 49.2422
212.5000 49.2422
213.0000 49.2422
213.5000 49.2422
214.0000 49.2422
214.5000 49.2422
215.0000 49.2422
215.5000 49.2422
216.0000 49.2422
216.5000 49.2422
217.0000 49.2422
217.5000 49.2418
218.0000 49.2406
218.5000 49.2386
219.0000 49.2358
219.5000 49.2321
220.0000 49.2275
220.5000 49.2219
221.0000 49.2155
221.5000 49.2080
222.0000 49.1995
222.5000 49.1899
223.0000 49.1792
223.5000 49.1674
224.0000 49.1544
224.5000 49.1402
225.0000 49.1247
225.5000 49.1080
226.0000 49.0900
226.5000 49.0706
227.0000 49.0498
227.5000 49.0276
228.0000 49.0040
228.5000 48.9788
229.0000 48.9522
229.5000 48.9239
230.0000 48.8940
230.5000 48.8624
231.0000 48.8291
231.5000 48.7940
232.0000 48.7571
232.5000 48.7184
233.0000 48.6778
233.5000 48.6352
234.0000 48.5907
234.5000 48.5442
235.0000 48.4957
235.5000 48.4451
236.0000 48.3923
236.5000 48.3374
237.0000 48.2802
237.5000 48.2209
238.0000 48.1593
238.5000 48.0954
239.0000 48.0291
239.5000 47.9606
240.0000 47.8897
240.5000 47.8164
241.0000 47.7408
241.5000 47.6627
242.0000 47.5822
242.5000 47.4992
243.0000 47.4138
243.5000 47.3259
244.0000 47.2355
244.5000 47.1426
245.0000 47.0471
245.5000 46.9490
246.0000 46.8482
246.5000 46.7449
247.0000 46.6388
247.5000 46.5301
248.0000 46.4186
248.5000 46.3044
249.0000 46.1874
249.5000 46.0675
250.0000 45.9448
250.5000 45.8192
251.0000 45.6907
251.5000 45.5592
252.0000 45.4247
252.5000 45.2872
253.0000 45.1466
253.5000 45.0028
254.0000 44.8559
254.5000 44.7058
255.0000 44.5525
255.5000 44.3959
256.0000 44.2361
256.5000 44.0730
257.0000 43.9066
257.5000 43.7370
258.0000 43.5639
258.5000 43.3876
259.0000 43.2079
259.5000 43.0250
260.0000 42.8386
260.5000 42.6490
261.0000 42.4561
261.5000 42.2598
262.0000 42.0602
262.5000 41.8574
263.0000 41.6512
263.5000 41.4417
264.0000 41.2290
264.5000 41.0130
265.0000 40.7937
265.5000 40.5712
266.0000 40.3454
266.5000 40.1164
267.0000 39.8842
267.5000 39.6487
268.0000 39.4101
268.5000 39.1683
269.0000 38.9234
269.5000 38.6753
270.0000 38.4242
270.5000 38.1700
271.0000 37.9127
271.5000 37.6525
272.0000 37.3893
272.5000 37.1233
273.0000 36.8543
273.5000 36.5825
274.0000 36.3079
274.5000 36.0306
275.0000 35.7505
275.5000 35.4678
276.0000 35.1826
276.5000 34.8948
277.0000 34.6045
277.5000 34.3118
278.0000 34.0168
278.5000 33.7195
279.0000 33.4200
279.5000 33.1184
280.0000 32.8147
280.5000 32.5090
281.0000 32.2014
281.5000 31.8919
282.0000 31.5807
282.5000 31.2678
283.0000 30.9532
283.5000 30.6372
284.0000 30.3196
284.5000 30.0007
285.0000 29.6805
285.5000 29.3591
286.0000 29.0365
286.5000 28.7129
287.0000 28.3883
287.5000 28.0629
288.0000 27.7367
288.5000 27.4097
289.0000 27.0822
289.5000 26.7541
290.0000 26.4256
290.5000 26.0967
291.0000 25.7675
291.5000 25.4381
292.0000 25.1086
292.5000 24.7791
293.0000 24.4496
293.5000 24.1204
294.0000 23.7913
294.5000 23.4626
295.0000 23.1344
295.5000 22.8067
296.0000 22.4795
296.5000 22.1531
297.0000 21.8274
297.5000 21.5026
298.0000 21.1787
298.5000 20.8559
299.0000 20.5342
299.5000 20.2136
300.0000 19.8943
300.5000 19.5763
301.0000 19.2597
301.5000 18.9446
302.0000 18.6310
302.5000 18.3190
303.0000 18.0087
303.5000 17.7001
304.0000 17.3933
304.5000 17.0884
305.0000 16.7853
305.5000 16.4842
306.0000 16.1852
306.5000 15.8882
307.0000 15.5933
307.5000 15.3005
308.0000 15.0100
308.5000 14.7218
309.0000 14.4358
309.5000 14.1522
310.0000 13.8710
310.5000 13.5922
311.0000 13.3159
311.5000 13.0421
312.0000 12.7708
312.5000 12.5022
313.0000 12.2361
313.5000 11.9727
314.0000 11.7119
314.5000 11.4539
315.0000 11.1986
315.5000 10.9460
316.0000 10.6962
316.5000 10.4492
317.0000 10.2050
317.5000 9.9637
318.0000 9.7252
318.5000 9.4896
319.0000 9.2568
319.5000 9.0270
320.0000 8.8000
320.5000 8.5760
321.0000 8.3549
321.5000 8.1367
322.0000 7.9215
322.5000 7.7092
323.0000 7.4999
323.5000 7.2935
324.0000 7.0901
324.5000 6.8897
325.0000 6.6923
325.5000 6.4978
326.0000 6.3063
326.5000 6.1177
327.0000 5.9322
327.5000 5.7496
328.0000 5.5700
328.5000 5.3934
329.0000 5.2197
329.5000 5.0490
330.0000 4.8813
330.5000 4.7165
331.0000 4.5547
331.5000 4.3958
332.0000 4.2399
332.5000 4.0870
333.0000 3.9369
333.5000 3.7898
334.0000 3.6456
334.5000 3.5044
335.0000 3.3660
335.5000 3.2306
336.0000 3.0980
336.5000 2.9684
337.0000 2.8416
337.5000 2.7176
338.0000 2.5966
338.5000 2.4784
339.0000 2.3630
339.5000 2.2505
340.0000 2.1409
340.5000 2.0340
341.0000 1.9300
341.5000 1.8288
342.0000 1.7303
342.5000 1.6347
343.0000 1.5419
343.5000 1.4518
344.0000 1.3646
344.5000 1.2801
345.0000 1.1983
345.5000 1.1193
346.0000 1.0431
346.5000 0.9695
347.0000 0.8987
347.5000 0.8307
348.0000 0.7653
348.5000 0.7027
349.0000 0.6428
349.5000 0.5855
350.0000 0.5310
350.5000 0.4791
351.0000 0.4300
351.5000 0.3835
352.0000 0.3397
352.5000 0.2985
353.0000 0.2600
353.5000 0.2242
354.0000 0.1910
354.5000 0.1605
355.0000 0.1327
355.5000 0.1075
356.0000 0.0849
356.5000 0.0650
357.0000 0.0478
357.5000 0.0332
358.0000 0.0212
358.5000 0.0120
359.0000 0.0053
359.5000 0.0027
