0.0000 100.6720
0.5000 100.6976
1.0000 100.7206
1.5000 100.7410
2.0000 100.7587
2.5000 100.7738
3.0000 100.7862
3.5000 100.7960
4.0000 100.8031
4.5000 100.8076
5.0000 100.8094
5.5000 100.8086
6.0000 100.8051
6.5000 100.7990
7.0000 100.7903
7.5000 100.7789
8.0000 100.7649
8.5000 100.7482
9.0000 100.7289
9.5000 100.7070
10.0000 100.6824
10.5000 100.6552
11.0000 100.6254
11.5000 100.5930
12.0000 100.5579
12.5000 100.5203
13.0000 100.4800
13.5000 100.4371
14.0000 100.3916
14.5000 100.3435
15.0000 100.2929
15.5000 100.2396
16.0000 100.1837
16.5000 100.1253
17.0000 100.0643
17.5000 100.0008
18.0000 99.9347
18.5000 99.8660
19.0000 99.7948
19.5000 99.7211
20.0000 99.6448
20.5000 99.5660
21.0000 99.4847
21.5000 99.4009
22.0000 99.3142
22.5000 99.2258
23.0000 99.1345
23.5000 99.0408
24.0000 98.9446
24.5000 98.8459
25.0000 98.7449
25.5000 98.6414
26.0000 98.5355
26.5000 98.4271
27.0000 98.3164
27.5000 98.2033
28.0000 98.0879
28.5000 97.9701
29.0000 97.8499
29.5000 97.7275
30.0000 97.6027
30.5000 97.4795
31.0000 97.3462
31.5000 97.2146
32.0000 97.0808
32.5000 96.9447
33.0000 96.8064
33.5000 96.6659
34.0000 96.5232
34.5000 96.3783
35.0000 96.2314
35.5000 96.0823
36.0000 95.9311
36.5000 95.7778
37.0000 95.6225
37.5000 95.4651
38.0000 95.3057
38.5000 95.1444
39.0000 94.9810
39.5000 94.8158
40.0000 94.6486
40.5000 94.4796
41.0000 94.3086
41.5000 94.1359
42.0000 93.9613
42.5000 93.7850
43.0000 93.6069
43.5000 93.4271
44.0000 93.2456
44.5000 93.0625
45.0000 92.8778
45.5000 92.6914
46.0000 92.5035
46.5000 92.3141
47.0000 92.1232
47.5000 91.9309
48.0000 91.7371
48.5000 91.5420
49.0000 91.3455
49.5000 91.1478
50.0000 90.9487
50.5000 90.7485
51.0000 90.5471
51.5000 90.3445
52.0000 90.1409
52.5000 89.9363
53.0000 89.7306
53.5000 89.5239
54.0000 89.3164
54.5000 89.1080
55.0000 88.8988
55.5000 88.6888
56.0000 88.4781
56.5000 88.2668
57.0000 88.0548
57.5000 87.8423
58.0000 87.6292
58.5000 87.4156
59.0000 87.2017
59.5000 86.9874
60.0000 86.7728
60.5000 86.5579
61.0000 86.3429
61.5000 86.1277
62.0000 85.9124
62.5000 85.6970
63.0000 85.4817
63.5000 85.2665
64.0000 85.0514
64.5000 84.8364
65.0000 84.6218
65.5000 84.4074
66.0000 84.1934
66.5000 83.9798
67.0000 83.7666
67.5000 83.5540
68.0000 83.3419
68.5000 83.1305
69.0000 82.9198
69.5000 82.7098
70.0000 82.5006
70.5000 82.2923
71.0000 82.0849
71.5000 81.8784
72.0000 81.6729
72.5000 81.4685
73.0000 81.2652
73.5000 81.0631
74.0000 80.8621
74.5000 80.6625
75.0000 80.4641
75.5000 80.2671
76.0000 80.0715
76.5000 79.8773
77.0000 79.6847
77.5000 79.4935
78.0000 79.3040
78.5000 79.1160
79.0000 78.9279
79.5000 78.7451
80.0000 78.5623
80.5000 78.3812
81.0000 78.2019
81.5000 78.0244
82.0000 77.8489
82.5000 77.6752
83.0000 77.5035
83.5000 77.3337
84.0000 77.1696
84.5000 77.0000
85.0000 76.8365
85.5000 76.6749
86.0000 76.5153
86.5000 76.3579
87.0000 76.2026
87.5000 76.0495
88.0000 75.8986
88.5000 75.7498
89.0000 75.6033
89.5000 75.4590
90.0000 75.3169
90.5000 75.1771
91.0000 75.0396
91.5000 74.9043
92.0000 74.7713
92.5000 74.6406
93.0000 74.5122
93.5000 74.3860
94.0000 74.2622
94.5000 74.1408
95.0000 74.0216
95.5000 73.9047
96.0000 73.7902
96.5000 73.6780
97.0000 73.5681
97.5000 73.4605
98.0000 73.3552
98.5000 73.2522
99.0000 73.1515
99.5000 73.0531
100.0000 72.9570
100.5000 72.8632
101.0000 72.7717
101.5000 72.6823
102.0000 72.5953
102.5000 72.5105
103.0000 72.4279
103.5000 72.3475
104.0000 72.2693
104.5000 72.1933
105.0000 72.1195
105.5000 72.0478
106.0000 71.9782
106.5000 71.9108
107.0000 71.8454
107.5000 71.7821
108.0000 71.7209
108.5000 71.6617
109.0000 71.6045
109.5000 71.5493
110.0000 71.4961
110.5000 71.4448
111.0000 71.3954
111.5000 71.3479
112.0000 71.3022
112.5000 71.2584
113.0000 71.2164
113.5000 71.1761
114.0000 71.1376
114.5000 71.1009
115.0000 71.0657
115.5000 71.0323
116.0000 71.0004
116.5000 70.9702
117.0000 70.9415
117.5000 70.9142
118.0000 70.8885
118.5000 70.8642
119.0000 70.8413
119.5000 70.8198
120.0000 70.7995
120.5000 70.7806
121.0000 70.7629
121.5000 70.7464
122.0000 70.7311
122.5000 70.7169
123.0000 70.7038
123.5000 70.6917
124.0000 70.6806
124.5000 70.6704
125.0000 70.6612
125.5000 70.6527
126.0000 70.6452
126.5000 70.6384
127.0000 70.6322
127.5000 70.6268
128.0000 70.6221
128.5000 70.6179
129.0000 70.6142
129.5000 70.6111
130.0000 70.6084
130.5000 70.6062
131.0000 70.6043
131.5000 70.6027
132.0000 70.6015
132.5000 70.6005
133.0000 70.5997
133.5000 70.5991
134.0000 70.5987
134.5000 70.5984
135.0000 70.5982
135.5000 70.5981
136.0000 70.5980
136.5000 70.5980
137.0000 70.5980
137.5000 70.5980
138.0000 70.5980
138.5000 70.5980
139.0000 70.5980
139.5000 70.5980
140.0000 70.5980
140.5000 70.5980
141.0000 70.5980
141.5000 70.5980
142.0000 70.5980
142.5000 70.5980
143.0000 70.5980
143.5000 70.5980
144.0000 70.5980
144.5000 70.5980
145.0000 70.5980
145.5000 70.5980
146.0000 70.5980
146.5000 70.5980
147.0000 70.5980
147.5000 70.5980
148.0000 70.5980
148.5000 70.5980
149.0000 70.5980
149.5000 70.5980
150.0000 70.5980
150.5000 70.5980
151.0000 70.5980
151.5000 70.5980
152.0000 70.5980
152.5000 70.5980
153.0000 70.5980
153.5000 70.5980
154.0000 70.5980
154.5000 70.5980
155.0000 70.5980
155.5000 70.5980
156.0000 70.5980
156.5000 70.5980
157.0000 70.5980
157.5000 70.5980
158.0000 70.5980
158.5000 70.5980
159.0000 70.5980
159.5000 70.5980
160.0000 70.5980
160.5000 70.5980
161.0000 70.5980
161.5000 70.5980
162.0000 70.5980
162.5000 70.5980
163.0000 70.5980
163.5000 70.5980
164.0000 70.5980
164.5000 70.5980
165.0000 70.5980
165.5000 70.5980
166.0000 70.5980
166.5000 70.5980
167.0000 70.5980
167.5000 70.5980
168.0000 70.5980
168.5000 70.5980
169.0000 70.5980
169.5000 70.5980
170.0000 70.5980
170.5000 70.5980
171.0000 70.5980
171.5000 70.5980
172.0000 70.5980
172.5000 70.5980
173.0000 70.5980
173.5000 70.5980
174.0000 70.5980
174.5000 70.5980
175.0000 70.5980
175.5000 70.5980
176.0000 70.5980
176.5000 70.5980
177.0000 70.5980
177.5000 70.5980
178.0000 70.5980
178.5000 70.5980
179.0000 70.5980
179.5000 70.5980
180.0000 70.5980
180.5000 70.5980
181.0000 70.5980
181.5000 70.5980
182.0000 70.5980
182.5000 70.5980
183.0000 70.5980
183.5000 70.5980
184.0000 70.5980
184.5000 70.5980
185.0000 70.5980
185.5000 70.5980
186.0000 70.5980
186.5000 70.5980
187.0000 70.5980
187.5000 70.5980
188.0000 70.5980
188.5000 70.5980
189.0000 70.5980
189.5000 70.5980
190.0000 70.5980
190.5000 70.5980
191.0000 70.5980
191.5000 70.5980
192.0000 70.5980
192.5000 70.5980
193.0000 70.5980
193.5000 70.5980
194.0000 70.5980
194.5000 70.5980
195.0000 70.5980
195.5000 70.5980
196.0000 70.5980
196.5000 70.5980
197.0000 70.5980
197.5000 70.5980
198.0000 70.5980
198.5000 70.5980
199.0000 70.5980
199.5000 70.5980
200.0000 70.5980
200.5000 70.5980
201.0000 70.5980
201.5000 70.5980
202.0000 70.5980
202.5000 70.5980
203.0000 70.5980
203.5000 70.5980
204.0000 70.5980
204.5000 70.5980
205.0000 70.5980
205.5000 70.5980
206.0000 70.5980
206.5000 70.5980
207.0000 70.5980
207.5000 70.5980
208.0000 70.5980
208.5000 70.5980
209.0000 70.5980
209.5000 70.5980
210.0000 70.5980
210.5000 70.5980
211.0000 70.5980
211.5000 70.5980
212.0000 70.5980
212.5000 70.5980
213.0000 70.5980
213.5000 70.5980
214.0000 70.5980
214.5000 70.5980
215.0000 70.5980
215.5000 70.5980
216.0000 70.5980
216.5000 70.5980
217.0000 70.5980
217.5000 70.5980
218.0000 70.5980
218.5000 70.5980
219.0000 70.5980
219.5000 70.5980
220.0000 70.5980
220.5000 70.5980
221.0000 70.5980
221.5000 70.5980
222.0000 70.5980
222.5000 70.5980
223.0000 70.5980
223.5000 70.5980
224.0000 70.5980
224.5000 70.5980
225.0000 70.5980
225.5000 70.5980
226.0000 70.5980
226.5000 70.5980
227.0000 70.5980
227.5000 70.5980
228.0000 70.5980
228.5000 70.5980
229.0000 70.5980
229.5000 70.5980
230.0000 70.5980
230.5000 70.5981
231.0000 70.5982
231.5000 70.5984
232.0000 70.5987
232.5000 70.5991
233.0000 70.5997
233.5000 70.6005
234.0000 70.6015
234.5000 70.6027
235.0000 70.6025
235.5000 70.6061
236.0000 70.6084
236.5000 70.6111
237.0000 70.6142
237.5000 70.6178
238.0000 70.6220
238.5000 70.6267
239.0000 70.6321
239.5000 70.6382
240.0000 70.6449
240.5000 70.6525
241.0000 70.6608
241.5000 70.6699
242.0000 70.6800
242.5000 70.6909
243.0000 70.7029
243.5000 70.7158
244.0000 70.7298
244.5000 70.7449
245.0000 70.7610
245.5000 70.7784
246.0000 70.7969
246.5000 70.8167
247.0000 70.8377
247.5000 70.8601
248.0000 70.8838
248.5000 70.9088
249.0000 70.9352
249.5000 70.9631
250.0000 70.9924
250.5000 71.0232
251.0000 71.0555
251.5000 71.0894
252.0000 71.1248
252.5000 71.1618
253.0000 71.2004
253.5000 71.2407
254.0000 71.2826
254.5000 71.3262
255.0000 71.3715
255.5000 71.4185
256.0000 71.4673
256.5000 71.5178
257.0000 71.5701
257.5000 71.6242
258.0000 71.6801
258.5000 71.7378
259.0000 71.7974
259.5000 71.8588
260.0000 71.9221
260.5000 71.9872
261.0000 72.0542
261.5000 72.1232
262.0000 72.1940
262.5000 72.2668
263.0000 72.3414
263.5000 72.4180
264.0000 72.4966
264.5000 72.5771
265.0000 72.6595
265.5000 72.7439
266.0000 72.8303
266.5000 72.9186
267.0000 73.0089
267.5000 73.1011
268.0000 73.1954
268.5000 73.2915
269.0000 73.3897
269.5000 73.4899
270.0000 73.5920
270.5000 73.6960
271.0000 73.8021
271.5000 73.9101
272.0000 74.0201
272.5000 74.1320
273.0000 74.2459
273.5000 74.3618
274.0000 74.4795
274.5000 74.5992
275.0000 74.7209
275.5000 74.8445
276.0000 74.9700
276.5000 75.0974
277.0000 75.2267
277.5000 75.3578
278.0000 75.4909
278.5000 75.6258
279.0000 75.7626
279.5000 75.9012
280.0000 76.0417
280.5000 76.1839
281.0000 76.3280
281.5000 76.4739
282.0000 76.6215
282.5000 76.7709
283.0000 76.9220
283.5000 77.0748
284.0000 77.2294
284.5000 77.3856
285.0000 77.5435
285.5000 77.7031
286.0000 77.8643
286.5000 78.0271
287.0000 78.1914
287.5000 78.3573
288.0000 78.5248
288.5000 78.6938
289.0000 78.8643
289.5000 79.0362
290.0000 79.2096
290.5000 79.3844
291.0000 79.5606
291.5000 79.7382
292.0000 79.9171
292.5000 80.0973
293.0000 80.2787
293.5000 80.4614
294.0000 80.6454
294.5000 80.8305
295.0000 81.0168
295.5000 81.2042
296.0000 81.3927
296.5000 81.5822
297.0000 81.7728
297.5000 81.9643
298.0000 82.1568
298.5000 82.3503
299.0000 82.5446
299.5000 82.7397
300.0000 82.9357
300.5000 83.1324
301.0000 83.3298
301.5000 83.5280
302.0000 83.7268
302.5000 83.9262
303.0000 84.1262
303.5000 84.3268
304.0000 84.5278
304.5000 84.7293
305.0000 84.9312
305.5000 85.1334
306.0000 85.3360
306.5000 85.5389
307.0000 85.7420
307.5000 85.9453
308.0000 86.1488
308.5000 86.3524
309.0000 86.5561
309.5000 86.7597
310.0000 86.9634
310.5000 87.1670
311.0000 87.3705
311.5000 87.5738
312.0000 87.7770
312.5000 87.9799
313.0000 88.1825
313.5000 88.3848
314.0000 88.5867
314.5000 88.7882
315.0000 88.9892
315.5000 89.1898
316.0000 89.3897
316.5000 89.5891
317.0000 89.7878
317.5000 89.9859
318.0000 90.1832
318.5000 90.3798
319.0000 90.5755
319.5000 90.7704
320.0000 90.9643
320.5000 91.1574
321.0000 91.3494
321.5000 91.5404
322.0000 91.7303
322.5000 91.9191
323.0000 92.1068
323.5000 92.2933
324.0000 92.4785
324.5000 92.6625
325.0000 92.8451
325.5000 93.0263
326.0000 93.2063
326.5000 93.3848
327.0000 93.5619
327.5000 93.7374
328.0000 93.9114
328.5000 94.0838
329.0000 94.2546
329.5000 94.4238
330.0000 94.5913
330.5000 94.7571
331.0000 94.9212
331.5000 95.0835
332.0000 95.2440
332.5000 95.4026
333.0000 95.5594
333.5000 95.7143
334.0000 95.8673
334.5000 96.0184
335.0000 96.1674
335.5000 96.3145
336.0000 96.4595
336.5000 96.6025
337.0000 96.7434
337.5000 96.8822
338.0000 97.0189
338.5000 97.1534
339.0000 97.2858
339.5000 97.4159
340.0000 97.5439
340.5000 97.6696
341.0000 97.7930
341.5000 97.9142
342.0000 98.0331
342.5000 98.1497
343.0000 98.2639
343.5000 98.3758
344.0000 98.4854
344.5000 98.5925
345.0000 98.6973
345.5000 98.7996
346.0000 98.8996
346.5000 98.9971
347.0000 99.0921
347.5000 99.1847
348.0000 99.2748
348.5000 99.3625
349.0000 99.4476
349.5000 99.5302
350.0000 99.6103
350.5000 99.6879
351.0000 99.7630
351.5000 99.8355
352.0000 99.9054
352.5000 99.9728
353.0000 100.0376
353.5000 100.0999
354.0000 100.1595
354.5000 100.2166
355.0000 100.2711
355.5000 100.3229
356.0000 100.3722
356.5000 100.4188
357.0000 100.4629
357.5000 100.5043
358.0000 100.5431
358.5000 100.5793
359.0000 100.6128
359.5000 100.6437
