0.0000 100.6720
0.2500 100.6851
0.5000 100.6976
0.7500 100.7095
1.0000 100.7206
1.2500 100.7311
1.5000 100.7410
1.7500 100.7502
2.0000 100.7587
2.2500 100.7665
2.5000 100.7738
2.7500 100.7803
3.0000 100.7862
3.2500 100.7914
3.5000 100.7960
3.7500 100.7998
4.0000 100.8031
4.2500 100.8056
4.5000 100.8076
4.7500 100.8088
5.0000 100.8094
5.2500 100.8093
5.5000 100.8086
5.7500 100.8072
6.0000 100.8051
6.2500 100.8024
6.5000 100.7990
6.7500 100.7950
7.0000 100.7903
7.2500 100.7849
7.5000 100.7789
7.7500 100.7722
8.0000 100.7649
8.2500 100.7569
8.5000 100.7482
8.7500 100.7389
9.0000 100.7289
9.2500 100.7183
9.5000 100.7070
9.7500 100.6950
10.0000 100.6824
10.2500 100.6692
10.5000 100.6552
10.7500 100.6407
11.0000 100.6254
11.2500 100.6095
11.5000 100.5930
11.7500 100.5758
12.0000 100.5579
12.2500 100.5394
12.5000 100.5203
12.7500 100.5005
13.0000 100.4800
13.2500 100.4589
13.5000 100.4371
13.7500 100.4147
14.0000 100.3916
14.2500 100.3679
14.5000 100.3435
14.7500 100.3185
15.0000 100.2929
15.2500 100.2665
15.5000 100.2396
15.7500 100.2120
16.0000 100.1837
16.2500 100.1548
16.5000 100.1253
16.7500 100.0952
17.0000 100.0643
17.2500 100.0329
17.5000 100.0008
17.7500 99.9680
18.0000 99.9347
18.2500 99.9007
18.5000 99.8660
18.7500 99.8307
19.0000 99.7948
19.2500 99.7583
19.5000 99.7211
19.7500 99.6832
20.0000 99.6448
20.2500 99.6057
20.5000 99.5660
20.7500 99.5257
21.0000 99.4847
21.2500 99.4431
21.5000 99.4009
21.7500 99.3580
22.0000 99.3142
22.2500 99.2705
22.5000 99.2258
22.7500 99.1805
23.0000 99.1345
23.2500 99.0880
23.5000 99.0408
23.7500 98.9930
24.0000 98.9446
24.2500 98.8956
24.5000 98.8459
24.7500 98.7957
25.0000 98.7449
25.2500 98.6934
25.5000 98.6414
25.7500 98.5887
26.0000 98.5355
26.2500 98.4816
26.5000 98.4271
26.7500 98.3721
27.0000 98.3164
27.2500 98.2602
27.5000 98.2033
27.7500 98.1459
28.0000 98.0879
28.2500 98.0293
28.5000 97.9701
28.7500 97.9103
29.0000 97.8499
29.2500 97.7890
29.5000 97.7275
29.7500 97.6654
30.0000 97.6027
30.2500 97.5394
30.5000 97.4795
30.7500 97.4112
31.0000 97.3462
31.2500 97.2807
31.5000 97.2146
31.7500 97.1480
32.0000 97.0808
32.2500 97.0130
32.5000 96.9447
32.7500 96.8758
33.0000 96.8064
33.2500 96.7364
33.5000 96.6659
33.7500 96.5948
34.0000 96.5232
34.2500 96.4510
34.5000 96.3783
34.7500 96.3051
35.0000 96.2314
35.2500 96.1571
35.5000 96.0823
35.7500 96.0069
36.0000 95.9311
36.2500 95.8547
36.5000 95.7778
36.7500 95.7004
37.0000 95.6225
37.2500 95.5440
37.5000 95.4651
37.7500 95.3857
38.0000 95.3057
38.2500 95.2253
38.5000 95.1444
38.7500 95.0630
39.0000 94.9810
39.2500 94.8987
39.5000 94.8158
39.7500 94.7324
40.0000 94.6486
40.2500 94.5643
40.5000 94.4796
40.7500 94.3943
41.0000 94.3086
41.2500 94.2225
41.5000 94.1359
41.7500 94.0488
42.0000 93.9613
42.2500 93.8734
42.5000 93.7850
42.7500 93.6962
43.0000 93.6069
43.2500 93.5174
43.5000 93.4271
43.7500 93.3366
44.0000 93.2456
44.2500 93.1543
44.5000 93.0625
44.7500 92.9703
45.0000 92.8778
45.2500 92.7848
45.5000 92.6914
45.7500 92.5977
46.0000 92.5035
46.2500 92.4090
46.5000 92.3141
46.7500 92.2189
47.0000 92.1232
47.2500 92.0272
47.5000 91.9309
47.7500 91.8342
48.0000 91.7371
48.2500 91.6397
48.5000 91.5420
48.7500 91.4439
49.0000 91.3455
49.2500 91.2468
49.5000 91.1478
49.7500 91.0484
50.0000 90.9487
50.2500 90.8488
50.5000 90.7485
50.7500 90.6479
51.0000 90.5471
51.2500 90.4459
51.5000 90.3445
51.7500 90.2429
52.0000 90.1409
52.2500 90.0383
52.5000 89.9363
52.7500 89.8335
53.0000 89.7306
53.2500 89.6274
53.5000 89.5239
53.7500 89.4203
54.0000 89.3164
54.2500 89.2123
54.5000 89.1080
54.7500 89.0035
55.0000 88.8988
55.2500 88.7939
55.5000 88.6888
55.7500 88.5836
56.0000 88.4781
56.2500 88.3725
56.5000 88.2668
56.7500 88.1609
57.0000 88.0548
57.2500 87.9486
57.5000 87.8423
57.7500 87.7358
58.0000 87.6292
58.2500 87.5225
58.5000 87.4156
58.7500 87.3087
59.0000 87.2017
59.2500 87.0946
59.5000 86.9874
59.7500 86.8801
60.0000 86.7728
60.2500 86.6654
60.5000 86.5579
60.7500 86.4504
61.0000 86.3429
61.2500 86.2353
61.5000 86.1277
61.7500 86.0200
62.0000 85.9124
62.2500 85.8047
62.5000 85.6970
62.7500 85.5894
63.0000 85.4817
63.2500 85.3741
63.5000 85.2665
63.7500 85.1589
64.0000 85.0514
64.2500 84.9439
64.5000 84.8364
64.7500 84.7291
65.0000 84.6218
65.2500 84.5145
65.5000 84.4074
65.7500 84.3003
66.0000 84.1934
66.2500 84.0865
66.5000 83.9798
66.7500 83.8731
67.0000 83.7666
67.2500 83.6602
67.5000 83.5540
67.7500 83.4479
68.0000 83.3419
68.2500 83.2362
68.5000 83.1305
68.7500 83.0251
69.0000 82.9198
69.2500 82.8147
69.5000 82.7098
69.7500 82.6051
70.0000 82.5006
70.2500 82.3964
70.5000 82.2923
70.7500 82.1885
71.0000 82.0849
71.2500 81.9815
71.5000 81.8784
71.7500 81.7755
72.0000 81.6729
72.2500 81.5706
72.5000 81.4685
72.7500 81.3667
73.0000 81.2652
73.2500 81.1640
73.5000 81.0631
73.7500 80.9625
74.0000 80.8621
74.2500 80.7621
74.5000 80.6625
74.7500 80.5631
75.0000 80.4641
75.2500 80.3654
75.5000 80.2671
75.7500 80.1691
76.0000 80.0715
76.2500 79.9742
76.5000 79.8773
76.7500 79.7808
77.0000 79.6847
77.2500 79.5889
77.5000 79.4935
77.7500 79.3985
78.0000 79.3040
78.2500 79.2098
78.5000 79.1160
78.7500 79.0227
79.0000 78.9279
79.2500 78.8372
79.5000 78.7451
79.7500 78.6535
80.0000 78.5623
80.2500 78.4715
80.5000 78.3812
80.7500 78.2913
81.0000 78.2019
81.2500 78.1129
81.5000 78.0244
81.7500 77.9364
82.0000 77.8489
82.2500 77.7618
82.5000 77.6752
82.7500 77.5891
83.0000 77.5035
83.2500 77.4184
83.5000 77.3337
83.7500 77.2496
84.0000 77.1696
84.2500 77.0828
84.5000 77.0000
84.7500 76.9181
85.0000 76.8365
85.2500 76.7554
85.5000 76.6749
85.7500 76.5948
86.0000 76.5153
86.2500 76.4364
86.5000 76.3579
86.7500 76.2800
87.0000 76.2026
87.2500 76.1258
87.5000 76.0495
87.7500 75.9738
88.0000 75.8986
88.2500 75.8239
88.5000 75.7498
88.7500 75.6763
89.0000 75.6033
89.2500 75.5309
89.5000 75.4590
89.7500 75.3877
90.0000 75.3169
90.2500 75.2467
90.5000 75.1771
90.7500 75.1080
91.0000 75.0396
91.2500 74.9716
91.5000 74.9043
91.7500 74.8375
92.0000 74.7713
92.2500 74.7056
92.5000 74.6406
92.7500 74.5761
93.0000 74.5122
93.2500 74.4488
93.5000 74.3860
93.7500 74.3239
94.0000 74.2622
94.2500 74.2012
94.5000 74.1408
94.7500 74.0809
95.0000 74.0216
95.2500 73.9629
95.5000 73.9047
95.7500 73.8472
96.0000 73.7902
96.2500 73.7338
96.5000 73.6780
96.7500 73.6227
97.0000 73.5681
97.2500 73.5140
97.5000 73.4605
97.7500 73.4075
98.0000 73.3552
98.2500 73.3034
98.5000 73.2522
98.7500 73.2016
99.0000 73.1515
99.2500 73.1020
99.5000 73.0531
99.7500 73.0048
100.0000 72.9570
100.2500 72.9098
100.5000 72.8632
100.7500 72.8171
101.0000 72.7717
101.2500 72.7267
101.5000 72.6823
101.7500 72.6385
102.0000 72.5953
102.2500 72.5526
102.5000 72.5105
102.7500 72.4689
103.0000 72.4279
103.2500 72.3874
103.5000 72.3475
103.7500 72.3081
104.0000 72.2693
104.2500 72.2310
104.5000 72.1933
104.7500 72.1561
105.0000 72.1195
105.2500 72.0834
105.5000 72.0478
105.7500 72.0127
106.0000 71.9782
106.2500 71.9442
106.5000 71.9108
106.7500 71.8778
107.0000 71.8454
107.2500 71.8135
107.5000 71.7821
107.7500 71.7513
108.0000 71.7209
108.2500 71.6911
108.5000 71.6617
108.7500 71.6329
109.0000 71.6045
109.2500 71.5767
109.5000 71.5493
109.7500 71.5225
110.0000 71.4961
110.2500 71.4702
110.5000 71.4448
110.7500 71.4198
111.0000 71.3954
111.2500 71.3714
111.5000 71.3479
111.7500 71.3248
112.0000 71.3022
112.2500 71.2801
112.5000 71.2584
112.7500 71.2372
113.0000 71.2164
113.2500 71.1960
113.5000 71.1761
113.7500 71.1567
114.0000 71.1376
114.2500 71.1190
114.5000 71.1009
114.7500 71.0831
115.0000 71.0657
115.2500 71.0488
115.5000 71.0323
115.7500 71.0162
116.0000 71.0004
116.2500 70.9851
116.5000 70.9702
116.7500 70.9556
117.0000 70.9415
117.2500 70.9277
117.5000 70.9142
117.7500 70.9012
118.0000 70.8885
118.2500 70.8762
118.5000 70.8642
118.7500 70.8526
119.0000 70.8413
119.2500 70.8304
119.5000 70.8198
119.7500 70.8095
120.0000 70.7995
120.2500 70.7899
120.5000 70.7806
120.7500 70.7716
121.0000 70.7629
121.2500 70.7545
121.5000 70.7464
121.7500 70.7386
122.0000 70.7311
122.2500 70.7239
122.5000 70.7169
122.7500 70.7102
123.0000 70.7038
123.2500 70.6976
123.5000 70.6917
123.7500 70.6860
124.0000 70.6806
124.2500 70.6754
124.5000 70.6704
124.7500 70.6657
125.0000 70.6612
125.2500 70.6568
125.5000 70.6527
125.7500 70.6489
126.0000 70.6452
126.2500 70.6417
126.5000 70.6384
126.7500 70.6352
127.0000 70.6322
127.2500 70.6295
127.5000 70.6268
127.7500 70.6244
128.0000 70.6221
128.2500 70.6199
128.5000 70.6179
128.7500 70.6160
129.0000 70.6142
129.2500 70.6126
129.5000 70.6111
129.7500 70.6097
130.0000 70.6084
130.2500 70.6072
130.5000 70.6062
130.7500 70.6052
131.0000 70.6043
131.2500 70.6035
131.5000 70.6027
131.7500 70.6021
132.0000 70.6015
132.2500 70.6009
132.5000 70.6005
132.7500 70.6001
133.0000 70.5997
133.2500 70.5994
133.5000 70.5991
133.7500 70.5989
134.0000 70.5987
134.2500 70.5986
134.5000 70.5984
134.7500 70.5983
135.0000 70.5982
135.2500 70.5982
135.5000 70.5981
135.7500 70.5981
136.0000 70.5980
136.2500 70.5980
136.5000 70.5980
136.7500 70.5980
137.0000 70.5980
137.2500 70.5980
137.5000 70.5980
137.7500 70.5980
138.0000 70.5980
138.2500 70.5980
138.5000 70.5980
138.7500 70.5980
139.0000 70.5980
139.2500 70.5980
139.5000 70.5980
139.7500 70.5980
140.0000 70.5980
140.2500 70.5980
140.5000 70.5980
140.7500 70.5980
141.0000 70.5980
141.2500 70.5980
141.5000 70.5980
141.7500 70.5980
142.0000 70.5980
142.2500 70.5980
142.5000 70.5980
142.7500 70.5980
143.0000 70.5980
143.2500 70.5980
143.5000 70.5980
143.7500 70.5980
144.0000 70.5980
144.2500 70.5980
144.5000 70.5980
144.7500 70.5980
145.0000 70.5980
145.2500 70.5980
145.5000 70.5980
145.7500 70.5980
146.0000 70.5980
146.2500 70.5980
146.5000 70.5980
146.7500 70.5980
147.0000 70.5980
147.2500 70.5980
147.5000 70.5980
147.7500 70.5980
148.0000 70.5980
148.2500 70.5980
148.5000 70.5980
148.7500 70.5980
149.0000 70.5980
149.2500 70.5980
149.5000 70.5980
149.7500 70.5980
150.0000 70.5980
150.2500 70.5980
150.5000 70.5980
150.7500 70.5980
151.0000 70.5980
151.2500 70.5980
151.5000 70.5980
151.7500 70.5980
152.0000 70.5980
152.2500 70.5980
152.5000 70.5980
152.7500 70.5980
153.0000 70.5980
153.2500 70.5980
153.5000 70.5980
153.7500 70.5980
154.0000 70.5980
154.2500 70.5980
154.5000 70.5980
154.7500 70.5980
155.0000 70.5980
155.2500 70.5980
155.5000 70.5980
155.7500 70.5980
156.0000 70.5980
156.2500 70.5980
156.5000 70.5980
156.7500 70.5980
157.0000 70.5980
157.2500 70.5980
157.5000 70.5980
157.7500 70.5980
158.0000 70.5980
158.2500 70.5980
158.5000 70.5980
158.7500 70.5980
159.0000 70.5980
159.2500 70.5980
159.5000 70.5980
159.7500 70.5980
160.0000 70.5980
160.2500 70.5980
160.5000 70.5980
160.7500 70.5980
161.0000 70.5980
161.2500 70.5980
161.5000 70.5980
161.7500 70.5980
162.0000 70.5980
162.2500 70.5980
162.5000 70.5980
162.7500 70.5980
163.0000 70.5980
163.2500 70.5980
163.5000 70.5980
163.7500 70.5980
164.0000 70.5980
164.2500 70.5980
164.5000 70.5980
164.7500 70.5980
165.0000 70.5980
165.2500 70.5980
165.5000 70.5980
165.7500 70.5980
166.0000 70.5980
166.2500 70.5980
166.5000 70.5980
166.7500 70.5980
167.0000 70.5980
167.2500 70.5980
167.5000 70.5980
167.7500 70.5980
168.0000 70.5980
168.2500 70.5980
168.5000 70.5980
168.7500 70.5980
169.0000 70.5980
169.2500 70.5980
169.5000 70.5980
169.7500 70.5980
170.0000 70.5980
170.2500 70.5980
170.5000 70.5980
170.7500 70.5980
171.0000 70.5980
171.2500 70.5980
171.5000 70.5980
171.7500 70.5980
172.0000 70.5980
172.2500 70.5980
172.5000 70.5980
172.7500 70.5980
173.0000 70.5980
173.2500 70.5980
173.5000 70.5980
173.7500 70.5980
174.0000 70.5980
174.2500 70.5980
174.5000 70.5980
174.7500 70.5980
175.0000 70.5980
175.2500 70.5980
175.5000 70.5980
175.7500 70.5980
176.0000 70.5980
176.2500 70.5980
176.5000 70.5980
176.7500 70.5980
177.0000 70.5980
177.2500 70.5980
177.5000 70.5980
177.7500 70.5980
178.0000 70.5980
178.2500 70.5980
178.5000 70.5980
178.7500 70.5980
179.0000 70.5980
179.2500 70.5980
179.5000 70.5980
179.7500 70.5980
180.0000 70.5980
180.2500 70.5980
180.5000 70.5980
180.7500 70.5980
181.0000 70.5980
181.2500 70.5980
181.5000 70.5980
181.7500 70.5980
182.0000 70.5980
182.2500 70.5980
182.5000 70.5980
182.7500 70.5980
183.0000 70.5980
183.2500 70.5980
183.5000 70.5980
183.7500 70.5980
184.0000 70.5980
184.2500 70.5980
184.5000 70.5980
184.7500 70.5980
185.0000 70.5980
185.2500 70.5980
185.5000 70.5980
185.7500 70.5980
186.0000 70.5980
186.2500 70.5980
186.5000 70.5980
186.7500 70.5980
187.0000 70.5980
187.2500 70.5980
187.5000 70.5980
187.7500 70.5980
188.0000 70.5980
188.2500 70.5980
188.5000 70.5980
188.7500 70.5980
189.0000 70.5980
189.2500 70.5980
189.5000 70.5980
189.7500 70.5980
190.0000 70.5980
190.2500 70.5980
190.5000 70.5980
190.7500 70.5980
191.0000 70.5980
191.2500 70.5980
191.5000 70.5980
191.7500 70.5980
192.0000 70.5980
192.2500 70.5980
192.5000 70.5980
192.7500 70.5980
193.0000 70.5980
193.2500 70.5980
193.5000 70.5980
193.7500 70.5980
194.0000 70.5980
194.2500 70.5980
194.5000 70.5980
194.7500 70.5980
195.0000 70.5980
195.2500 70.5980
195.5000 70.5980
195.7500 70.5980
196.0000 70.5980
196.2500 70.5980
196.5000 70.5980
196.7500 70.5980
197.0000 70.5980
197.2500 70.5980
197.5000 70.5980
197.7500 70.5980
198.0000 70.5980
198.2500 70.5980
198.5000 70.5980
198.7500 70.5980
199.0000 70.5980
199.2500 70.5980
199.5000 70.5980
199.7500 70.5980
200.0000 70.5980
200.2500 70.5980
200.5000 70.5980
200.7500 70.5980
201.0000 70.5980
201.2500 70.5980
201.5000 70.5980
201.7500 70.5980
202.0000 70.5980
202.2500 70.5980
202.5000 70.5980
202.7500 70.5980
203.0000 70.5980
203.2500 70.5980
203.5000 70.5980
203.7500 70.5980
204.0000 70.5980
204.2500 70.5980
204.5000 70.5980
204.7500 70.5980
205.0000 70.5980
205.2500 70.5980
205.5000 70.5980
205.7500 70.5980
206.0000 70.5980
206.2500 70.5980
206.5000 70.5980
206.7500 70.5980
207.0000 70.5980
207.2500 70.5980
207.5000 70.5980
207.7500 70.5980
208.0000 70.5980
208.2500 70.5980
208.5000 70.5980
208.7500 70.5980
209.0000 70.5980
209.2500 70.5980
209.5000 70.5980
209.7500 70.5980
210.0000 70.5980
210.2500 70.5980
210.5000 70.5980
210.7500 70.5980
211.0000 70.5980
211.2500 70.5980
211.5000 70.5980
211.7500 70.5980
212.0000 70.5980
212.2500 70.5980
212.5000 70.5980
212.7500 70.5980
213.0000 70.5980
213.2500 70.5980
213.5000 70.5980
213.7500 70.5980
214.0000 70.5980
214.2500 70.5980
214.5000 70.5980
214.7500 70.5980
215.0000 70.5980
215.2500 70.5980
215.5000 70.5980
215.7500 70.5980
216.0000 70.5980
216.2500 70.5980
216.5000 70.5980
216.7500 70.5980
217.0000 70.5980
217.2500 70.5980
217.5000 70.5980
217.7500 70.5980
218.0000 70.5980
218.2500 70.5980
218.5000 70.5980
218.7500 70.5980
219.0000 70.5980
219.2500 70.5980
219.5000 70.5980
219.7500 70.5980
220.0000 70.5980
220.2500 70.5980
220.5000 70.5980
220.7500 70.5980
221.0000 70.5980
221.2500 70.5980
221.5000 70.5980
221.7500 70.5980
222.0000 70.5980
222.2500 70.5980
222.5000 70.5980
222.7500 70.5980
223.0000 70.5980
223.2500 70.5980
223.5000 70.5980
223.7500 70.5980
224.0000 70.5980
224.2500 70.5980
224.5000 70.5980
224.7500 70.5980
225.0000 70.5980
225.2500 70.5980
225.5000 70.5980
225.7500 70.5980
226.0000 70.5980
226.2500 70.5980
226.5000 70.5980
226.7500 70.5980
227.0000 70.5980
227.2500 70.5980
227.5000 70.5980
227.7500 70.5980
228.0000 70.5980
228.2500 70.5980
228.5000 70.5980
228.7500 70.5980
229.0000 70.5980
229.2500 70.5980
229.5000 70.5980
229.7500 70.5980
230.0000 70.5980
230.2500 70.5981
230.5000 70.5981
230.7500 70.5982
231.0000 70.5982
231.2500 70.5983
231.5000 70.5984
231.7500 70.5986
232.0000 70.5987
232.2500 70.5989
232.5000 70.5991
232.7500 70.5994
233.0000 70.5997
233.2500 70.6001
233.5000 70.6005
233.7500 70.6009
234.0000 70.6015
234.2500 70.6021
234.5000 70.6027
234.7500 70.6034
235.0000 70.6025
235.2500 70.6052
235.5000 70.6061
235.7500 70.6072
236.0000 70.6084
236.2500 70.6097
236.5000 70.6111
236.7500 70.6126
237.0000 70.6142
237.2500 70.6159
237.5000 70.6178
237.7500 70.6198
238.0000 70.6220
238.2500 70.6243
238.5000 70.6267
238.7500 70.6294
239.0000 70.6321
239.2500 70.6351
239.5000 70.6382
239.7500 70.6415
240.0000 70.6449
240.2500 70.6486
240.5000 70.6525
240.7500 70.6565
241.0000 70.6608
241.2500 70.6652
241.5000 70.6699
241.7500 70.6748
242.0000 70.6800
242.2500 70.6853
242.5000 70.6909
242.7500 70.6968
243.0000 70.7029
243.2500 70.7092
243.5000 70.7158
243.7500 70.7227
244.0000 70.7298
244.2500 70.7372
244.5000 70.7449
244.7500 70.7528
245.0000 70.7610
245.2500 70.7696
245.5000 70.7784
245.7500 70.7875
246.0000 70.7969
246.2500 70.8067
246.5000 70.8167
246.7500 70.8271
247.0000 70.8377
247.2500 70.8488
247.5000 70.8601
247.7500 70.8718
248.0000 70.8838
248.2500 70.8961
248.5000 70.9088
248.7500 70.9218
249.0000 70.9352
249.2500 70.9490
249.5000 70.9631
249.7500 70.9776
250.0000 70.9924
250.2500 71.0076
250.5000 71.0232
250.7500 71.0392
251.0000 71.0555
251.2500 71.0723
251.5000 71.0894
251.7500 71.1069
252.0000 71.1248
252.2500 71.1431
252.5000 71.1618
252.7500 71.1809
253.0000 71.2004
253.2500 71.2203
253.5000 71.2407
253.7500 71.2614
254.0000 71.2826
254.2500 71.3042
254.5000 71.3262
254.7500 71.3486
255.0000 71.3715
255.2500 71.3948
255.5000 71.4185
255.7500 71.4427
256.0000 71.4673
256.2500 71.4923
256.5000 71.5178
256.7500 71.5437
257.0000 71.5701
257.2500 71.5969
257.5000 71.6242
257.7500 71.6519
258.0000 71.6801
258.2500 71.7087
258.5000 71.7378
258.7500 71.7674
259.0000 71.7974
259.2500 71.8278
259.5000 71.8588
259.7500 71.8902
260.0000 71.9221
260.2500 71.9544
260.5000 71.9872
260.7500 72.0205
261.0000 72.0542
261.2500 72.0885
261.5000 72.1232
261.7500 72.1583
262.0000 72.1940
262.2500 72.2301
262.5000 72.2668
262.7500 72.3039
263.0000 72.3414
263.2500 72.3795
263.5000 72.4180
263.7500 72.4571
264.0000 72.4966
264.2500 72.5366
264.5000 72.5771
264.7500 72.6181
265.0000 72.6595
265.2500 72.7015
265.5000 72.7439
265.7500 72.7869
266.0000 72.8303
266.2500 72.8742
266.5000 72.9186
266.7500 72.9635
267.0000 73.0089
267.2500 73.0547
267.5000 73.1011
267.7500 73.1480
268.0000 73.1954
268.2500 73.2432
268.5000 73.2915
268.7500 73.3404
269.0000 73.3897
269.2500 73.4395
269.5000 73.4899
269.7500 73.5407
270.0000 73.5920
270.2500 73.6438
270.5000 73.6960
270.7500 73.7488
271.0000 73.8021
271.2500 73.8559
271.5000 73.9101
271.7500 73.9648
272.0000 74.0201
272.2500 74.0758
272.5000 74.1320
272.7500 74.1887
273.0000 74.2459
273.2500 74.3036
273.5000 74.3618
273.7500 74.4204
274.0000 74.4795
274.2500 74.5392
274.5000 74.5992
274.7500 74.6598
275.0000 74.7209
275.2500 74.7824
275.5000 74.8445
275.7500 74.9070
276.0000 74.9700
276.2500 75.0334
276.5000 75.0974
276.7500 75.1618
277.0000 75.2267
277.2500 75.2920
277.5000 75.3578
277.7500 75.4241
278.0000 75.4909
278.2500 75.5581
278.5000 75.6258
278.7500 75.6940
279.0000 75.7626
279.2500 75.8317
279.5000 75.9012
279.7500 75.9712
280.0000 76.0417
280.2500 76.1126
280.5000 76.1839
280.7500 76.2558
281.0000 76.3280
281.2500 76.4007
281.5000 76.4739
281.7500 76.5474
282.0000 76.6215
282.2500 76.6960
282.5000 76.7709
282.7500 76.8462
283.0000 76.9220
283.2500 76.9982
283.5000 77.0748
283.7500 77.1519
284.0000 77.2294
284.2500 77.3073
284.5000 77.3856
284.7500 77.4644
285.0000 77.5435
285.2500 77.6231
285.5000 77.7031
285.7500 77.7835
286.0000 77.8643
286.2500 77.9455
286.5000 78.0271
286.7500 78.1090
287.0000 78.1914
287.2500 78.2742
287.5000 78.3573
287.7500 78.4409
288.0000 78.5248
288.2500 78.6091
288.5000 78.6938
288.7500 78.7789
289.0000 78.8643
289.2500 78.9501
289.5000 79.0362
289.7500 79.1227
290.0000 79.2096
290.2500 79.2969
290.5000 79.3844
290.7500 79.4724
291.0000 79.5606
291.2500 79.6492
291.5000 79.7382
291.7500 79.8275
292.0000 79.9171
292.2500 80.0070
292.5000 80.0973
292.7500 80.1878
293.0000 80.2787
293.2500 80.3699
293.5000 80.4614
293.7500 80.5533
294.0000 80.6454
294.2500 80.7378
294.5000 80.8305
294.7500 80.9235
295.0000 81.0168
295.2500 81.1103
295.5000 81.2042
295.7500 81.2983
296.0000 81.3927
296.2500 81.4873
296.5000 81.5822
296.7500 81.6774
297.0000 81.7728
297.2500 81.8684
297.5000 81.9643
297.7500 82.0605
298.0000 82.1568
298.2500 82.2534
298.5000 82.3503
298.7500 82.4473
299.0000 82.5446
299.2500 82.6420
299.5000 82.7397
299.7500 82.8376
300.0000 82.9357
300.2500 83.0339
300.5000 83.1324
300.7500 83.2310
301.0000 83.3298
301.2500 83.4288
301.5000 83.5280
301.7500 83.6273
302.0000 83.7268
302.2500 83.8264
302.5000 83.9262
302.7500 84.0262
303.0000 84.1262
303.2500 84.2264
303.5000 84.3268
303.7500 84.4272
304.0000 84.5278
304.2500 84.6285
304.5000 84.7293
304.7500 84.8302
305.0000 84.9312
305.2500 85.0323
305.5000 85.1334
305.7500 85.2347
306.0000 85.3360
306.2500 85.4374
306.5000 85.5389
306.7500 85.6404
307.0000 85.7420
307.2500 85.8437
307.5000 85.9453
307.7500 86.0471
308.0000 86.1488
308.2500 86.2506
308.5000 86.3524
308.7500 86.4542
309.0000 86.5561
309.2500 86.6579
309.5000 86.7597
309.7500 86.8616
310.0000 86.9634
310.2500 87.0652
310.5000 87.1670
310.7500 87.2688
311.0000 87.3705
311.2500 87.4722
311.5000 87.5738
311.7500 87.6754
312.0000 87.7770
312.2500 87.8785
312.5000 87.9799
312.7500 88.0812
313.0000 88.1825
313.2500 88.2837
313.5000 88.3848
313.7500 88.4858
314.0000 88.5867
314.2500 88.6875
314.5000 88.7882
314.7500 88.8888
315.0000 88.9892
315.2500 89.0896
315.5000 89.1898
315.7500 89.2898
316.0000 89.3897
316.2500 89.4895
316.5000 89.5891
316.7500 89.6886
317.0000 89.7878
317.2500 89.8869
317.5000 89.9859
317.7500 90.0846
318.0000 90.1832
318.2500 90.2816
318.5000 90.3798
318.7500 90.4778
319.0000 90.5755
319.2500 90.6731
319.5000 90.7704
319.7500 90.8675
320.0000 90.9643
320.2500 91.0610
320.5000 91.1574
320.7500 91.2535
321.0000 91.3494
321.2500 91.4450
321.5000 91.5404
321.7500 91.6355
322.0000 91.7303
322.2500 91.8249
322.5000 91.9191
322.7500 92.0131
323.0000 92.1068
323.2500 92.2002
323.5000 92.2933
323.7500 92.3860
324.0000 92.4785
324.2500 92.5707
324.5000 92.6625
324.7500 92.7540
325.0000 92.8451
325.2500 92.9360
325.5000 93.0263
325.7500 93.1166
326.0000 93.2063
326.2500 93.2958
326.5000 93.3848
326.7500 93.4735
327.0000 93.5619
327.2500 93.6498
327.5000 93.7374
327.7500 93.8246
328.0000 93.9114
328.2500 93.9978
328.5000 94.0838
328.7500 94.1694
329.0000 94.2546
329.2500 94.3394
329.5000 94.4238
329.7500 94.5078
330.0000 94.5913
330.2500 94.6744
330.5000 94.7571
330.7500 94.8394
331.0000 94.9212
331.2500 95.0026
331.5000 95.0835
331.7500 95.1640
332.0000 95.2440
332.2500 95.3235
332.5000 95.4026
332.7500 95.4813
333.0000 95.5594
333.2500 95.6371
333.5000 95.7143
333.7500 95.7911
334.0000 95.8673
334.2500 95.9431
334.5000 96.0184
334.7500 96.0932
335.0000 96.1674
335.2500 96.2412
335.5000 96.3145
335.7500 96.3873
336.0000 96.4595
336.2500 96.5313
336.5000 96.6025
336.7500 96.6732
337.0000 96.7434
337.2500 96.8131
337.5000 96.8822
337.7500 96.9508
338.0000 97.0189
338.2500 97.0864
338.5000 97.1534
338.7500 97.2199
339.0000 97.2858
339.2500 97.3511
339.5000 97.4159
339.7500 97.4802
340.0000 97.5439
340.2500 97.6070
340.5000 97.6696
340.7500 97.7316
341.0000 97.7930
341.2500 97.8539
341.5000 97.9142
341.7500 97.9740
342.0000 98.0331
342.2500 98.0917
342.5000 98.1497
342.7500 98.2071
343.0000 98.2639
343.2500 98.3202
343.5000 98.3758
343.7500 98.4309
344.0000 98.4854
344.2500 98.5392
344.5000 98.5925
344.7500 98.6452
345.0000 98.6973
345.2500 98.7488
345.5000 98.7996
345.7500 98.8499
346.0000 98.8996
346.2500 98.9486
346.5000 98.9971
346.7500 99.0449
347.0000 99.0921
347.2500 99.1387
347.5000 99.1847
347.7500 99.2301
348.0000 99.2748
348.2500 99.3190
348.5000 99.3625
348.7500 99.4053
349.0000 99.4476
349.2500 99.4892
349.5000 99.5302
349.7500 99.5706
350.0000 99.6103
350.2500 99.6494
350.5000 99.6879
350.7500 99.7258
351.0000 99.7630
351.2500 99.7995
351.5000 99.8355
351.7500 99.8708
352.0000 99.9054
352.2500 99.9394
352.5000 99.9728
352.7500 100.0055
353.0000 100.0376
353.2500 100.0691
353.5000 100.0999
353.7500 100.1300
354.0000 100.1595
354.2500 100.1884
354.5000 100.2166
354.7500 100.2441
355.0000 100.2711
355.2500 100.2973
355.5000 100.3229
355.7500 100.3479
356.0000 100.3722
356.2500 100.3958
356.5000 100.4188
356.7500 100.4412
357.0000 100.4629
357.2500 100.4839
357.5000 100.5043
357.7500 100.5240
358.0000 100.5431
358.2500 100.5615
358.5000 100.5793
358.7500 100.5964
359.0000 100.6128
359.2500 100.6286
359.5000 100.6437
359.7500 100.6582
