0.0000 0.0000
0.5000 0.0027
1.0000 0.0059
1.5000 0.0139
2.0000 0.0238
2.5000 0.0366
3.0000 0.0517
3.5000 0.0695
4.0000 0.0898
4.5000 0.1127
5.0000 0.1383
5.5000 0.1664
6.0000 0.1970
6.5000 0.2301
7.0000 0.2659
7.5000 0.3045
8.0000 0.3397
8.5000 0.3835
9.0000 0.4300
9.5000 0.4791
10.0000 0.5310
10.5000 0.5855
11.0000 0.6428
11.5000 0.7027
12.0000 0.7653
12.5000 0.8307
13.0000 0.9013
13.5000 0.9695
14.0000 1.0452
14.5000 1.1193
15.0000 1.2000
15.5000 1.2814
16.0000 1.3646
16.5000 1.4518
17.0000 1.5432
17.5000 1.6347
18.0000 1.7303
18.5000 1.8288
19.0000 1.9306
19.5000 2.0340
20.0000 2.1412
20.5000 2.2508
21.0000 2.3633
21.5000 2.4784
22.0000 2.5966
22.5000 2.7176
23.0000 2.8416
23.5000 2.9684
24.0000 3.0980
24.5000 3.2306
25.0000 3.3664
25.5000 3.5046
26.0000 3.6460
26.5000 3.7904
27.0000 3.9376
27.5000 4.0878
28.0000 4.2399
28.5000 4.3974
29.0000 4.5566
29.5000 4.7186
30.0000 4.8840
30.5000 5.0522
31.0000 5.2237
31.5000 5.3977
32.0000 5.5744
32.5000 5.7549
33.0000 5.9380
33.5000 6.1242
34.0000 6.3138
34.5000 6.5065
35.0000 6.7020
35.5000 6.9003
36.0000 7.1015
36.5000 7.3048
37.0000 7.5117
37.5000 7.7218
38.0000 7.9341
38.5000 8.1495
39.0000 8.3684
39.5000 8.5900
40.0000 8.8147
40.5000 9.0420
41.0000 9.2727
41.5000 9.5065
42.0000 9.7430
42.5000 9.9826
43.0000 10.2249
43.5000 10.4706
44.0000 10.7196
44.5000 10.9702
45.0000 11.2235
45.5000 11.4797
46.0000 11.7392
46.5000 12.0006
47.0000 12.2648
47.5000 12.5315
48.0000 12.8010
48.5000 13.0726
49.0000 13.3465
49.5000 13.6246
50.0000 13.9035
50.5000 14.1857
51.0000 14.4703
51.5000 14.7591
52.0000 15.0509
52.5000 15.3386
53.0000 15.6340
53.5000 15.9299
54.0000 16.2276
54.5000 16.5278
55.0000 16.8307
55.5000 17.1346
56.0000 17.4390
56.5000 17.7468
57.0000 18.0564
57.5000 18.3693
58.0000 18.6828
58.5000 18.9973
59.0000 19.3132
59.5000 19.6309
60.0000 19.9506
60.5000 20.2712
61.0000 20.5922
61.5000 20.9146
62.0000 21.2399
62.5000 21.5658
63.0000 21.8910
63.5000 22.2185
64.0000 22.5471
64.5000 22.8752
65.0000 23.2047
65.5000 23.5349
66.0000 23.8655
66.5000 24.1967
67.0000 24.5269
67.5000 24.8589
68.0000 25.1899
68.5000 25.5205
69.0000 25.8523
69.5000 26.1823
70.0000 26.5131
70.5000 26.8427
71.0000 27.1725
71.5000 27.5009
72.0000 27.8298
72.5000 28.1580
73.0000 28.4847
73.5000 28.8102
74.0000 29.1357
74.5000 29.4604
75.0000 29.7821
75.5000 30.1027
76.0000 30.4244
76.5000 30.7439
77.0000 31.0612
77.5000 31.3773
78.0000 31.6928
78.5000 32.0050
79.0000 32.3159
79.5000 32.6250
80.0000 32.9324
80.5000 33.2373
81.0000 33.5398
81.5000 33.8404
82.0000 34.1387
82.5000 34.4354
83.0000 34.7295
83.5000 35.0205
84.0000 35.3092
84.5000 35.5953
85.0000 35.8782
85.5000 36.1588
86.0000 36.4374
86.5000 36.7129
87.0000 36.9853
87.5000 37.2552
88.0000 37.5217
88.5000 37.7851
89.0000 38.0459
89.5000 38.3041
90.0000 38.5594
90.5000 38.8116
91.0000 39.0604
91.5000 39.3059
92.0000 39.5487
92.5000 39.7882
93.0000 40.0249
93.5000 40.2585
94.0000 40.4883
94.5000 40.7149
95.0000 40.9383
95.5000 41.1584
96.0000 41.3754
96.5000 41.5893
97.0000 41.7999
97.5000 42.0072
98.0000 42.2113
98.5000 42.4123
99.0000 42.6097
99.5000 42.8038
100.0000 42.9943
100.5000 43.1814
101.0000 43.3654
101.5000 43.5461
102.0000 43.7231
102.5000 43.8973
103.0000 44.0679
103.5000 44.2352
104.0000 44.3993
104.5000 44.5601
105.0000 44.7180
105.5000 44.8724
106.0000 45.0232
106.5000 45.1714
107.0000 45.3163
107.5000 45.4577
108.0000 45.5963
108.5000 45.7317
109.0000 45.8639
109.5000 45.9932
110.0000 46.1196
110.5000 46.2431
111.0000 46.3639
111.5000 46.4818
112.0000 46.5966
112.5000 46.7087
113.0000 46.8182
113.5000 46.9251
114.0000 47.0292
114.5000 47.1309
115.0000 47.2302
115.5000 47.3268
116.0000 47.4206
116.5000 47.5118
117.0000 47.6008
117.5000 47.6872
118.0000 47.7714
118.5000 47.8531
119.0000 47.9323
119.5000 48.0091
120.0000 48.0836
120.5000 48.1556
121.0000 48.2251
121.5000 48.2927
122.0000 48.3575
122.5000 48.4200
123.0000 48.4802
123.5000 48.5381
124.0000 48.5935
124.5000 48.6468
125.0000 48.6980
125.5000 48.7473
126.0000 48.7944
126.5000 48.8395
127.0000 48.8825
127.5000 48.9235
128.0000 48.9628
128.5000 49.0006
129.0000 49.0366
129.5000 49.0705
130.0000 49.1027
130.5000 49.1331
131.0000 49.1616
131.5000 49.1884
132.0000 49.2146
132.5000 49.2390
133.0000 49.2620
133.5000 49.2835
134.0000 49.3036
134.5000 49.3223
135.0000 49.3397
135.5000 49.3558
136.0000 49.3709
136.5000 49.3845
137.0000 49.3971
137.5000 49.4086
138.0000 49.4187
138.5000 49.4278
139.0000 49.4358
139.5000 49.4428
140.0000 49.4490
140.5000 49.4542
141.0000 49.4585
141.5000 49.4619
142.0000 49.4647
142.5000 49.4670
143.0000 49.4684
143.5000 49.4691
144.0000 49.4691
144.5000 49.4682
145.0000 49.4663
145.5000 49.4640
146.0000 49.4612
146.5000 49.4576
147.0000 49.4532
147.5000 49.4480
148.0000 49.4426
148.5000 49.4368
149.0000 49.4308
149.5000 49.4245
150.0000 49.4176
150.5000 49.4106
151.0000 49.4034
151.5000 49.3958
152.0000 49.3878
152.5000 49.3797
153.0000 49.3714
153.5000 49.3625
154.0000 49.3536
154.5000 49.3442
155.0000 49.3346
155.5000 49.3246
156.0000 49.3145
156.5000 49.3045
157.0000 49.2942
157.5000 49.2839
158.0000 49.2734
158.5000 49.2629
159.0000 49.2528
159.5000 49.2429
160.0000 49.2328
160.5000 49.2229
161.0000 49.2130
161.5000 49.2034
162.0000 49.1937
162.5000 49.1844
163.0000 49.1748
163.5000 49.1652
164.0000 49.1557
164.5000 49.1466
165.0000 49.1375
165.5000 49.1285
166.0000 49.1196
166.5000 49.1110
167.0000 49.1030
167.5000 49.0952
168.0000 49.0878
168.5000 49.0806
169.0000 49.0739
169.5000 49.0675
170.0000 49.0617
170.5000 49.0566
171.0000 49.0517
171.5000 49.0486
172.0000 49.0487
172.5000 49.0487
173.0000 49.0487
173.5000 49.0487
174.0000 49.0487
174.5000 49.0486
175.0000 49.0487
175.5000 49.0487
176.0000 49.0487
176.5000 49.0487
177.0000 49.0487
177.5000 49.0489
178.0000 49.0493
178.5000 49.0494
179.0000 49.0494
179.5000 49.0494
180.0000 49.0494
180.5000 49.0494
181.0000 49.0494
181.5000 49.0495
182.0000 49.0495
182.5000 49.0495
183.0000 49.0495
183.5000 49.0496
184.0000 49.0495
184.5000 49.0499
185.0000 49.0528
185.5000 49.0579
186.0000 49.0632
186.5000 49.0687
187.0000 49.0745
187.5000 49.0809
188.0000 49.0879
188.5000 49.0950
189.0000 49.1026
189.5000 49.1106
190.0000 49.1189
190.5000 49.1273
191.0000 49.1362
191.5000 49.1451
192.0000 49.1542
192.5000 49.1643
193.0000 49.1749
193.5000 49.1832
194.0000 49.1897
194.5000 49.1989
195.0000 49.2072
195.5000 49.2166
196.0000 49.2273
196.5000 49.2379
197.0000 49.2486
197.5000 49.2595
198.0000 49.2704
198.5000 49.2811
199.0000 49.2920
199.5000 49.3025
200.0000 49.3128
200.5000 49.3224
201.0000 49.3318
201.5000 49.3410
202.0000 49.3504
202.5000 49.3595
203.0000 49.3683
203.5000 49.3766
204.0000 49.3844
204.5000 49.3920
205.0000 49.3995
205.5000 49.4064
206.0000 49.4128
206.5000 49.4188
207.0000 49.4245
207.5000 49.4298
208.0000 49.4343
208.5000 49.4384
209.0000 49.4421
209.5000 49.4454
210.0000 49.4482
210.5000 49.4502
211.0000 49.4516
211.5000 49.4524
212.0000 49.4527
212.5000 49.4527
213.0000 49.4516
213.5000 49.4497
214.0000 49.4470
214.5000 49.4434
215.0000 49.4390
215.5000 49.4343
216.0000 49.4289
216.5000 49.4227
217.0000 49.4156
217.5000 49.4070
218.0000 49.3971
218.5000 49.3861
219.0000 49.3739
219.5000 49.3608
220.0000 49.3461
220.5000 49.3302
221.0000 49.3132
221.5000 49.2948
222.0000 49.2754
222.5000 49.2548
223.0000 49.2329
223.5000 49.2099
224.0000 49.1854
224.5000 49.1593
225.0000 49.1314
225.5000 49.1020
226.0000 49.0716
226.5000 49.0393
227.0000 49.0052
227.5000 48.9698
228.0000 48.9325
228.5000 48.8935
229.0000 48.8531
229.5000 48.8117
230.0000 48.7686
230.5000 48.7236
231.0000 48.6767
231.5000 48.6278
232.0000 48.5768
232.5000 48.5240
233.0000 48.4691
233.5000 48.4122
234.0000 48.3532
234.5000 48.2924
235.0000 48.2294
235.5000 48.1641
236.0000 48.0969
236.5000 48.0280
237.0000 47.9571
237.5000 47.8836
238.0000 47.8075
238.5000 47.7292
239.0000 47.6485
239.5000 47.5655
240.0000 47.4804
240.5000 47.3926
241.0000 47.3025
241.5000 47.2103
242.0000 47.1151
242.5000 47.0178
243.0000 46.9185
243.5000 46.8168
244.0000 46.7127
244.5000 46.6063
245.0000 46.4973
245.5000 46.3858
246.0000 46.2714
246.5000 46.1548
247.0000 46.0356
247.5000 45.9136
248.0000 45.7891
248.5000 45.6622
249.0000 45.5336
249.5000 45.4024
250.0000 45.2667
250.5000 45.1297
251.0000 44.9905
251.5000 44.8485
252.0000 44.7032
252.5000 44.5553
253.0000 44.4044
253.5000 44.2510
254.0000 44.0951
254.5000 43.9361
255.0000 43.7742
255.5000 43.6098
256.0000 43.4426
256.5000 43.2724
257.0000 43.0996
257.5000 42.9245
258.0000 42.7465
258.5000 42.5661
259.0000 42.3828
259.5000 42.1972
260.0000 42.0093
260.5000 41.8184
261.0000 41.6244
261.5000 41.4282
262.0000 41.2290
262.5000 41.0265
263.0000 40.8216
263.5000 40.6141
264.0000 40.4036
264.5000 40.1903
265.0000 39.9748
265.5000 39.7567
266.0000 39.5359
266.5000 39.3129
267.0000 39.0875
267.5000 38.8595
268.0000 38.6292
268.5000 38.3963
269.0000 38.1608
269.5000 37.9230
270.0000 37.6832
270.5000 37.4413
271.0000 37.1968
271.5000 36.9493
272.0000 36.6999
272.5000 36.4478
273.0000 36.1935
273.5000 35.9365
274.0000 35.6778
274.5000 35.4169
275.0000 35.1530
275.5000 34.8865
276.0000 34.6185
276.5000 34.3486
277.0000 34.0760
277.5000 33.8011
278.0000 33.5244
278.5000 33.2458
279.0000 32.9657
279.5000 32.6831
280.0000 32.3981
280.5000 32.1115
281.0000 31.8237
281.5000 31.5343
282.0000 31.2436
282.5000 30.9515
283.0000 30.6579
283.5000 30.3634
284.0000 30.0676
284.5000 29.7704
285.0000 29.4725
285.5000 29.1743
286.0000 28.8742
286.5000 28.5726
287.0000 28.2697
287.5000 27.9656
288.0000 27.6600
288.5000 27.3537
289.0000 27.0457
289.5000 26.7373
290.0000 26.4272
290.5000 26.1157
291.0000 25.8033
291.5000 25.4900
292.0000 25.1761
292.5000 24.8623
293.0000 24.5485
293.5000 24.2344
294.0000 23.9202
294.5000 23.6050
295.0000 23.2902
295.5000 22.9749
296.0000 22.6595
296.5000 22.3445
297.0000 22.0297
297.5000 21.7153
298.0000 21.4002
298.5000 21.0848
299.0000 20.7700
299.5000 20.4574
300.0000 20.1461
300.5000 19.8342
301.0000 19.5229
301.5000 19.2135
302.0000 18.9047
302.5000 18.5963
303.0000 18.2899
303.5000 17.9298
304.0000 17.6794
304.5000 17.3771
305.0000 17.0750
305.5000 16.7755
306.0000 16.4769
306.5000 16.1804
307.0000 15.8858
307.5000 15.5928
308.0000 15.3019
308.5000 15.0123
309.0000 14.7246
309.5000 14.4393
310.0000 14.1550
310.5000 13.8733
311.0000 13.5927
311.5000 13.3144
312.0000 13.0381
312.5000 12.7650
313.0000 12.4938
313.5000 12.2257
314.0000 11.9602
314.5000 11.6966
315.0000 11.4359
315.5000 11.1779
316.0000 10.9227
316.5000 10.6690
317.0000 10.4188
317.5000 10.1708
318.0000 9.9250
318.5000 9.6818
319.0000 9.4423
319.5000 9.2055
320.0000 8.9724
320.5000 8.7418
321.0000 8.5141
321.5000 8.2897
322.0000 8.0677
322.5000 7.8490
323.0000 7.6334
323.5000 7.4206
324.0000 7.2113
324.5000 7.0053
325.0000 6.8024
325.5000 6.6027
326.0000 6.4069
326.5000 6.2141
327.0000 6.0244
327.5000 5.8380
328.0000 5.6550
328.5000 5.4751
329.0000 5.2881
329.5000 5.1246
330.0000 4.9541
330.5000 4.7866
331.0000 4.6222
331.5000 4.4609
332.0000 4.3025
332.5000 4.1357
333.0000 3.9944
333.5000 3.8447
334.0000 3.6984
334.5000 3.5551
335.0000 3.4148
335.5000 3.2776
336.0000 3.1434
336.5000 3.0123
337.0000 2.8843
337.5000 2.7591
338.0000 2.6247
338.5000 2.5176
339.0000 2.4010
339.5000 2.2874
340.0000 2.1766
340.5000 2.0689
341.0000 1.9635
341.5000 1.8612
342.0000 1.7617
342.5000 1.6652
343.0000 1.5713
343.5000 1.4801
344.0000 1.3917
344.5000 1.3058
345.0000 1.2226
345.5000 1.1421
346.0000 1.0641
346.5000 0.9891
347.0000 0.9170
347.5000 0.8476
348.0000 0.7807
348.5000 0.7168
349.0000 0.6557
349.5000 0.5973
350.0000 0.5414
350.5000 0.4884
351.0000 0.4383
351.5000 0.3907
352.0000 0.3421
352.5000 0.3006
353.0000 0.2643
353.5000 0.2275
354.0000 0.1921
354.5000 0.1620
355.0000 0.1332
355.5000 0.1074
356.0000 0.0853
356.5000 0.0642
357.0000 0.0479
357.5000 0.0319
358.0000 0.0213
358.5000 0.0110
359.0000 0.0053
359.5000 0.0009
