0.0000 0.0000
0.5000 0.0001
1.0000 0.0001
1.5000 0.0001
2.0000 0.0002
2.5000 0.0003
3.0000 0.0004
3.5000 0.0006
4.0000 0.0007
4.5000 0.0009
5.0000 0.0011
5.5000 0.0013
6.0000 0.0015
6.5000 0.0018
7.0000 0.0021
7.5000 0.0024
8.0000 0.0027
8.5000 0.0031
9.0000 0.0034
9.5000 0.0038
10.0000 0.0042
10.5000 0.0046
11.0000 0.0051
11.5000 0.0056
12.0000 0.0061
12.5000 0.0066
13.0000 0.0071
13.5000 0.0077
14.0000 0.0082
14.5000 0.0088
15.0000 0.0094
15.5000 0.0101
16.0000 0.0107
16.5000 0.0114
17.0000 0.0121
17.5000 0.0128
18.0000 0.0136
18.5000 0.0143
19.0000 0.0151
19.5000 0.0159
20.0000 0.0167
20.5000 0.0175
21.0000 0.0183
21.5000 0.0191
22.0000 0.0200
22.5000 0.0209
23.0000 0.0217
23.5000 0.0226
24.0000 0.0235
24.5000 0.0244
25.0000 0.0254
25.5000 0.0263
26.0000 0.0272
26.5000 0.0282
27.0000 0.0291
27.5000 0.0301
28.0000 0.0311
28.5000 0.0321
29.0000 0.0330
29.5000 0.0340
30.0000 0.0350
30.5000 0.0360
31.0000 0.0370
31.5000 0.0380
32.0000 0.0390
32.5000 0.0400
33.0000 0.0410
33.5000 0.0420
34.0000 0.0430
34.5000 0.0440
35.0000 0.0450
35.5000 0.0460
36.0000 0.0470
36.5000 0.0480
37.0000 0.0490
37.5000 0.0500
38.0000 0.0510
38.5000 0.0520
39.0000 0.0530
39.5000 0.0540
40.0000 0.0550
40.5000 0.0560
41.0000 0.0570
41.5000 0.0580
42.0000 0.0590
42.5000 0.0600
43.0000 0.0610
43.5000 0.0620
44.0000 0.0630
44.5000 0.0640
45.0000 0.0650
45.5000 0.0660
46.0000 0.0670
46.5000 0.0680
47.0000 0.0690
47.5000 0.0700
48.0000 0.0710
48.5000 0.0720
49.0000 0.0730
49.5000 0.0740
50.0000 0.0750
50.5000 0.0760
51.0000 0.0770
51.5000 0.0780
52.0000 0.0790
52.5000 0.0800
53.0000 0.0810
53.5000 0.0820
54.0000 0.0830
54.5000 0.0840
55.0000 0.0850
55.5000 0.0860
56.0000 0.0870
56.5000 0.0880
57.0000 0.0890
57.5000 0.0900
58.0000 0.0910
58.5000 0.0920
59.0000 0.0930
59.5000 0.0940
60.0000 0.0950
60.5000 0.0960
61.0000 0.0970
61.5000 0.0980
62.0000 0.0990
62.5000 0.1001
63.0000 0.1011
63.5000 0.1021
64.0000 0.1031
64.5000 0.1041
65.0000 0.1051
65.5000 0.1061
66.0000 0.1071
66.5000 0.1081
67.0000 0.1091
67.5000 0.1101
68.0000 0.1111
68.5000 0.1121
69.0000 0.1131
69.5000 0.1141
70.0000 0.1151
70.5000 0.1161
71.0000 0.1171
71.5000 0.1181
72.0000 0.1191
72.5000 0.1201
73.0000 0.1211
73.5000 0.1221
74.0000 0.1231
74.5000 0.1241
75.0000 0.1251
75.5000 0.1261
76.0000 0.1271
76.5000 0.1281
77.0000 0.1291
77.5000 0.1301
78.0000 0.1311
78.5000 0.1321
79.0000 0.1331
79.5000 0.1341
80.0000 0.1351
80.5000 0.1361
81.0000 0.1371
81.5000 0.1381
82.0000 0.1391
82.5000 0.1401
83.0000 0.1411
83.5000 0.1421
84.0000 0.1431
84.5000 0.1441
85.0000 0.1451
85.5000 0.1461
86.0000 0.1471
86.5000 0.1481
87.0000 0.1491
87.5000 0.1501
88.0000 0.1511
88.5000 0.1521
89.0000 0.1531
89.5000 0.1541
90.0000 0.1551
90.5000 0.1561
91.0000 0.1571
91.5000 0.1581
92.0000 0.1591
92.5000 0.1600
93.0000 0.1610
93.5000 0.1620
94.0000 0.1630
94.5000 0.1639
95.0000 0.1649
95.5000 0.1658
96.0000 0.1668
96.5000 0.1677
97.0000 0.1686
97.5000 0.1695
98.0000 0.1704
98.5000 0.1713
99.0000 0.1722
99.5000 0.1730
100.0000 0.1739
100.5000 0.1747
101.0000 0.1755
101.5000 0.1763
102.0000 0.1771
102.5000 0.1779
103.0000 0.1787
103.5000 0.1794
104.0000 0.1802
104.5000 0.1809
105.0000 0.1816
105.5000 0.1823
106.0000 0.1830
106.5000 0.1837
107.0000 0.1843
107.5000 0.1850
108.0000 0.1856
108.5000 0.1863
109.0000 0.1869
109.5000 0.1875
110.0000 0.1880
110.5000 0.1886
111.0000 0.1892
111.5000 0.1897
112.0000 0.1902
112.5000 0.1907
113.0000 0.1913
113.5000 0.1917
114.0000 0.1922
114.5000 0.1927
115.0000 0.1931
115.5000 0.1936
116.0000 0.1940
116.5000 0.1944
117.0000 0.1948
117.5000 0.1952
118.0000 0.1955
118.5000 0.1959
119.0000 0.1962
119.5000 0.1966
120.0000 0.1969
120.5000 0.1972
121.0000 0.1975
121.5000 0.1978
122.0000 0.1980
122.5000 0.1983
123.0000 0.1985
123.5000 0.1987
124.0000 0.1989
124.5000 0.1991
125.0000 0.1993
125.5000 0.1995
126.0000 0.1997
126.5000 0.1998
127.0000 0.1999
127.5000 0.2000
128.0000 0.2001
128.5000 0.2002
129.0000 0.2003
129.5000 0.2004
130.0000 0.2004
130.5000 0.2005
131.0000 0.2005
131.5000 0.2005
132.0000 0.2005
132.5000 0.2005
133.0000 0.2005
133.5000 0.2004
134.0000 0.2004
134.5000 0.2003
135.0000 0.2002
135.5000 0.2001
136.0000 0.2000
136.5000 0.1999
137.0000 0.1997
137.5000 0.1996
138.0000 0.1994
138.5000 0.1993
139.0000 0.1991
139.5000 0.1989
140.0000 0.1987
140.5000 0.1984
141.0000 0.1982
141.5000 0.1979
142.0000 0.1977
142.5000 0.1974
143.0000 0.1971
143.5000 0.1968
144.0000 0.1965
144.5000 0.1961
145.0000 0.1958
145.5000 0.1954
146.0000 0.1950
146.5000 0.1947
147.0000 0.1943
147.5000 0.1939
148.0000 0.1935
148.5000 0.1931
149.0000 0.1926
149.5000 0.1922
150.0000 0.1918
150.5000 0.1913
151.0000 0.1909
151.5000 0.1904
152.0000 0.1900
152.5000 0.1895
153.0000 0.1890
153.5000 0.1886
154.0000 0.1881
154.5000 0.1876
155.0000 0.1871
155.5000 0.1867
156.0000 0.1862
156.5000 0.1857
157.0000 0.1853
157.5000 0.1848
158.0000 0.1843
158.5000 0.1838
159.0000 0.1834
159.5000 0.1829
160.0000 0.1824
160.5000 0.1819
161.0000 0.1815
161.5000 0.1810
162.0000 0.1805
162.5000 0.1801
163.0000 0.1796
163.5000 0.1791
164.0000 0.1786
164.5000 0.1782
165.0000 0.1777
165.5000 0.1772
166.0000 0.1768
166.5000 0.1763
167.0000 0.1758
167.5000 0.1753
168.0000 0.1749
168.5000 0.1744
169.0000 0.1739
169.5000 0.1734
170.0000 0.1730
170.5000 0.1725
171.0000 0.1720
171.5000 0.1716
172.0000 0.1711
172.5000 0.1706
173.0000 0.1701
173.5000 0.1697
174.0000 0.1692
174.5000 0.1687
175.0000 0.1683
175.5000 0.1678
176.0000 0.1673
176.5000 0.1668
177.0000 0.1664
177.5000 0.1659
178.0000 0.1654
178.5000 0.1649
179.0000 0.1645
179.5000 0.1640
180.0000 0.1635
180.5000 0.1631
181.0000 0.1626
181.5000 0.1621
182.0000 0.1616
182.5000 0.1612
183.0000 0.1607
183.5000 0.1602
184.0000 0.1598
184.5000 0.1593
185.0000 0.1588
185.5000 0.1583
186.0000 0.1579
186.5000 0.1574
187.0000 0.1569
187.5000 0.1564
188.0000 0.1560
188.5000 0.1555
189.0000 0.1550
189.5000 0.1546
190.0000 0.1541
190.5000 0.1536
191.0000 0.1531
191.5000 0.1527
192.0000 0.1522
192.5000 0.1517
193.0000 0.1513
193.5000 0.1508
194.0000 0.1503
194.5000 0.1498
195.0000 0.1494
195.5000 0.1489
196.0000 0.1484
196.5000 0.1479
197.0000 0.1475
197.5000 0.1470
198.0000 0.1465
198.5000 0.1461
199.0000 0.1456
199.5000 0.1451
200.0000 0.1446
200.5000 0.1442
201.0000 0.1437
201.5000 0.1432
202.0000 0.1428
202.5000 0.1423
203.0000 0.1418
203.5000 0.1413
204.0000 0.1409
204.5000 0.1404
205.0000 0.1399
205.5000 0.1394
206.0000 0.1390
206.5000 0.1385
207.0000 0.1380
207.5000 0.1376
208.0000 0.1371
208.5000 0.1366
209.0000 0.1361
209.5000 0.1357
210.0000 0.1352
210.5000 0.1347
211.0000 0.1343
211.5000 0.1338
212.0000 0.1333
212.5000 0.1328
213.0000 0.1324
213.5000 0.1319
214.0000 0.1314
214.5000 0.1309
215.0000 0.1305
215.5000 0.1300
216.0000 0.1295
216.5000 0.1291
217.0000 0.1286
217.5000 0.1281
218.0000 0.1276
218.5000 0.1272
219.0000 0.1267
219.5000 0.1262
220.0000 0.1258
220.5000 0.1253
221.0000 0.1248
221.5000 0.1243
222.0000 0.1239
222.5000 0.1234
223.0000 0.1229
223.5000 0.1224
224.0000 0.1220
224.5000 0.1215
225.0000 0.1210
225.5000 0.1206
226.0000 0.1201
226.5000 0.1196
227.0000 0.1191
227.5000 0.1187
228.0000 0.1182
228.5000 0.1177
229.0000 0.1173
229.5000 0.1168
230.0000 0.1163
230.5000 0.1158
231.0000 0.1154
231.5000 0.1149
232.0000 0.1144
232.5000 0.1139
233.0000 0.1135
233.5000 0.1130
234.0000 0.1125
234.5000 0.1121
235.0000 0.1116
235.5000 0.1111
236.0000 0.1106
236.5000 0.1102
237.0000 0.1097
237.5000 0.1092
238.0000 0.1088
238.5000 0.1083
239.0000 0.1078
239.5000 0.1073
240.0000 0.1069
240.5000 0.1064
241.0000 0.1059
241.5000 0.1054
242.0000 0.1050
242.5000 0.1045
243.0000 0.1040
243.5000 0.1036
244.0000 0.1031
244.5000 0.1026
245.0000 0.1021
245.5000 0.1017
246.0000 0.1012
246.5000 0.1007
247.0000 0.1003
247.5000 0.0998
248.0000 0.0993
248.5000 0.0988
249.0000 0.0984
249.5000 0.0979
250.0000 0.0974
250.5000 0.0969
251.0000 0.0965
251.5000 0.0960
252.0000 0.0955
252.5000 0.0951
253.0000 0.0946
253.5000 0.0941
254.0000 0.0936
254.5000 0.0932
255.0000 0.0927
255.5000 0.0922
256.0000 0.0918
256.5000 0.0913
257.0000 0.0908
257.5000 0.0903
258.0000 0.0899
258.5000 0.0894
259.0000 0.0889
259.5000 0.0884
260.0000 0.0880
260.5000 0.0875
261.0000 0.0870
261.5000 0.0866
262.0000 0.0861
262.5000 0.0856
263.0000 0.0851
263.5000 0.0847
264.0000 0.0842
264.5000 0.0837
265.0000 0.0833
265.5000 0.0828
266.0000 0.0823
266.5000 0.0818
267.0000 0.0814
267.5000 0.0809
268.0000 0.0804
268.5000 0.0799
269.0000 0.0795
269.5000 0.0790
270.0000 0.0785
270.5000 0.0781
271.0000 0.0776
271.5000 0.0771
272.0000 0.0766
272.5000 0.0762
273.0000 0.0757
273.5000 0.0752
274.0000 0.0748
274.5000 0.0743
275.0000 0.0738
275.5000 0.0733
276.0000 0.0729
276.5000 0.0724
277.0000 0.0719
277.5000 0.0714
278.0000 0.0710
278.5000 0.0705
279.0000 0.0700
279.5000 0.0696
280.0000 0.0691
280.5000 0.0686
281.0000 0.0681
281.5000 0.0677
282.0000 0.0672
282.5000 0.0667
283.0000 0.0663
283.5000 0.0658
284.0000 0.0653
284.5000 0.0648
285.0000 0.0644
285.5000 0.0639
286.0000 0.0634
286.5000 0.0629
287.0000 0.0625
287.5000 0.0620
288.0000 0.0615
288.5000 0.0611
289.0000 0.0606
289.5000 0.0601
290.0000 0.0596
290.5000 0.0592
291.0000 0.0587
291.5000 0.0582
292.0000 0.0578
292.5000 0.0573
293.0000 0.0568
293.5000 0.0563
294.0000 0.0559
294.5000 0.0554
295.0000 0.0549
295.5000 0.0544
296.0000 0.0540
296.5000 0.0535
297.0000 0.0530
297.5000 0.0526
298.0000 0.0521
298.5000 0.0516
299.0000 0.0511
299.5000 0.0507
300.0000 0.0502
300.5000 0.0497
301.0000 0.0493
301.5000 0.0488
302.0000 0.0483
302.5000 0.0478
303.0000 0.0474
303.5000 0.0469
304.0000 0.0464
304.5000 0.0459
305.0000 0.0455
305.5000 0.0450
306.0000 0.0445
306.5000 0.0441
307.0000 0.0436
307.5000 0.0431
308.0000 0.0426
308.5000 0.0422
309.0000 0.0417
309.5000 0.0412
310.0000 0.0408
310.5000 0.0403
311.0000 0.0398
311.5000 0.0393
312.0000 0.0389
312.5000 0.0384
313.0000 0.0379
313.5000 0.0374
314.0000 0.0370
314.5000 0.0365
315.0000 0.0360
315.5000 0.0356
316.0000 0.0351
316.5000 0.0346
317.0000 0.0341
317.5000 0.0337
318.0000 0.0332
318.5000 0.0327
319.0000 0.0323
319.5000 0.0318
320.0000 0.0313
320.5000 0.0308
321.0000 0.0304
321.5000 0.0299
322.0000 0.0294
322.5000 0.0289
323.0000 0.0285
323.5000 0.0280
324.0000 0.0275
324.5000 0.0271
325.0000 0.0266
325.5000 0.0261
326.0000 0.0256
326.5000 0.0252
327.0000 0.0247
327.5000 0.0242
328.0000 0.0238
328.5000 0.0233
329.0000 0.0228
329.5000 0.0223
330.0000 0.0219
330.5000 0.0214
331.0000 0.0209
331.5000 0.0204
332.0000 0.0200
332.5000 0.0195
333.0000 0.0190
333.5000 0.0186
334.0000 0.0181
334.5000 0.0176
335.0000 0.0171
335.5000 0.0167
336.0000 0.0162
336.5000 0.0157
337.0000 0.0153
337.5000 0.0148
338.0000 0.0143
338.5000 0.0138
339.0000 0.0134
339.5000 0.0129
340.0000 0.0124
340.5000 0.0119
341.0000 0.0115
341.5000 0.0110
342.0000 0.0105
342.5000 0.0101
343.0000 0.0096
343.5000 0.0092
344.0000 0.0087
344.5000 0.0083
345.0000 0.0078
345.5000 0.0074
346.0000 0.0069
346.5000 0.0065
347.0000 0.0061
347.5000 0.0057
348.0000 0.0053
348.5000 0.0049
349.0000 0.0045
349.5000 0.0042
350.0000 0.0038
350.5000 0.0035
351.0000 0.0032
351.5000 0.0028
352.0000 0.0025
352.5000 0.0022
353.0000 0.0020
353.5000 0.0017
354.0000 0.0015
354.5000 0.0012
355.0000 0.0010
355.5000 0.0008
356.0000 0.0007
356.5000 0.0005
357.0000 0.0004
357.5000 0.0003
358.0000 0.0002
358.5000 0.0001
359.0000 0.0000
359.5000 0.0000
