0.0000 0.0003
0.5000 0.0000
1.0000 0.0000
1.5000 0.0000
2.0000 0.0000
2.5000 0.0000
3.0000 0.0000
3.5000 0.0000
4.0000 0.0000
4.5000 0.0000
5.0000 0.0000
5.5000 0.0000
6.0000 0.0000
6.5000 0.0000
7.0000 0.0000
7.5000 0.0000
8.0000 0.0000
8.5000 0.0000
9.0000 0.0000
9.5000 0.0000
10.0000 0.0000
10.5000 0.0000
11.0000 0.0000
11.5000 0.0000
12.0000 0.0000
12.5000 0.0000
13.0000 0.0000
13.5000 0.0000
14.0000 0.0000
14.5000 0.0000
15.0000 0.0000
15.5000 0.0000
16.0000 0.0000
16.5000 0.0000
17.0000 0.0000
17.5000 0.0000
18.0000 0.0000
18.5000 0.0000
19.0000 0.0000
19.5000 0.0000
20.0000 0.0000
20.5000 0.0000
21.0000 0.0000
21.5000 0.0000
22.0000 0.0000
22.5000 0.0000
23.0000 0.0000
23.5000 0.0000
24.0000 0.0000
24.5000 0.0000
25.0000 0.0000
25.5000 0.0000
26.0000 0.0000
26.5000 0.0000
27.0000 0.0000
27.5000 0.0000
28.0000 0.0000
28.5000 0.0000
29.0000 0.0000
29.5000 0.0000
30.0000 0.0000
30.5000 0.0000
31.0000 0.0000
31.5000 0.0000
32.0000 0.0000
32.5000 0.0000
33.0000 0.0000
33.5000 0.0000
34.0000 0.0000
34.5000 0.0000
35.0000 0.0000
35.5000 0.0000
36.0000 0.0000
36.5000 0.0000
37.0000 0.0000
37.5000 0.0000
38.0000 0.0000
38.5000 0.0000
39.0000 0.0000
39.5000 0.0000
40.0000 0.0000
40.5000 0.0000
41.0000 0.0000
41.5000 0.0000
42.0000 0.0000
42.5000 0.0000
43.0000 0.0000
43.5000 0.0000
44.0000 0.0000
44.5000 0.0000
45.0000 0.0000
45.5000 0.0000
46.0000 0.0000
46.5000 0.0000
47.0000 0.0000
47.5000 0.0000
48.0000 0.0000
48.5000 0.0000
49.0000 0.0000
49.5000 0.0000
50.0000 0.0000
50.5000 0.0000
51.0000 0.0000
51.5000 0.0000
52.0000 0.0000
52.5000 0.0000
53.0000 0.0000
53.5000 0.0000
54.0000 0.0000
54.5000 0.0000
55.0000 0.0000
55.5000 0.0000
56.0000 0.0000
56.5000 0.0000
57.0000 0.0000
57.5000 0.0000
58.0000 0.0000
58.5000 0.0000
59.0000 0.0000
59.5000 0.0000
60.0000 0.0000
60.5000 0.0000
61.0000 0.0000
61.5000 0.0000
62.0000 0.0000
62.5000 0.0000
63.0000 0.0000
63.5000 0.0000
64.0000 0.0000
64.5000 0.0000
65.0000 0.0000
65.5000 0.0000
66.0000 0.0000
66.5000 0.0000
67.0000 0.0000
67.5000 0.0000
68.0000 0.0000
68.5000 0.0000
69.0000 0.0000
69.5000 0.0000
70.0000 0.0000
70.5000 0.0003
71.0000 0.0014
71.5000 0.0031
72.0000 0.0056
72.5000 0.0088
73.0000 0.0128
73.5000 0.0176
74.0000 0.0233
74.5000 0.0297
75.0000 0.0370
75.5000 0.0452
76.0000 0.0543
76.5000 0.0643
77.0000 0.0753
77.5000 0.0872
78.0000 0.1001
78.5000 0.1140
79.0000 0.1289
79.5000 0.1448
80.0000 0.1618
80.5000 0.1799
81.0000 0.1991
81.5000 0.2193
82.0000 0.2407
82.5000 0.2633
83.0000 0.2870
83.5000 0.3119
84.0000 0.3380
84.5000 0.3654
85.0000 0.3940
85.5000 0.4239
86.0000 0.4550
86.5000 0.4875
87.0000 0.5213
87.5000 0.5564
88.0000 0.5929
88.5000 0.6308
89.0000 0.6701
89.5000 0.7109
90.0000 0.7530
90.5000 0.7966
91.0000 0.8417
91.5000 0.8883
92.0000 0.9364
92.5000 0.9860
93.0000 1.0371
93.5000 1.0898
94.0000 1.1441
94.5000 1.1999
95.0000 1.2574
95.5000 1.3165
96.0000 1.3772
96.5000 1.4395
97.0000 1.5035
97.5000 1.5691
98.0000 1.6364
98.5000 1.7054
99.0000 1.7761
99.5000 1.8485
100.0000 1.9226
100.5000 1.9984
101.0000 2.0760
101.5000 2.1552
102.0000 2.2362
102.5000 2.3190
103.0000 2.4035
103.5000 2.4898
104.0000 2.5779
104.5000 2.6677
105.0000 2.7594
105.5000 2.8529
106.0000 2.9482
106.5000 3.0453
107.0000 3.1443
107.5000 3.2452
108.0000 3.3479
108.5000 3.4525
109.0000 3.5590
109.5000 3.6675
110.0000 3.7778
110.5000 3.8901
111.0000 4.0044
111.5000 4.1206
112.0000 4.2389
112.5000 4.3591
113.0000 4.4813
113.5000 4.6056
114.0000 4.7319
114.5000 4.8602
115.0000 4.9907
115.5000 5.1232
116.0000 5.2579
116.5000 5.3947
117.0000 5.5336
117.5000 5.6748
118.0000 5.8181
118.5000 5.9636
119.0000 6.1113
119.5000 6.2613
120.0000 6.4135
120.5000 6.5680
121.0000 6.7248
121.5000 6.8838
122.0000 7.0452
122.5000 7.2089
123.0000 7.3749
123.5000 7.5433
124.0000 7.7140
124.5000 7.8871
125.0000 8.0626
125.5000 8.2404
126.0000 8.4206
126.5000 8.6032
127.0000 8.7882
127.5000 8.9756
128.0000 9.1654
128.5000 9.3576
129.0000 9.5522
129.5000 9.7492
130.0000 9.9486
130.5000 10.1505
131.0000 10.3548
131.5000 10.5615
132.0000 10.7706
132.5000 10.9821
133.0000 11.1961
133.5000 11.4125
134.0000 11.6314
134.5000 11.8526
135.0000 12.0763
135.5000 12.3025
136.0000 12.5310
136.5000 12.7620
137.0000 12.9954
137.5000 13.2313
138.0000 13.4695
138.5000 13.7102
139.0000 13.9532
139.5000 14.1987
140.0000 14.4466
140.5000 14.6968
141.0000 14.9495
141.5000 15.2044
142.0000 15.4618
142.5000 15.7214
143.0000 15.9834
143.5000 16.2477
144.0000 16.5142
144.5000 16.7830
145.0000 17.0541
145.5000 17.3274
146.0000 17.6029
146.5000 17.8806
147.0000 18.1604
147.5000 18.4424
148.0000 18.7265
148.5000 19.0126
149.0000 19.3008
149.5000 19.5911
150.0000 19.8832
150.5000 20.1774
151.0000 20.4734
151.5000 20.7713
152.0000 21.0709
152.5000 21.3724
153.0000 21.6756
153.5000 21.9805
154.0000 22.2870
154.5000 22.5951
155.0000 22.9047
155.5000 23.2158
156.0000 23.5283
156.5000 23.8423
157.0000 24.1575
157.5000 24.4740
158.0000 24.7917
158.5000 25.1106
159.0000 25.4305
159.5000 25.7514
160.0000 26.0733
160.5000 26.3961
161.0000 26.7197
161.5000 27.0440
162.0000 27.3690
162.5000 27.6947
163.0000 28.0208
163.5000 28.3474
164.0000 28.6744
164.5000 29.0017
165.0000 29.3292
165.5000 29.6568
166.0000 29.9845
166.5000 30.3123
167.0000 30.6399
167.5000 30.9673
168.0000 31.2945
168.5000 31.6213
169.0000 31.9476
169.5000 32.2734
170.0000 32.5986
170.5000 32.9230
171.0000 33.2466
171.5000 33.5692
172.0000 33.8908
172.5000 34.2113
173.0000 34.5306
173.5000 34.8485
174.0000 35.1651
174.5000 35.4801
175.0000 35.7935
175.5000 36.1052
176.0000 36.4151
176.5000 36.7231
177.0000 37.0291
177.5000 37.3330
178.0000 37.6348
178.5000 37.9343
179.0000 38.2314
179.5000 38.5261
180.0000 38.8183
180.5000 39.1078
181.0000 39.3947
181.5000 39.6788
182.0000 39.9600
182.5000 40.2382
183.0000 40.5134
183.5000 40.7855
184.0000 41.0544
184.5000 41.3199
185.0000 41.5821
185.5000 41.8408
186.0000 42.0960
186.5000 42.3476
187.0000 42.5954
187.5000 42.8396
188.0000 43.0799
188.5000 43.3163
189.0000 43.5487
189.5000 43.7771
190.0000 44.0015
190.5000 44.2216
191.0000 44.4376
191.5000 44.6493
192.0000 44.8567
192.5000 45.0598
193.0000 45.2584
193.5000 45.4526
194.0000 45.6423
194.5000 45.8274
195.0000 46.0079
195.5000 46.1838
196.0000 46.3549
196.5000 46.5214
197.0000 46.6831
197.5000 46.8400
198.0000 46.9922
198.5000 47.1394
199.0000 47.2818
199.5000 47.4193
200.0000 47.5518
200.5000 47.6794
201.0000 47.8021
201.5000 47.9197
202.0000 48.0324
202.5000 48.1401
203.0000 48.2428
203.5000 48.3404
204.0000 48.4330
204.5000 48.5206
205.0000 48.6031
205.5000 48.6805
206.0000 48.7530
206.5000 48.8203
207.0000 48.8827
207.5000 48.9400
208.0000 48.9923
208.5000 49.0397
209.0000 49.0820
209.5000 49.1193
210.0000 49.1517
210.5000 49.1791
211.0000 49.2016
211.5000 49.2191
212.0000 49.2317
212.5000 49.2394
213.0000 49.2422
213.5000 49.2401
214.0000 49.2331
214.5000 49.2212
215.0000 49.2045
215.5000 49.1830
216.0000 49.1566
216.5000 49.1255
217.0000 49.0897
217.5000 49.0492
218.0000 49.0040
218.5000 48.9542
219.0000 48.8998
219.5000 48.8409
220.0000 48.7775
220.5000 48.7096
221.0000 48.6374
221.5000 48.5607
222.0000 48.4797
222.5000 48.3944
223.0000 48.3048
223.5000 48.2110
224.0000 48.1130
224.5000 48.0107
225.0000 47.9043
225.5000 47.7938
226.0000 47.6792
226.5000 47.5604
227.0000 47.4376
227.5000 47.3107
228.0000 47.1798
228.5000 47.0448
229.0000 46.9059
229.5000 46.7629
230.0000 46.6160
230.5000 46.4652
231.0000 46.3104
231.5000 46.1517
232.0000 45.9892
232.5000 45.8228
233.0000 45.6526
233.5000 45.4786
234.0000 45.3009
234.5000 45.1195
235.0000 44.9345
235.5000 44.7458
236.0000 44.5536
236.5000 44.3578
237.0000 44.1586
237.5000 43.9560
238.0000 43.7500
238.5000 43.5407
239.0000 43.3282
239.5000 43.1125
240.0000 42.8937
240.5000 42.6719
241.0000 42.4470
241.5000 42.2192
242.0000 41.9886
242.5000 41.7551
243.0000 41.5188
243.5000 41.2798
244.0000 41.0382
244.5000 40.7939
245.0000 40.5471
245.5000 40.2978
246.0000 40.0460
246.5000 39.7918
247.0000 39.5352
247.5000 39.2764
248.0000 39.0152
248.5000 38.7519
249.0000 38.4864
249.5000 38.2187
250.0000 37.9490
250.5000 37.6772
251.0000 37.4035
251.5000 37.1278
252.0000 36.8502
252.5000 36.5708
253.0000 36.2896
253.5000 36.0067
254.0000 35.7222
254.5000 35.4360
255.0000 35.1482
255.5000 34.8590
256.0000 34.5683
256.5000 34.2763
257.0000 33.9829
257.5000 33.6884
258.0000 33.3926
258.5000 33.0957
259.0000 32.7979
259.5000 32.4990
260.0000 32.1993
260.5000 31.8987
261.0000 31.5973
261.5000 31.2953
262.0000 30.9926
262.5000 30.6894
263.0000 30.3857
263.5000 30.0815
264.0000 29.7770
264.5000 29.4721
265.0000 29.1670
265.5000 28.8617
266.0000 28.5562
266.5000 28.2507
267.0000 27.9451
267.5000 27.6395
268.0000 27.3341
268.5000 27.0287
269.0000 26.7236
269.5000 26.4187
270.0000 26.1140
270.5000 25.8097
271.0000 25.5058
271.5000 25.2024
272.0000 24.8994
272.5000 24.5969
273.0000 24.2950
273.5000 23.9937
274.0000 23.6932
274.5000 23.3933
275.0000 23.0943
275.5000 22.7961
276.0000 22.4989
276.5000 22.2026
277.0000 21.9073
277.5000 21.6132
278.0000 21.3202
278.5000 21.0283
279.0000 20.7378
279.5000 20.4485
280.0000 20.1607
280.5000 19.8742
281.0000 19.5892
281.5000 19.3057
282.0000 19.0238
282.5000 18.7435
283.0000 18.4649
283.5000 18.1879
284.0000 17.9127
284.5000 17.6393
285.0000 17.3677
285.5000 17.0979
286.0000 16.8300
286.5000 16.5641
287.0000 16.3001
287.5000 16.0380
288.0000 15.7780
288.5000 15.5200
289.0000 15.2640
289.5000 15.0101
290.0000 14.7583
290.5000 14.5087
291.0000 14.2611
291.5000 14.0157
292.0000 13.7725
292.5000 13.5314
293.0000 13.2926
293.5000 13.0560
294.0000 12.8217
294.5000 12.5897
295.0000 12.3599
295.5000 12.1324
296.0000 11.9073
296.5000 11.6845
297.0000 11.4640
297.5000 11.2459
298.0000 11.0301
298.5000 10.8167
299.0000 10.6057
299.5000 10.3970
300.0000 10.1907
300.5000 9.9868
301.0000 9.7853
301.5000 9.5862
302.0000 9.3895
302.5000 9.1951
303.0000 9.0031
303.5000 8.8136
304.0000 8.6263
304.5000 8.4415
305.0000 8.2590
305.5000 8.0789
306.0000 7.9012
306.5000 7.7258
307.0000 7.5528
307.5000 7.3821
308.0000 7.2138
308.5000 7.0478
309.0000 6.8841
309.5000 6.7228
310.0000 6.5638
310.5000 6.4071
311.0000 6.2527
311.5000 6.1006
312.0000 5.9507
312.5000 5.8032
313.0000 5.6578
313.5000 5.5148
314.0000 5.3739
314.5000 5.2353
315.0000 5.0988
315.5000 4.9646
316.0000 4.8325
316.5000 4.7026
317.0000 4.5748
317.5000 4.4491
318.0000 4.3256
318.5000 4.2042
319.0000 4.0848
319.5000 3.9676
320.0000 3.8524
320.5000 3.7393
321.0000 3.6282
321.5000 3.5191
322.0000 3.4121
322.5000 3.3071
323.0000 3.2041
323.5000 3.1030
324.0000 3.0040
324.5000 2.9069
325.0000 2.8117
325.5000 2.7185
326.0000 2.6271
326.5000 2.5377
327.0000 2.4502
327.5000 2.3646
328.0000 2.2808
328.5000 2.1988
329.0000 2.1187
329.5000 2.0404
330.0000 1.9639
330.5000 1.8891
331.0000 1.8162
331.5000 1.7449
332.0000 1.6755
332.5000 1.6077
333.0000 1.5416
333.5000 1.4772
334.0000 1.4145
334.5000 1.3534
335.0000 1.2939
335.5000 1.2361
336.0000 1.1798
336.5000 1.1251
337.0000 1.0720
337.5000 1.0204
338.0000 0.9703
338.5000 0.9217
339.0000 0.8746
339.5000 0.8290
340.0000 0.7848
340.5000 0.7420
341.0000 0.7006
341.5000 0.6606
342.0000 0.6220
342.5000 0.5848
343.0000 0.5488
343.5000 0.5142
344.0000 0.4809
344.5000 0.4489
345.0000 0.4182
345.5000 0.3887
346.0000 0.3605
346.5000 0.3334
347.0000 0.3076
347.5000 0.2830
348.0000 0.2595
348.5000 0.2372
349.0000 0.2160
349.5000 0.1960
350.0000 0.1770
350.5000 0.1591
351.0000 0.1423
351.5000 0.1266
352.0000 0.1118
352.5000 0.0981
353.0000 0.0854
353.5000 0.0737
354.0000 0.0629
354.5000 0.0530
355.0000 0.0441
355.5000 0.0360
356.0000 0.0288
356.5000 0.0225
357.0000 0.0170
357.5000 0.0123
358.0000 0.0084
358.5000 0.0053
359.0000 0.0029
359.5000 0.0013
