0.0000 0.0000
0.5000 0.0000
1.0000 0.0000
1.5000 0.0000
2.0000 0.0000
2.5000 0.0000
3.0000 0.0000
3.5000 0.0000
4.0000 0.0000
4.5000 0.0000
5.0000 0.0000
5.5000 0.0000
6.0000 0.0000
6.5000 0.0000
7.0000 0.0000
7.5000 0.0000
8.0000 0.0000
8.5000 0.0000
9.0000 0.0000
9.5000 0.0000
10.0000 0.0000
10.5000 0.0000
11.0000 0.0000
11.5000 0.0000
12.0000 0.0000
12.5000 0.0000
13.0000 0.0000
13.5000 0.0000
14.0000 0.0000
14.5000 0.0000
15.0000 0.0000
15.5000 0.0000
16.0000 0.0000
16.5000 0.0000
17.0000 0.0000
17.5000 0.0000
18.0000 0.0000
18.5000 0.0000
19.0000 0.0000
19.5000 0.0000
20.0000 0.0000
20.5000 0.0000
21.0000 0.0000
21.5000 0.0000
22.0000 0.0000
22.5000 0.0000
23.0000 0.0000
23.5000 0.0000
24.0000 0.0000
24.5000 0.0000
25.0000 0.0000
25.5000 0.0000
26.0000 0.0000
26.5000 0.0000
27.0000 0.0000
27.5000 0.0000
28.0000 0.0000
28.5000 0.0000
29.0000 0.0000
29.5000 0.0000
30.0000 0.0000
30.5000 0.0000
31.0000 0.0000
31.5000 0.0000
32.0000 0.0000
32.5000 0.0000
33.0000 0.0000
33.5000 0.0000
34.0000 0.0000
34.5000 0.0000
35.0000 0.0000
35.5000 0.0000
36.0000 0.0000
36.5000 0.0000
37.0000 0.0000
37.5000 0.0000
38.0000 0.0000
38.5000 0.0000
39.0000 0.0000
39.5000 0.0000
40.0000 0.0000
40.5000 0.0000
41.0000 0.0000
41.5000 0.0000
42.0000 0.0000
42.5000 0.0000
43.0000 0.0000
43.5000 0.0000
44.0000 0.0000
44.5000 0.0000
45.0000 0.0000
45.5000 0.0000
46.0000 0.0000
46.5000 0.0000
47.0000 0.0000
47.5000 0.0000
48.0000 0.0000
48.5000 0.0000
49.0000 0.0000
49.5000 0.0000
50.0000 0.0000
50.5000 0.0000
51.0000 0.0000
51.5000 0.0000
52.0000 0.0000
52.5000 0.0000
53.0000 0.0000
53.5000 0.0000
54.0000 0.0000
54.5000 0.0000
55.0000 0.0000
55.5000 0.0000
56.0000 0.0000
56.5000 0.0000
57.0000 0.0000
57.5000 0.0000
58.0000 0.0000
58.5000 0.0000
59.0000 0.0000
59.5000 0.0000
60.0000 0.0000
60.5000 0.0000
61.0000 0.0000
61.5000 0.0000
62.0000 0.0000
62.5000 0.0000
63.0000 0.0000
63.5000 0.0000
64.0000 0.0000
64.5000 0.0000
65.0000 0.0000
65.5000 0.0000
66.0000 0.0000
66.5000 0.0000
67.0000 0.0000
67.5000 0.0000
68.0000 0.0000
68.5000 0.0000
69.0000 0.0000
69.5000 0.0000
70.0000 0.0003
70.5000 0.0014
71.0000 0.0031
71.5000 0.0056
72.0000 0.0088
72.5000 0.0128
73.0000 0.0176
73.5000 0.0233
74.0000 0.0297
74.5000 0.0370
75.0000 0.0452
75.5000 0.0543
76.0000 0.0643
76.5000 0.0753
77.0000 0.0872
77.5000 0.1001
78.0000 0.1140
78.5000 0.1289
79.0000 0.1448
79.5000 0.1618
80.0000 0.1799
80.5000 0.1991
81.0000 0.2193
81.5000 0.2407
82.0000 0.2633
82.5000 0.2870
83.0000 0.3119
83.5000 0.3380
84.0000 0.3654
84.5000 0.3940
85.0000 0.4239
85.5000 0.4550
86.0000 0.4875
86.5000 0.5213
87.0000 0.5564
87.5000 0.5929
88.0000 0.6308
88.5000 0.6701
89.0000 0.7109
89.5000 0.7530
90.0000 0.7966
90.5000 0.8417
91.0000 0.8883
91.5000 0.9364
92.0000 0.9860
92.5000 1.0371
93.0000 1.0898
93.5000 1.1441
94.0000 1.1999
94.5000 1.2574
95.0000 1.3165
95.5000 1.3772
96.0000 1.4395
96.5000 1.5035
97.0000 1.5691
97.5000 1.6364
98.0000 1.7054
98.5000 1.7761
99.0000 1.8485
99.5000 1.9226
100.0000 1.9984
100.5000 2.0760
101.0000 2.1552
101.5000 2.2362
102.0000 2.3190
102.5000 2.4035
103.0000 2.4898
103.5000 2.5779
104.0000 2.6677
104.5000 2.7594
105.0000 2.8529
105.5000 2.9482
106.0000 3.0453
106.5000 3.1443
107.0000 3.2452
107.5000 3.3479
108.0000 3.4525
108.5000 3.5590
109.0000 3.6675
109.5000 3.7778
110.0000 3.8901
110.5000 4.0044
111.0000 4.1206
111.5000 4.2389
112.0000 4.3591
112.5000 4.4813
113.0000 4.6056
113.5000 4.7319
114.0000 4.8602
114.5000 4.9907
115.0000 5.1232
115.5000 5.2579
116.0000 5.3947
116.5000 5.5336
117.0000 5.6748
117.5000 5.8181
118.0000 5.9636
118.5000 6.1113
119.0000 6.2613
119.5000 6.4135
120.0000 6.5680
120.5000 6.7248
121.0000 6.8838
121.5000 7.0452
122.0000 7.2089
122.5000 7.3749
123.0000 7.5433
123.5000 7.7140
124.0000 7.8871
124.5000 8.0626
125.0000 8.2404
125.5000 8.4206
126.0000 8.6032
126.5000 8.7882
127.0000 8.9756
127.5000 9.1654
128.0000 9.3576
128.5000 9.5522
129.0000 9.7492
129.5000 9.9486
130.0000 10.1505
130.5000 10.3548
131.0000 10.5615
131.5000 10.7706
132.0000 10.9821
132.5000 11.1961
133.0000 11.4125
133.5000 11.6314
134.0000 11.8526
134.5000 12.0763
135.0000 12.3025
135.5000 12.5310
136.0000 12.7620
136.5000 12.9954
137.0000 13.2313
137.5000 13.4695
138.0000 13.7102
138.5000 13.9532
139.0000 14.1987
139.5000 14.4466
140.0000 14.6968
140.5000 14.9495
141.0000 15.2044
141.5000 15.4618
142.0000 15.7214
142.5000 15.9834
143.0000 16.2477
143.5000 16.5142
144.0000 16.7830
144.5000 17.0541
145.0000 17.3274
145.5000 17.6029
146.0000 17.8806
146.5000 18.1604
147.0000 18.4424
147.5000 18.7265
148.0000 19.0126
148.5000 19.3008
149.0000 19.5911
149.5000 19.8832
150.0000 20.1774
150.5000 20.4734
151.0000 20.7713
151.5000 21.0709
152.0000 21.3724
152.5000 21.6756
153.0000 21.9805
153.5000 22.2870
154.0000 22.5951
154.5000 22.9047
155.0000 23.2158
155.5000 23.5283
156.0000 23.8423
156.5000 24.1575
157.0000 24.4740
157.5000 24.7917
158.0000 25.1106
158.5000 25.4305
159.0000 25.7514
159.5000 26.0733
160.0000 26.3961
160.5000 26.7197
161.0000 27.0440
161.5000 27.3690
162.0000 27.6947
162.5000 28.0208
163.0000 28.3474
163.5000 28.6744
164.0000 29.0017
164.5000 29.3292
165.0000 29.6568
165.5000 29.9845
166.0000 30.3123
166.5000 30.6399
167.0000 30.9673
167.5000 31.2945
168.0000 31.6213
168.5000 31.9476
169.0000 32.2734
169.5000 32.5986
170.0000 32.9230
170.5000 33.2466
171.0000 33.5692
171.5000 33.8908
172.0000 34.2113
172.5000 34.5306
173.0000 34.8485
173.5000 35.1651
174.0000 35.4801
174.5000 35.7935
175.0000 36.1052
175.5000 36.4151
176.0000 36.7231
176.5000 37.0291
177.0000 37.3330
177.5000 37.6348
178.0000 37.9343
178.5000 38.2314
179.0000 38.5261
179.5000 38.8183
180.0000 39.1078
180.5000 39.3947
181.0000 39.6788
181.5000 39.9600
182.0000 40.2382
182.5000 40.5134
183.0000 40.7855
183.5000 41.0544
184.0000 41.3199
184.5000 41.5821
185.0000 41.8408
185.5000 42.0960
186.0000 42.3476
186.5000 42.5954
187.0000 42.8396
187.5000 43.0799
188.0000 43.3163
188.5000 43.5487
189.0000 43.7771
189.5000 44.0015
190.0000 44.2216
190.5000 44.4376
191.0000 44.6493
191.5000 44.8567
192.0000 45.0598
192.5000 45.2584
193.0000 45.4526
193.5000 45.6423
194.0000 45.8274
194.5000 46.0079
195.0000 46.1838
195.5000 46.3549
196.0000 46.5214
196.5000 46.6831
197.0000 46.8400
197.5000 46.9922
198.0000 47.1394
198.5000 47.2818
199.0000 47.4193
199.5000 47.5518
200.0000 47.6794
200.5000 47.8021
201.0000 47.9197
201.5000 48.0324
202.0000 48.1401
202.5000 48.2428
203.0000 48.3404
203.5000 48.4330
204.0000 48.5206
204.5000 48.6031
205.0000 48.6805
205.5000 48.7530
206.0000 48.8203
206.5000 48.8827
207.0000 48.9400
207.5000 48.9923
208.0000 49.0397
208.5000 49.0820
209.0000 49.1193
209.5000 49.1517
210.0000 49.1791
210.5000 49.2016
211.0000 49.2191
211.5000 49.2317
212.0000 49.2394
212.5000 49.2422
213.0000 49.2401
213.5000 49.2331
214.0000 49.2212
214.5000 49.2045
215.0000 49.1830
215.5000 49.1566
216.0000 49.1255
216.5000 49.0897
217.0000 49.0492
217.5000 49.0040
218.0000 48.9542
218.5000 48.8998
219.0000 48.8409
219.5000 48.7775
220.0000 48.7096
220.5000 48.6374
221.0000 48.5607
221.5000 48.4797
222.0000 48.3944
222.5000 48.3048
223.0000 48.2110
223.5000 48.1130
224.0000 48.0107
224.5000 47.9043
225.0000 47.7938
225.5000 47.6792
226.0000 47.5604
226.5000 47.4376
227.0000 47.3107
227.5000 47.1798
228.0000 47.0448
228.5000 46.9059
229.0000 46.7629
229.5000 46.6160
230.0000 46.4652
230.5000 46.3104
231.0000 46.1517
231.5000 45.9892
232.0000 45.8228
232.5000 45.6526
233.0000 45.4786
233.5000 45.3009
234.0000 45.1195
234.5000 44.9345
235.0000 44.7458
235.5000 44.5536
236.0000 44.3578
236.5000 44.1586
237.0000 43.9560
237.5000 43.7500
238.0000 43.5407
238.5000 43.3282
239.0000 43.1125
239.5000 42.8937
240.0000 42.6719
240.5000 42.4470
241.0000 42.2192
241.5000 41.9886
242.0000 41.7551
242.5000 41.5188
243.0000 41.2798
243.5000 41.0382
244.0000 40.7939
244.5000 40.5471
245.0000 40.2978
245.5000 40.0460
246.0000 39.7918
246.5000 39.5352
247.0000 39.2764
247.5000 39.0152
248.0000 38.7519
248.5000 38.4864
249.0000 38.2187
249.5000 37.9490
250.0000 37.6772
250.5000 37.4035
251.0000 37.1278
251.5000 36.8502
252.0000 36.5708
252.5000 36.2896
253.0000 36.0067
253.5000 35.7222
254.0000 35.4360
254.5000 35.1482
255.0000 34.8590
255.5000 34.5683
256.0000 34.2763
256.5000 33.9829
257.0000 33.6884
257.5000 33.3926
258.0000 33.0957
258.5000 32.7979
259.0000 32.4990
259.5000 32.1993
260.0000 31.8987
260.5000 31.5973
261.0000 31.2953
261.5000 30.9926
262.0000 30.6894
262.5000 30.3857
263.0000 30.0815
263.5000 29.7770
264.0000 29.4721
264.5000 29.1670
265.0000 28.8617
265.5000 28.5562
266.0000 28.2507
266.5000 27.9451
267.0000 27.6395
267.5000 27.3341
268.0000 27.0287
268.5000 26.7236
269.0000 26.4187
269.5000 26.1140
270.0000 25.8097
270.5000 25.5058
271.0000 25.2024
271.5000 24.8994
272.0000 24.5969
272.5000 24.2950
273.0000 23.9937
273.5000 23.6932
274.0000 23.3933
274.5000 23.0943
275.0000 22.7961
275.5000 22.4989
276.0000 22.2026
276.5000 21.9073
277.0000 21.6132
277.5000 21.3202
278.0000 21.0283
278.5000 20.7378
279.0000 20.4485
279.5000 20.1607
280.0000 19.8742
280.5000 19.5892
281.0000 19.3057
281.5000 19.0238
282.0000 18.7435
282.5000 18.4649
283.0000 18.1879
283.5000 17.9127
284.0000 17.6393
284.5000 17.3677
285.0000 17.0979
285.5000 16.8300
286.0000 16.5641
286.5000 16.3001
287.0000 16.0380
287.5000 15.7780
288.0000 15.5200
288.5000 15.2640
289.0000 15.0101
289.5000 14.7583
290.0000 14.5087
290.5000 14.2611
291.0000 14.0157
291.5000 13.7725
292.0000 13.5314
292.5000 13.2926
293.0000 13.0560
293.5000 12.8217
294.0000 12.5897
294.5000 12.3599
295.0000 12.1324
295.5000 11.9073
296.0000 11.6845
296.5000 11.4640
297.0000 11.2459
297.5000 11.0301
298.0000 10.8167
298.5000 10.6057
299.0000 10.3970
299.5000 10.1907
300.0000 9.9868
300.5000 9.7853
301.0000 9.5862
301.5000 9.3895
302.0000 9.1951
302.5000 9.0031
303.0000 8.8136
303.5000 8.6263
304.0000 8.4415
304.5000 8.2590
305.0000 8.0789
305.5000 7.9012
306.0000 7.7258
306.5000 7.5528
307.0000 7.3821
307.5000 7.2138
308.0000 7.0478
308.5000 6.8841
309.0000 6.7228
309.5000 6.5638
310.0000 6.4071
310.5000 6.2527
311.0000 6.1006
311.5000 5.9507
312.0000 5.8032
312.5000 5.6578
313.0000 5.5148
313.5000 5.3739
314.0000 5.2353
314.5000 5.0988
315.0000 4.9646
315.5000 4.8325
316.0000 4.7026
316.5000 4.5748
317.0000 4.4491
317.5000 4.3256
318.0000 4.2042
318.5000 4.0848
319.0000 3.9676
319.5000 3.8524
320.0000 3.7393
320.5000 3.6282
321.0000 3.5191
321.5000 3.4121
322.0000 3.3071
322.5000 3.2041
323.0000 3.1030
323.5000 3.0040
324.0000 2.9069
324.5000 2.8117
325.0000 2.7185
325.5000 2.6271
326.0000 2.5377
326.5000 2.4502
327.0000 2.3646
327.5000 2.2808
328.0000 2.1988
328.5000 2.1187
329.0000 2.0404
329.5000 1.9639
330.0000 1.8891
330.5000 1.8162
331.0000 1.7449
331.5000 1.6755
332.0000 1.6077
332.5000 1.5416
333.0000 1.4772
333.5000 1.4145
334.0000 1.3534
334.5000 1.2939
335.0000 1.2361
335.5000 1.1798
336.0000 1.1251
336.5000 1.0720
337.0000 1.0204
337.5000 0.9703
338.0000 0.9217
338.5000 0.8746
339.0000 0.8290
339.5000 0.7848
340.0000 0.7420
340.5000 0.7006
341.0000 0.6606
341.5000 0.6220
342.0000 0.5848
342.5000 0.5488
343.0000 0.5142
343.5000 0.4809
344.0000 0.4489
344.5000 0.4182
345.0000 0.3887
345.5000 0.3605
346.0000 0.3334
346.5000 0.3076
347.0000 0.2830
347.5000 0.2595
348.0000 0.2372
348.5000 0.2160
349.0000 0.1960
349.5000 0.1770
350.0000 0.1591
350.5000 0.1423
351.0000 0.1266
351.5000 0.1118
352.0000 0.0981
352.5000 0.0854
353.0000 0.0737
353.5000 0.0629
354.0000 0.0530
354.5000 0.0441
355.0000 0.0360
355.5000 0.0288
356.0000 0.0225
356.5000 0.0170
357.0000 0.0123
357.5000 0.0084
358.0000 0.0053
358.5000 0.0029
359.0000 0.0013
359.5000 0.0003
