0.0000 0.0000
0.5000 0.0009
1.0000 0.0047
1.5000 0.0107
2.0000 0.0201
2.5000 0.0316
3.0000 0.0468
3.5000 0.0641
4.0000 0.0846
4.5000 0.1076
5.0000 0.1335
5.5000 0.1621
6.0000 0.1933
6.5000 0.2276
7.0000 0.2646
7.5000 0.3039
8.0000 0.3455
8.5000 0.3910
9.0000 0.4385
9.5000 0.4887
10.0000 0.5416
10.5000 0.5975
11.0000 0.6555
11.5000 0.7171
12.0000 0.7813
12.5000 0.8482
13.0000 0.9178
13.5000 0.9899
14.0000 1.0651
14.5000 1.1430
15.0000 1.2235
15.5000 1.3064
16.0000 1.3923
16.5000 1.4807
17.0000 1.5721
17.5000 1.6662
18.0000 1.7627
18.5000 1.8612
19.0000 1.9644
19.5000 2.0694
20.0000 2.1772
20.5000 2.2880
21.0000 2.4010
21.5000 2.5195
22.0000 2.6361
22.5000 2.7606
23.0000 2.8851
23.5000 3.0128
24.0000 3.1440
24.5000 3.2785
25.0000 3.4157
25.5000 3.5560
26.0000 3.6995
26.5000 3.8454
27.0000 3.9968
27.5000 4.1461
28.0000 4.3040
28.5000 4.4618
29.0000 4.6233
29.5000 4.7878
30.0000 4.9550
30.5000 5.1270
31.0000 5.2984
31.5000 5.4774
32.0000 5.6566
32.5000 5.8396
33.0000 6.0256
33.5000 6.2153
34.0000 6.4084
34.5000 6.6045
35.0000 6.8040
35.5000 7.0063
36.0000 7.2128
36.5000 7.4228
37.0000 7.6356
37.5000 7.8511
38.0000 8.0702
38.5000 8.2923
39.0000 8.5172
39.5000 8.7449
40.0000 8.9754
40.5000 9.2089
41.0000 9.4456
41.5000 9.6854
42.0000 9.9289
42.5000 10.1740
43.0000 10.4223
43.5000 10.6724
44.0000 10.9263
44.5000 11.1815
45.0000 11.4391
45.5000 11.7002
46.0000 11.9633
46.5000 12.2289
47.0000 12.4970
47.5000 12.7684
48.0000 13.0418
48.5000 13.3178
49.0000 13.5964
49.5000 13.8769
50.0000 14.1582
50.5000 14.4427
51.0000 14.7283
51.5000 15.0158
52.0000 15.3049
52.5000 15.5962
53.0000 15.8888
53.5000 16.1838
54.0000 16.4800
54.5000 16.7786
55.0000 17.0783
55.5000 17.3788
56.0000 17.6885
56.5000 17.9807
57.0000 18.2907
57.5000 18.5990
58.0000 18.9073
58.5000 19.2161
59.0000 19.5257
59.5000 19.8373
60.0000 20.1482
60.5000 20.4607
61.0000 20.7734
61.5000 21.0879
62.0000 21.4027
62.5000 21.7176
63.0000 22.0321
63.5000 22.3476
64.0000 22.6614
64.5000 22.9769
65.0000 23.2923
65.5000 23.6071
66.0000 23.9224
66.5000 24.2355
67.0000 24.5503
67.5000 24.8642
68.0000 25.1784
68.5000 25.4921
69.0000 25.8047
69.5000 26.1175
70.0000 26.4286
70.5000 26.7348
71.0000 27.0471
71.5000 27.3552
72.0000 27.6614
72.5000 27.9665
73.0000 28.2705
73.5000 28.5731
74.0000 28.8748
74.5000 29.1747
75.0000 29.4737
75.5000 29.7714
76.0000 30.0684
76.5000 30.3654
77.0000 30.6591
77.5000 30.9519
78.0000 31.2439
78.5000 31.5345
79.0000 31.8242
79.5000 32.1125
80.0000 32.3988
80.5000 32.6831
81.0000 32.9658
81.5000 33.2458
82.0000 33.5246
82.5000 33.8012
83.0000 34.0760
83.5000 34.3483
84.0000 34.6185
84.5000 34.8866
85.0000 35.1527
85.5000 35.4165
86.0000 35.6773
86.5000 35.9361
87.0000 36.1929
87.5000 36.4475
88.0000 36.6985
88.5000 36.9488
89.0000 37.1963
89.5000 37.4407
90.0000 37.6828
90.5000 37.9221
91.0000 38.1600
91.5000 38.3955
92.0000 38.6287
92.5000 38.8589
93.0000 39.0865
93.5000 39.3120
94.0000 39.5350
94.5000 39.7558
95.0000 39.9736
95.5000 40.1891
96.0000 40.4024
96.5000 40.6129
97.0000 40.8204
97.5000 41.0251
98.0000 41.2270
98.5000 41.4266
99.0000 41.6230
99.5000 41.8171
100.0000 42.0071
100.5000 42.1958
101.0000 42.3816
101.5000 42.5648
102.0000 42.7452
102.5000 42.9235
103.0000 43.0986
103.5000 43.2711
104.0000 43.4411
104.5000 43.6084
105.0000 43.7728
105.5000 43.9347
106.0000 44.0933
106.5000 44.2496
107.0000 44.4032
107.5000 44.5541
108.0000 44.7019
108.5000 44.8467
109.0000 44.9882
109.5000 45.1279
110.0000 45.2645
110.5000 45.3987
111.0000 45.5305
111.5000 45.6595
112.0000 45.7867
112.5000 45.9110
113.0000 46.0327
113.5000 46.1521
114.0000 46.2690
114.5000 46.3829
115.0000 46.4947
115.5000 46.6033
116.0000 46.7056
116.5000 46.8138
117.0000 46.9159
117.5000 47.0153
118.0000 47.1124
118.5000 47.2074
119.0000 47.2998
119.5000 47.3900
120.0000 47.4774
120.5000 47.5628
121.0000 47.6454
121.5000 47.7261
122.0000 47.8045
122.5000 47.8805
123.0000 47.9538
123.5000 48.0248
124.0000 48.0939
124.5000 48.1608
125.0000 48.2260
125.5000 48.2888
126.0000 48.3497
126.5000 48.4087
127.0000 48.4658
127.5000 48.5207
128.0000 48.5738
128.5000 48.6244
129.0000 48.6734
129.5000 48.7201
130.0000 48.7652
130.5000 48.8085
131.0000 48.8499
131.5000 48.8903
132.0000 48.9291
132.5000 48.9663
133.0000 49.0018
133.5000 49.0360
134.0000 49.0684
134.5000 49.0992
135.0000 49.1282
135.5000 49.1558
136.0000 49.1818
136.5000 49.2064
137.0000 49.2294
137.5000 49.2515
138.0000 49.2717
138.5000 49.2912
139.0000 49.3094
139.5000 49.3265
140.0000 49.3424
140.5000 49.3570
141.0000 49.3703
141.5000 49.3823
142.0000 49.3933
142.5000 49.4030
143.0000 49.4118
143.5000 49.4188
144.0000 49.4250
144.5000 49.4305
145.0000 49.4369
145.5000 49.4399
146.0000 49.4432
146.5000 49.4460
147.0000 49.4478
147.5000 49.4490
148.0000 49.4495
148.5000 49.4489
149.0000 49.4480
149.5000 49.4463
150.0000 49.4443
150.5000 49.4416
151.0000 49.4383
151.5000 49.4348
152.0000 49.4309
152.5000 49.4260
153.0000 49.4207
153.5000 49.4150
154.0000 49.4089
154.5000 49.4026
155.0000 49.3957
155.5000 49.3885
156.0000 49.3808
156.5000 49.3729
157.0000 49.3644
157.5000 49.3558
158.0000 49.3469
158.5000 49.3377
159.0000 49.3283
159.5000 49.3185
160.0000 49.3087
160.5000 49.2986
161.0000 49.2880
161.5000 49.2773
162.0000 49.2664
162.5000 49.2555
163.0000 49.2445
163.5000 49.2339
164.0000 49.2230
164.5000 49.2123
165.0000 49.2017
165.5000 49.1920
166.0000 49.1819
166.5000 49.1723
167.0000 49.1604
167.5000 49.1506
168.0000 49.1411
168.5000 49.1319
169.0000 49.1228
169.5000 49.1138
170.0000 49.1055
170.5000 49.0972
171.0000 49.0894
171.5000 49.0820
172.0000 49.0734
172.5000 49.0653
173.0000 49.0619
173.5000 49.0558
174.0000 49.0501
174.5000 49.0458
175.0000 49.0396
175.5000 49.0351
176.0000 49.0308
176.5000 49.0267
177.0000 49.0231
177.5000 49.0201
178.0000 49.0173
178.5000 49.0150
179.0000 49.0125
179.5000 49.0112
180.0000 49.0099
180.5000 49.0090
181.0000 49.0084
181.5000 49.0083
182.0000 49.0086
182.5000 49.0091
183.0000 49.0098
183.5000 49.0111
184.0000 49.0126
184.5000 49.0147
185.0000 49.0171
185.5000 49.0199
186.0000 49.0229
186.5000 49.0260
187.0000 49.0297
187.5000 49.0339
188.0000 49.0383
188.5000 49.0432
189.0000 49.0482
189.5000 49.0537
190.0000 49.0598
190.5000 49.0659
191.0000 49.0724
191.5000 49.0790
192.0000 49.0862
192.5000 49.0933
193.0000 49.1016
193.5000 49.1096
194.0000 49.1180
194.5000 49.1257
195.0000 49.1357
195.5000 49.1449
196.0000 49.1538
196.5000 49.1642
197.0000 49.1753
197.5000 49.1828
198.0000 49.1922
198.5000 49.2021
199.0000 49.2118
199.5000 49.2217
200.0000 49.2315
200.5000 49.2415
201.0000 49.2517
201.5000 49.2619
202.0000 49.2721
202.5000 49.2824
203.0000 49.2926
203.5000 49.3051
204.0000 49.3171
204.5000 49.3281
205.0000 49.3386
205.5000 49.3481
206.0000 49.3527
206.5000 49.3620
207.0000 49.3703
207.5000 49.3788
208.0000 49.3869
208.5000 49.3947
209.0000 49.4023
209.5000 49.4094
210.0000 49.4165
210.5000 49.4233
211.0000 49.4299
211.5000 49.4358
212.0000 49.4417
212.5000 49.4473
213.0000 49.4523
213.5000 49.4568
214.0000 49.4603
214.5000 49.4634
215.0000 49.4659
215.5000 49.4665
216.0000 49.4683
216.5000 49.4694
217.0000 49.4688
217.5000 49.4677
218.0000 49.4653
218.5000 49.4629
219.0000 49.4594
219.5000 49.4547
220.0000 49.4496
220.5000 49.4435
221.0000 49.4363
221.5000 49.4284
222.0000 49.4195
222.5000 49.4090
223.0000 49.3979
223.5000 49.3855
224.0000 49.3717
224.5000 49.3566
225.0000 49.3407
225.5000 49.3235
226.0000 49.3050
226.5000 49.2847
227.0000 49.2630
227.5000 49.2400
228.0000 49.2157
228.5000 49.1899
229.0000 49.1630
229.5000 49.1342
230.0000 49.1037
230.5000 49.0715
231.0000 49.0366
231.5000 49.0017
232.0000 48.9640
232.5000 48.9245
233.0000 48.8835
233.5000 48.8403
234.0000 48.7953
234.5000 48.7481
235.0000 48.6989
235.5000 48.6477
236.0000 48.5942
236.5000 48.5388
237.0000 48.4812
237.5000 48.4209
238.0000 48.3585
238.5000 48.2935
239.0000 48.2262
239.5000 48.1568
240.0000 48.0847
240.5000 48.0104
241.0000 47.9336
241.5000 47.8544
242.0000 47.7717
242.5000 47.6884
243.0000 47.6021
243.5000 47.5132
244.0000 47.4220
244.5000 47.3280
245.0000 47.2316
245.5000 47.1324
246.0000 47.0306
246.5000 46.9263
247.0000 46.8195
247.5000 46.7100
248.0000 46.5984
248.5000 46.4833
249.0000 46.3654
249.5000 46.2435
250.0000 46.1206
250.5000 45.9944
251.0000 45.8650
251.5000 45.7328
252.0000 45.5974
252.5000 45.4586
253.0000 45.3174
253.5000 45.1730
254.0000 45.0246
254.5000 44.8735
255.0000 44.7192
255.5000 44.5615
256.0000 44.4006
256.5000 44.2367
257.0000 44.0692
257.5000 43.8983
258.0000 43.7244
258.5000 43.5470
259.0000 43.3666
259.5000 43.1830
260.0000 42.9955
260.5000 42.8050
261.0000 42.6107
261.5000 42.4133
262.0000 42.2124
262.5000 42.0083
263.0000 41.8009
263.5000 41.5902
264.0000 41.3762
264.5000 41.1591
265.0000 40.9390
265.5000 40.7156
266.0000 40.4890
266.5000 40.2588
267.0000 40.0254
267.5000 39.7888
268.0000 39.5494
268.5000 39.3067
269.0000 39.0609
269.5000 38.8123
270.0000 38.5604
270.5000 38.3053
271.0000 38.0472
271.5000 37.7864
272.0000 37.5225
272.5000 37.2562
273.0000 36.9863
273.5000 36.7140
274.0000 36.4385
274.5000 36.1600
275.0000 35.8794
275.5000 35.5965
276.0000 35.3106
276.5000 35.0223
277.0000 34.7308
277.5000 34.4369
278.0000 34.1400
278.5000 33.8418
279.0000 33.5407
279.5000 33.2375
280.0000 32.9328
280.5000 32.6260
281.0000 32.3167
281.5000 32.0054
282.0000 31.6924
282.5000 31.3778
283.0000 31.0622
283.5000 30.7450
284.0000 30.4253
284.5000 30.1048
285.0000 29.7827
285.5000 29.4607
286.0000 29.1370
286.5000 28.8117
287.0000 28.4856
287.5000 28.1587
288.0000 27.8308
288.5000 27.5020
289.0000 27.1736
289.5000 26.8443
290.0000 26.5145
290.5000 26.1836
291.0000 25.8529
291.5000 25.5217
292.0000 25.1911
292.5000 24.8595
293.0000 24.5285
293.5000 24.1981
294.0000 23.8672
294.5000 23.5366
295.0000 23.2063
295.5000 22.8770
296.0000 22.5480
296.5000 22.2201
297.0000 21.8929
297.5000 21.5669
298.0000 21.2414
298.5000 20.9167
299.0000 20.5937
299.5000 20.2722
300.0000 19.9518
300.5000 19.6325
301.0000 19.3144
301.5000 18.9984
302.0000 18.6835
302.5000 18.3709
303.0000 18.0592
303.5000 17.7495
304.0000 17.4419
304.5000 17.1363
305.0000 16.8321
305.5000 16.5303
306.0000 16.2302
306.5000 15.9320
307.0000 15.6359
307.5000 15.3413
308.0000 15.0496
308.5000 14.7597
309.0000 14.4721
309.5000 14.1881
310.0000 13.9050
310.5000 13.6252
311.0000 13.3482
311.5000 13.0736
312.0000 12.8018
312.5000 12.5325
313.0000 12.2650
313.5000 12.0005
314.0000 11.7390
314.5000 11.4802
315.0000 11.2240
315.5000 10.9703
316.0000 10.7195
316.5000 10.4717
317.0000 10.2256
317.5000 9.9835
318.0000 9.7437
318.5000 9.5072
319.0000 9.2737
319.5000 9.0432
320.0000 8.8159
320.5000 8.5915
321.0000 8.3700
321.5000 8.1517
322.0000 7.9364
322.5000 7.7236
323.0000 7.5139
323.5000 7.3067
324.0000 7.1029
324.5000 6.9014
325.0000 6.7035
325.5000 6.5081
326.0000 6.3161
326.5000 6.1267
327.0000 5.9403
327.5000 5.7572
328.0000 5.5766
328.5000 5.3995
329.0000 5.2251
329.5000 5.0536
330.0000 4.8854
330.5000 4.7201
331.0000 4.5574
331.5000 4.3983
332.0000 4.2419
332.5000 4.0889
333.0000 3.9388
333.5000 3.7916
334.0000 3.6472
334.5000 3.5060
335.0000 3.3677
335.5000 3.2323
336.0000 3.0997
336.5000 2.9700
337.0000 2.8432
337.5000 2.7194
338.0000 2.5982
338.5000 2.4797
339.0000 2.3644
339.5000 2.2515
340.0000 2.1425
340.5000 2.0351
341.0000 1.9313
341.5000 1.8301
342.0000 1.7318
342.5000 1.6362
343.0000 1.5430
343.5000 1.4536
344.0000 1.3664
344.5000 1.2821
345.0000 1.2009
345.5000 1.1215
346.0000 1.0460
346.5000 0.9724
347.0000 0.9025
347.5000 0.8342
348.0000 0.7694
348.5000 0.7070
349.0000 0.6473
349.5000 0.5903
350.0000 0.5361
350.5000 0.4846
351.0000 0.4356
351.5000 0.3895
352.0000 0.3452
352.5000 0.3049
353.0000 0.2661
353.5000 0.2301
354.0000 0.1969
354.5000 0.1663
355.0000 0.1383
355.5000 0.1128
356.0000 0.0900
356.5000 0.0697
357.0000 0.0521
357.5000 0.0370
358.0000 0.0244
358.5000 0.0144
359.0000 0.0063
359.5000 0.0018
