0.0000 0.0000
0.5000 0.0001
1.0000 0.0001
1.5000 0.0002
2.0000 0.0002
2.5000 0.0002
3.0000 0.0003
3.5000 0.0004
4.0000 0.0005
4.5000 0.0005
5.0000 0.0006
5.5000 0.0007
6.0000 0.0008
6.5000 0.0010
7.0000 0.0010
7.5000 0.0012
8.0000 0.0013
8.5000 0.0015
9.0000 0.0016
9.5000 0.0018
10.0000 0.0020
10.5000 0.0021
11.0000 0.0023
11.5000 0.0025
12.0000 0.0027
12.5000 0.0029
13.0000 0.0031
13.5000 0.0033
14.0000 0.0036
14.5000 0.0038
15.0000 0.0040
15.5000 0.0043
16.0000 0.0045
16.5000 0.0048
17.0000 0.0050
17.5000 0.0053
18.0000 0.0055
18.5000 0.0058
19.0000 0.0061
19.5000 0.0064
20.0000 0.0067
20.5000 0.0069
21.0000 0.0072
21.5000 0.0075
22.0000 0.0078
22.5000 0.0080
23.0000 0.0083
23.5000 0.0086
24.0000 0.0089
24.5000 0.0092
25.0000 0.0095
25.5000 0.0098
26.0000 0.0100
26.5000 0.0103
27.0000 0.0106
27.5000 0.0109
28.0000 0.0112
28.5000 0.0114
29.0000 0.0118
29.5000 0.0120
30.0000 0.0123
30.5000 0.0126
31.0000 0.0129
31.5000 0.0131
32.0000 0.0134
32.5000 0.0137
33.0000 0.0140
33.5000 0.0143
34.0000 0.0145
34.5000 0.0149
35.0000 0.0151
35.5000 0.0154
36.0000 0.0157
36.5000 0.0160
37.0000 0.0163
37.5000 0.0165
38.0000 0.0168
38.5000 0.0171
39.0000 0.0174
39.5000 0.0177
40.0000 0.0180
40.5000 0.0183
41.0000 0.0185
41.5000 0.0188
42.0000 0.0191
42.5000 0.0194
43.0000 0.0196
43.5000 0.0199
44.0000 0.0202
44.5000 0.0205
45.0000 0.0208
45.5000 0.0211
46.0000 0.0214
46.5000 0.0216
47.0000 0.0219
47.5000 0.0224
48.0000 0.0225
48.5000 0.0228
49.0000 0.0230
49.5000 0.0234
50.0000 0.0236
50.5000 0.0239
51.0000 0.0242
51.5000 0.0245
52.0000 0.0248
52.5000 0.0250
53.0000 0.0253
53.5000 0.0256
54.0000 0.0259
54.5000 0.0262
55.0000 0.0265
55.5000 0.0267
56.0000 0.0270
56.5000 0.0273
57.0000 0.0276
57.5000 0.0279
58.0000 0.0281
58.5000 0.0285
59.0000 0.0287
59.5000 0.0290
60.0000 0.0293
60.5000 0.0296
61.0000 0.0299
61.5000 0.0301
62.0000 0.0304
62.5000 0.0307
63.0000 0.0310
63.5000 0.0313
64.0000 0.0316
64.5000 0.0318
65.0000 0.0321
65.5000 0.0324
66.0000 0.0327
66.5000 0.0330
67.0000 0.0332
67.5000 0.0336
68.0000 0.0338
68.5000 0.0341
69.0000 0.0344
69.5000 0.0347
70.0000 0.0350
70.5000 0.0352
71.0000 0.0356
71.5000 0.0358
72.0000 0.0361
72.5000 0.0364
73.0000 0.0367
73.5000 0.0369
74.0000 0.0372
74.5000 0.0375
75.0000 0.0378
75.5000 0.0381
76.0000 0.0383
76.5000 0.0387
77.0000 0.0389
77.5000 0.0392
78.0000 0.0395
78.5000 0.0398
79.0000 0.0401
79.5000 0.0403
80.0000 0.0407
80.5000 0.0409
81.0000 0.0412
81.5000 0.0415
82.0000 0.0418
82.5000 0.0420
83.0000 0.0423
83.5000 0.0426
84.0000 0.0429
84.5000 0.0432
85.0000 0.0434
85.5000 0.0438
86.0000 0.0440
86.5000 0.0443
87.0000 0.0446
87.5000 0.0449
88.0000 0.0452
88.5000 0.0454
89.0000 0.0458
89.5000 0.0460
90.0000 0.0463
90.5000 0.0466
91.0000 0.0469
91.5000 0.0472
92.0000 0.0474
92.5000 0.0477
93.0000 0.0480
93.5000 0.0483
94.0000 0.0485
94.5000 0.0489
95.0000 0.0491
95.5000 0.0494
96.0000 0.0497
96.5000 0.0500
97.0000 0.0503
97.5000 0.0505
98.0000 0.0508
98.5000 0.0511
99.0000 0.0514
99.5000 0.0517
100.0000 0.0520
100.5000 0.0522
101.0000 0.0525
101.5000 0.0528
102.0000 0.0531
102.5000 0.0534
103.0000 0.0536
103.5000 0.0539
104.0000 0.0542
104.5000 0.0545
105.0000 0.0548
105.5000 0.0551
106.0000 0.0554
106.5000 0.0556
107.0000 0.0559
107.5000 0.0562
108.0000 0.0565
108.5000 0.0568
109.0000 0.0570
109.5000 0.0573
110.0000 0.0576
110.5000 0.0579
111.0000 0.0582
111.5000 0.0585
112.0000 0.0587
112.5000 0.0590
113.0000 0.0593
113.5000 0.0596
114.0000 0.0599
114.5000 0.0601
115.0000 0.0605
115.5000 0.0607
116.0000 0.0610
116.5000 0.0613
117.0000 0.0616
117.5000 0.0619
118.0000 0.0621
118.5000 0.0624
119.0000 0.0627
119.5000 0.0630
120.0000 0.0633
120.5000 0.0636
121.0000 0.0638
121.5000 0.0641
122.0000 0.0644
122.5000 0.0647
123.0000 0.0650
123.5000 0.0652
124.0000 0.0656
124.5000 0.0658
125.0000 0.0661
125.5000 0.0664
126.0000 0.0667
126.5000 0.0670
127.0000 0.0672
127.5000 0.0675
128.0000 0.0678
128.5000 0.0681
129.0000 0.0684
129.5000 0.0687
130.0000 0.0689
130.5000 0.0692
131.0000 0.0695
131.5000 0.0698
132.0000 0.0701
132.5000 0.0703
133.0000 0.0706
133.5000 0.0709
134.0000 0.0712
134.5000 0.0715
135.0000 0.0718
135.5000 0.0720
136.0000 0.0723
136.5000 0.0726
137.0000 0.0729
137.5000 0.0732
138.0000 0.0734
138.5000 0.0738
139.0000 0.0740
139.5000 0.0743
140.0000 0.0746
140.5000 0.0749
141.0000 0.0752
141.5000 0.0754
142.0000 0.0757
142.5000 0.0760
143.0000 0.0763
143.5000 0.0766
144.0000 0.0769
144.5000 0.0771
145.0000 0.0774
145.5000 0.0777
146.0000 0.0780
146.5000 0.0783
147.0000 0.0785
147.5000 0.0788
148.0000 0.0791
148.5000 0.0794
149.0000 0.0797
149.5000 0.0800
150.0000 0.0802
150.5000 0.0805
151.0000 0.0808
151.5000 0.0811
152.0000 0.0814
152.5000 0.0816
153.0000 0.0820
153.5000 0.0822
154.0000 0.0825
154.5000 0.0828
155.0000 0.0831
155.5000 0.0834
156.0000 0.0836
156.5000 0.0839
157.0000 0.0842
157.5000 0.0845
158.0000 0.0847
158.5000 0.0851
159.0000 0.0853
159.5000 0.0856
160.0000 0.0859
160.5000 0.0861
161.0000 0.0865
161.5000 0.0867
162.0000 0.0870
162.5000 0.0873
163.0000 0.0876
163.5000 0.0878
164.0000 0.0881
164.5000 0.0884
165.0000 0.0887
165.5000 0.0890
166.0000 0.0892
166.5000 0.0896
167.0000 0.0898
167.5000 0.0901
168.0000 0.0904
168.5000 0.0907
169.0000 0.0910
169.5000 0.0912
170.0000 0.0915
170.5000 0.0918
171.0000 0.0921
171.5000 0.0923
172.0000 0.0927
172.5000 0.0929
173.0000 0.0932
173.5000 0.0935
174.0000 0.0938
174.5000 0.0941
175.0000 0.0943
175.5000 0.0946
176.0000 0.0949
176.5000 0.0952
177.0000 0.0955
177.5000 0.0958
178.0000 0.0960
178.5000 0.0963
179.0000 0.0966
179.5000 0.0969
180.0000 0.0972
180.5000 0.0974
181.0000 0.0977
181.5000 0.0980
182.0000 0.0983
182.5000 0.0986
183.0000 0.0989
183.5000 0.0992
184.0000 0.0994
184.5000 0.0997
185.0000 0.1000
185.5000 0.1003
186.0000 0.1005
186.5000 0.1009
187.0000 0.1011
187.5000 0.1014
188.0000 0.1017
188.5000 0.1020
189.0000 0.1023
189.5000 0.1025
190.0000 0.1028
190.5000 0.1031
191.0000 0.1034
191.5000 0.1036
192.0000 0.1039
192.5000 0.1042
193.0000 0.1045
193.5000 0.1048
194.0000 0.1050
194.5000 0.1054
195.0000 0.1056
195.5000 0.1059
196.0000 0.1062
196.5000 0.1065
197.0000 0.1068
197.5000 0.1070
198.0000 0.1073
198.5000 0.1076
199.0000 0.1079
199.5000 0.1081
200.0000 0.1085
200.5000 0.1087
201.0000 0.1090
201.5000 0.1093
202.0000 0.1096
202.5000 0.1099
203.0000 0.1101
203.5000 0.1104
204.0000 0.1107
204.5000 0.1110
205.0000 0.1112
205.5000 0.1116
206.0000 0.1118
206.5000 0.1121
207.0000 0.1124
207.5000 0.1127
208.0000 0.1130
208.5000 0.1132
209.0000 0.1135
209.5000 0.1138
210.0000 0.1141
210.5000 0.1144
211.0000 0.1147
211.5000 0.1149
212.0000 0.1152
212.5000 0.1155
213.0000 0.1157
213.5000 0.1160
214.0000 0.1162
214.5000 0.1165
215.0000 0.1167
215.5000 0.1170
216.0000 0.1172
216.5000 0.1174
217.0000 0.1176
217.5000 0.1178
218.0000 0.1181
218.5000 0.1182
219.0000 0.1185
219.5000 0.1186
220.0000 0.1188
220.5000 0.1189
221.0000 0.1191
221.5000 0.1193
222.0000 0.1194
222.5000 0.1196
223.0000 0.1196
223.5000 0.1198
224.0000 0.1198
224.5000 0.1199
225.0000 0.1200
225.5000 0.1200
226.0000 0.1201
226.5000 0.1201
227.0000 0.1202
227.5000 0.1202
228.0000 0.1201
228.5000 0.1201
229.0000 0.1201
229.5000 0.1200
230.0000 0.1200
230.5000 0.1199
231.0000 0.1198
231.5000 0.1198
232.0000 0.1196
232.5000 0.1195
233.0000 0.1193
233.5000 0.1192
234.0000 0.1191
234.5000 0.1189
235.0000 0.1187
235.5000 0.1185
236.0000 0.1183
236.5000 0.1180
237.0000 0.1179
237.5000 0.1176
238.0000 0.1174
238.5000 0.1171
239.0000 0.1168
239.5000 0.1165
240.0000 0.1162
240.5000 0.1159
241.0000 0.1156
241.5000 0.1153
242.0000 0.1148
242.5000 0.1145
243.0000 0.1141
243.5000 0.1137
244.0000 0.1133
244.5000 0.1129
245.0000 0.1125
245.5000 0.1120
246.0000 0.1116
246.5000 0.1111
247.0000 0.1107
247.5000 0.1102
248.0000 0.1097
248.5000 0.1092
249.0000 0.1087
249.5000 0.1082
250.0000 0.1077
250.5000 0.1072
251.0000 0.1066
251.5000 0.1061
252.0000 0.1055
252.5000 0.1050
253.0000 0.1044
253.5000 0.1038
254.0000 0.1033
254.5000 0.1026
255.0000 0.1021
255.5000 0.1015
256.0000 0.1010
256.5000 0.1004
257.0000 0.0998
257.5000 0.0992
258.0000 0.0986
258.5000 0.0980
259.0000 0.0974
259.5000 0.0968
260.0000 0.0962
260.5000 0.0956
261.0000 0.0950
261.5000 0.0944
262.0000 0.0938
262.5000 0.0932
263.0000 0.0926
263.5000 0.0920
264.0000 0.0914
264.5000 0.0908
265.0000 0.0902
265.5000 0.0896
266.0000 0.0890
266.5000 0.0884
267.0000 0.0878
267.5000 0.0872
268.0000 0.0866
268.5000 0.0861
269.0000 0.0854
269.5000 0.0848
270.0000 0.0842
270.5000 0.0836
271.0000 0.0830
271.5000 0.0824
272.0000 0.0818
272.5000 0.0812
273.0000 0.0806
273.5000 0.0800
274.0000 0.0795
274.5000 0.0788
275.0000 0.0783
275.5000 0.0776
276.0000 0.0770
276.5000 0.0764
277.0000 0.0758
277.5000 0.0753
278.0000 0.0746
278.5000 0.0741
279.0000 0.0734
279.5000 0.0729
280.0000 0.0722
280.5000 0.0717
281.0000 0.0711
281.5000 0.0704
282.0000 0.0699
282.5000 0.0692
283.0000 0.0687
283.5000 0.0680
284.0000 0.0675
284.5000 0.0668
285.0000 0.0663
285.5000 0.0656
286.0000 0.0651
286.5000 0.0645
287.0000 0.0639
287.5000 0.0633
288.0000 0.0626
288.5000 0.0621
289.0000 0.0614
289.5000 0.0609
290.0000 0.0603
290.5000 0.0597
291.0000 0.0591
291.5000 0.0584
292.0000 0.0579
292.5000 0.0573
293.0000 0.0567
293.5000 0.0561
294.0000 0.0555
294.5000 0.0549
295.0000 0.0543
295.5000 0.0537
296.0000 0.0531
296.5000 0.0525
297.0000 0.0518
297.5000 0.0513
298.0000 0.0507
298.5000 0.0501
299.0000 0.0495
299.5000 0.0489
300.0000 0.0483
300.5000 0.0477
301.0000 0.0471
301.5000 0.0465
302.0000 0.0459
302.5000 0.0453
303.0000 0.0447
303.5000 0.0441
304.0000 0.0435
304.5000 0.0429
305.0000 0.0423
305.5000 0.0417
306.0000 0.0410
306.5000 0.0405
307.0000 0.0399
307.5000 0.0393
308.0000 0.0387
308.5000 0.0381
309.0000 0.0375
309.5000 0.0369
310.0000 0.0363
310.5000 0.0357
311.0000 0.0351
311.5000 0.0345
312.0000 0.0339
312.5000 0.0333
313.0000 0.0327
313.5000 0.0321
314.0000 0.0315
314.5000 0.0309
315.0000 0.0303
315.5000 0.0297
316.0000 0.0291
316.5000 0.0285
317.0000 0.0279
317.5000 0.0273
318.0000 0.0267
318.5000 0.0261
319.0000 0.0255
319.5000 0.0249
320.0000 0.0244
320.5000 0.0237
321.0000 0.0232
321.5000 0.0226
322.0000 0.0220
322.5000 0.0215
323.0000 0.0209
323.5000 0.0203
324.0000 0.0197
324.5000 0.0192
325.0000 0.0187
325.5000 0.0181
326.0000 0.0176
326.5000 0.0171
327.0000 0.0166
327.5000 0.0160
328.0000 0.0156
328.5000 0.0151
329.0000 0.0146
329.5000 0.0141
330.0000 0.0136
330.5000 0.0132
331.0000 0.0127
331.5000 0.0123
332.0000 0.0118
332.5000 0.0114
333.0000 0.0110
333.5000 0.0106
334.0000 0.0102
334.5000 0.0098
335.0000 0.0094
335.5000 0.0090
336.0000 0.0087
336.5000 0.0082
337.0000 0.0080
337.5000 0.0076
338.0000 0.0073
338.5000 0.0069
339.0000 0.0066
339.5000 0.0063
340.0000 0.0059
340.5000 0.0057
341.0000 0.0054
341.5000 0.0051
342.0000 0.0047
342.5000 0.0045
343.0000 0.0043
343.5000 0.0040
344.0000 0.0038
344.5000 0.0035
345.0000 0.0033
345.5000 0.0030
346.0000 0.0029
346.5000 0.0027
347.0000 0.0025
347.5000 0.0022
348.0000 0.0021
348.5000 0.0019
349.0000 0.0017
349.5000 0.0016
350.0000 0.0014
350.5000 0.0013
351.0000 0.0011
351.5000 0.0011
352.0000 0.0009
352.5000 0.0008
353.0000 0.0007
353.5000 0.0006
354.0000 0.0005
354.5000 0.0004
355.0000 0.0004
355.5000 0.0003
356.0000 0.0003
356.5000 0.0002
357.0000 0.0002
357.5000 0.0002
358.0000 0.0001
358.5000 0.0001
359.0000 0.0001
359.5000 0.0001
