0.3604 0.0002
0.7188 0.0001
1.0822 0.0002
1.4378 0.0002
1.8017 0.0001
2.1618 0.0003
2.5205 0.0002
2.8839 0.0003
3.2395 0.0004
3.6034 0.0004
3.9633 0.0005
4.3222 0.0005
4.6856 0.0006
5.0412 0.0007
5.4051 0.0007
5.7647 0.0008
6.1239 0.0008
6.4873 0.0010
6.8429 0.0010
7.2069 0.0011
7.5662 0.0012
7.9257 0.0013
8.2891 0.0014
8.6447 0.0015
9.0086 0.0016
9.3677 0.0018
9.7275 0.0018
10.0909 0.0020
10.4465 0.0021
10.8104 0.0022
11.1692 0.0024
11.5293 0.0025
11.8926 0.0027
12.2482 0.0028
12.6122 0.0029
12.9706 0.0031
13.3309 0.0032
13.6942 0.0034
14.0498 0.0036
14.4137 0.0037
14.7717 0.0040
15.1324 0.0040
15.4956 0.0043
15.8512 0.0045
16.2150 0.0046
16.5725 0.0049
16.9336 0.0049
17.2967 0.0052
17.6523 0.0054
18.0160 0.0055
18.3730 0.0058
18.7346 0.0059
19.0976 0.0062
19.4532 0.0063
19.8169 0.0065
20.1732 0.0068
20.5353 0.0069
20.8982 0.0072
21.2538 0.0073
21.6175 0.0075
21.9732 0.0078
22.3359 0.0079
22.6986 0.0082
23.0543 0.0084
23.4179 0.0086
23.7735 0.0088
24.1362 0.0089
24.4983 0.0092
24.8546 0.0094
25.2182 0.0096
25.5738 0.0098
25.9366 0.0099
26.2979 0.0102
26.6549 0.0104
27.0185 0.0106
27.3741 0.0108
27.7369 0.0110
28.0976 0.0113
28.4553 0.0114
28.8189 0.0116
29.1743 0.0119
29.5373 0.0120
29.8972 0.0123
30.2556 0.0124
30.6192 0.0127
30.9746 0.0129
31.3376 0.0130
31.6969 0.0133
32.0559 0.0134
32.4195 0.0137
32.7749 0.0139
33.1380 0.0140
33.4966 0.0143
33.8562 0.0144
34.2198 0.0147
34.5752 0.0149
34.9383 0.0151
35.2963 0.0153
35.6565 0.0154
36.0202 0.0157
36.3755 0.0159
36.7386 0.0161
37.0960 0.0164
37.4569 0.0165
37.8205 0.0168
38.1758 0.0169
38.5390 0.0171
38.8959 0.0174
39.2572 0.0175
39.6207 0.0178
39.9760 0.0180
40.3393 0.0181
40.6961 0.0184
41.0575 0.0185
41.4205 0.0188
41.7763 0.0190
42.1396 0.0192
42.4964 0.0194
42.8578 0.0195
43.2203 0.0198
43.5766 0.0200
43.9399 0.0202
44.2966 0.0204
44.6581 0.0205
45.0201 0.0208
45.3769 0.0210
45.7402 0.0212
46.0968 0.0215
46.4584 0.0216
46.8200 0.0219
47.1771 0.0220
47.4406 0.0223
47.6405 0.0225
47.8970 0.0225
48.2588 0.0226
48.6198 0.0229
48.9774 0.0230
49.3409 0.0233
49.6973 0.0235
50.0590 0.0236
50.4197 0.0239
50.7777 0.0240
51.1412 0.0243
51.4975 0.0245
51.8593 0.0246
52.2195 0.0249
52.5780 0.0251
52.9415 0.0253
53.2977 0.0255
53.6596 0.0257
54.0194 0.0259
54.3782 0.0261
54.7418 0.0263
55.0980 0.0265
55.4599 0.0267
55.8193 0.0270
56.1785 0.0271
56.5421 0.0273
56.8982 0.0276
57.2602 0.0277
57.6192 0.0280
57.9787 0.0281
58.3424 0.0284
58.6984 0.0286
59.0605 0.0287
59.4191 0.0290
59.7790 0.0291
60.1427 0.0294
60.4986 0.0296
60.8608 0.0298
61.2193 0.0300
61.5793 0.0301
61.9427 0.0304
62.2989 0.0306
62.6611 0.0308
63.0194 0.0310
63.3795 0.0312
63.7427 0.0314
64.0991 0.0316
64.4614 0.0318
64.8196 0.0321
65.1798 0.0322
65.5427 0.0325
65.8993 0.0327
66.2616 0.0328
66.6198 0.0331
66.9800 0.0332
67.3427 0.0335
67.6995 0.0337
68.0619 0.0339
68.4200 0.0341
68.7803 0.0342
69.1427 0.0345
69.4998 0.0347
69.8622 0.0349
70.2202 0.0351
70.5805 0.0353
70.9427 0.0355
71.3000 0.0357
71.6625 0.0359
72.0204 0.0361
72.3808 0.0363
72.7428 0.0365
73.1002 0.0367
73.4627 0.0369
73.8206 0.0372
74.1810 0.0373
74.5428 0.0376
74.9004 0.0377
75.2630 0.0379
75.6208 0.0382
75.9813 0.0383
76.3429 0.0386
76.7006 0.0388
77.0632 0.0390
77.4210 0.0392
77.7815 0.0393
78.1429 0.0396
78.5008 0.0398
78.8635 0.0400
79.2212 0.0402
79.5818 0.0404
79.9430 0.0406
80.3011 0.0408
80.6638 0.0410
81.0214 0.0412
81.3820 0.0414
81.7430 0.0416
82.1013 0.0418
82.4640 0.0420
82.8216 0.0423
83.1823 0.0424
83.5431 0.0427
83.9015 0.0428
84.2643 0.0430
84.6218 0.0433
84.9825 0.0434
85.3432 0.0437
85.7017 0.0438
86.0645 0.0441
86.4220 0.0443
86.7827 0.0445
87.1432 0.0447
87.5019 0.0449
87.8647 0.0451
88.2222 0.0453
88.5830 0.0455
88.9433 0.0457
89.3021 0.0459
89.6650 0.0461
90.0224 0.0463
90.3832 0.0465
90.7434 0.0467
91.1023 0.0469
91.4652 0.0471
91.8226 0.0474
92.1834 0.0475
92.5435 0.0478
92.9025 0.0479
93.2655 0.0481
93.6228 0.0484
93.9836 0.0485
94.3436 0.0488
94.7027 0.0489
95.0657 0.0492
95.4230 0.0494
95.7839 0.0496
96.1438 0.0498
96.5029 0.0500
96.8658 0.0502
97.2232 0.0504
97.5841 0.0506
97.9440 0.0508
98.3031 0.0510
98.6660 0.0512
99.0234 0.0514
99.3843 0.0516
99.7442 0.0518
100.1033 0.0520
100.4661 0.0522
100.8236 0.0525
101.1845 0.0526
101.5444 0.0529
101.9036 0.0530
102.2663 0.0532
102.6238 0.0535
102.9847 0.0536
103.3446 0.0539
103.7038 0.0540
104.0665 0.0543
104.4240 0.0545
104.7849 0.0547
105.1448 0.0549
105.5040 0.0551
105.8666 0.0553
106.2242 0.0555
106.5851 0.0557
106.9450 0.0559
107.3042 0.0561
107.6668 0.0563
108.0243 0.0565
108.3854 0.0567
108.7452 0.0569
109.1044 0.0571
109.4670 0.0573
109.8245 0.0575
110.1856 0.0577
110.5453 0.0580
110.9046 0.0581
111.2672 0.0583
111.6247 0.0586
111.9858 0.0587
112.3455 0.0590
112.7047 0.0591
113.0673 0.0594
113.4249 0.0596
113.7860 0.0597
114.1457 0.0600
114.5049 0.0602
114.8675 0.0604
115.2251 0.0606
115.5862 0.0608
115.9459 0.0610
116.3051 0.0612
116.6677 0.0614
117.0253 0.0616
117.3864 0.0618
117.7461 0.0620
118.1053 0.0622
118.4679 0.0624
118.8255 0.0626
119.1866 0.0628
119.5463 0.0630
119.9055 0.0632
120.2681 0.0634
120.6257 0.0637
120.9868 0.0638
121.3465 0.0641
121.7057 0.0642
122.0683 0.0645
122.4259 0.0647
122.7869 0.0648
123.1467 0.0651
123.5059 0.0652
123.8685 0.0655
124.2261 0.0657
124.5871 0.0659
124.9469 0.0661
125.3061 0.0663
125.6687 0.0665
126.0263 0.0667
126.3873 0.0669
126.7471 0.0671
127.1063 0.0673
127.4689 0.0675
127.8265 0.0677
128.1875 0.0679
128.5473 0.0681
128.9065 0.0683
129.2691 0.0685
129.6267 0.0687
129.9877 0.0689
130.3475 0.0692
130.7067 0.0693
131.0693 0.0695
131.4268 0.0698
131.7879 0.0699
132.1476 0.0702
132.5068 0.0703
132.8695 0.0706
133.2270 0.0708
133.5880 0.0709
133.9478 0.0712
134.3070 0.0713
134.6697 0.0716
135.0272 0.0718
135.3882 0.0720
135.7480 0.0722
136.1072 0.0724
136.4699 0.0726
136.8274 0.0728
137.1884 0.0730
137.5482 0.0732
137.9074 0.0734
138.2702 0.0736
138.6276 0.0738
138.9886 0.0740
139.3484 0.0742
139.7076 0.0744
140.0704 0.0746
140.4278 0.0748
140.7887 0.0750
141.1486 0.0753
141.5078 0.0754
141.8706 0.0756
142.2280 0.0759
142.5889 0.0760
142.9488 0.0763
143.3079 0.0764
143.6708 0.0767
144.0282 0.0769
144.3891 0.0770
144.7490 0.0773
145.1081 0.0774
145.4711 0.0777
145.8284 0.0779
146.1892 0.0781
146.5492 0.0783
146.9083 0.0785
147.2713 0.0787
147.6286 0.0789
147.9894 0.0791
148.3495 0.0793
148.7085 0.0795
149.0714 0.0797
149.4287 0.0799
149.7895 0.0801
150.1498 0.0803
150.5086 0.0805
150.8716 0.0807
151.2289 0.0810
151.5897 0.0811
151.9501 0.0814
152.3088 0.0815
152.6717 0.0817
153.0291 0.0820
153.3899 0.0821
153.7504 0.0824
154.1090 0.0825
154.4719 0.0828
154.8293 0.0830
155.1900 0.0831
155.5507 0.0834
155.9092 0.0836
156.2720 0.0838
156.6295 0.0840
156.9902 0.0842
157.3510 0.0844
157.7093 0.0846
158.0721 0.0848
158.4297 0.0850
158.7903 0.0852
159.1514 0.0854
159.5095 0.0856
159.8723 0.0858
160.2299 0.0860
160.5905 0.0862
160.9517 0.0864
161.3097 0.0866
161.6724 0.0868
162.0301 0.0871
162.3906 0.0872
162.7520 0.0875
163.1099 0.0876
163.4725 0.0878
163.8302 0.0881
164.1907 0.0882
164.5523 0.0885
164.9100 0.0886
165.2727 0.0888
165.6304 0.0891
165.9909 0.0892
166.3527 0.0895
166.7102 0.0897
167.0728 0.0899
167.4306 0.0901
167.7910 0.0902
168.1530 0.0905
168.5104 0.0907
168.8729 0.0909
169.2308 0.0911
169.5912 0.0913
169.9534 0.0915
170.3105 0.0917
170.6730 0.0919
171.0310 0.0921
171.3913 0.0923
171.7537 0.0925
172.1107 0.0927
172.4731 0.0929
172.8312 0.0932
173.1914 0.0933
173.5541 0.0935
173.9108 0.0937
174.2733 0.0939
174.6314 0.0942
174.9915 0.0943
175.3545 0.0946
175.7110 0.0948
176.0734 0.0949
176.4315 0.0952
176.7917 0.0953
177.1549 0.0956
177.5112 0.0958
177.8735 0.0959
178.2317 0.0962
178.5918 0.0963
178.9553 0.0966
179.3113 0.0968
179.6736 0.0970
180.0319 0.0972
180.3919 0.0973
180.7556 0.0976
181.1115 0.0978
181.4737 0.0980
181.8324 0.0982
182.1920 0.0984
182.5558 0.0986
182.9116 0.0988
183.2738 0.0990
183.6329 0.0993
183.9922 0.0994
184.3559 0.0996
184.7118 0.0998
185.0739 0.1000
185.4334 0.1003
185.7923 0.1004
186.1559 0.1006
186.5120 0.1009
186.8739 0.1010
187.2339 0.1013
187.5924 0.1014
187.9560 0.1017
188.3121 0.1019
188.6740 0.1020
189.0344 0.1023
189.3925 0.1024
189.7561 0.1027
190.1123 0.1029
190.4741 0.1030
190.8349 0.1033
191.1926 0.1035
191.5562 0.1037
191.9124 0.1039
192.2742 0.1040
192.6354 0.1043
192.9927 0.1045
193.3563 0.1047
193.7126 0.1049
194.0743 0.1051
194.4360 0.1053
194.7929 0.1055
195.1563 0.1057
195.5127 0.1060
195.8744 0.1061
196.2365 0.1064
196.5930 0.1065
196.9564 0.1067
197.3129 0.1070
197.6744 0.1071
198.0371 0.1074
198.3931 0.1075
198.7565 0.1077
199.1130 0.1080
199.4745 0.1081
199.8377 0.1084
200.1932 0.1086
200.5566 0.1087
200.9132 0.1090
201.2746 0.1091
201.6382 0.1094
201.9933 0.1096
202.3566 0.1098
202.7137 0.1100
203.0746 0.1101
203.4384 0.1104
203.7934 0.1106
204.1567 0.1108
204.5144 0.1110
204.8747 0.1111
205.2385 0.1114
205.5935 0.1116
205.9567 0.1118
206.3151 0.1121
206.6748 0.1122
207.0385 0.1124
207.3936 0.1126
207.7567 0.1128
208.1157 0.1131
208.4748 0.1132
208.8385 0.1135
209.1935 0.1137
209.5566 0.1138
209.9161 0.1141
210.2746 0.1142
210.6382 0.1145
210.9933 0.1147
211.3562 0.1148
211.7162 0.1151
212.0741 0.1152
212.4377 0.1154
212.7927 0.1156
213.1556 0.1157
213.5160 0.1160
213.8734 0.1161
214.2369 0.1163
214.5920 0.1165
214.9547 0.1166
215.3155 0.1169
215.6724 0.1170
216.0359 0.1172
216.3909 0.1174
216.7536 0.1175
217.1146 0.1177
217.4712 0.1178
217.8346 0.1180
218.1896 0.1182
218.5522 0.1182
218.9135 0.1184
219.2697 0.1185
219.6331 0.1187
219.9881 0.1188
220.3506 0.1188
220.7120 0.1191
221.0680 0.1191
221.4313 0.1192
221.7862 0.1194
222.1487 0.1194
222.5102 0.1196
222.8660 0.1196
223.2292 0.1197
223.5841 0.1198
223.9465 0.1198
224.3080 0.1199
224.6637 0.1199
225.0269 0.1200
225.3818 0.1201
225.7441 0.1200
226.1056 0.1201
226.4613 0.1201
226.8241 0.1201
227.1832 0.1202
227.5407 0.1202
227.8981 0.1202
228.2589 0.1201
228.6218 0.1201
228.9767 0.1201
229.3390 0.1200
229.7006 0.1200
230.0561 0.1199
230.4193 0.1199
230.7741 0.1199
231.1364 0.1197
231.4980 0.1198
231.8535 0.1196
232.2167 0.1196
232.5715 0.1195
232.9338 0.1193
233.2954 0.1193
233.6509 0.1192
234.0140 0.1191
234.3689 0.1190
234.7311 0.1188
235.0928 0.1187
235.4483 0.1185
235.8114 0.1184
236.1662 0.1183
236.5285 0.1180
236.8902 0.1180
237.2456 0.1177
237.6087 0.1176
237.9635 0.1174
238.3257 0.1171
238.6875 0.1170
239.0428 0.1168
239.4059 0.1166
239.7608 0.1164
240.1230 0.1161
240.4848 0.1160
240.8401 0.1157
241.2032 0.1154
241.5580 0.1152
241.9202 0.1149
242.2821 0.1147
242.6373 0.1144
243.0004 0.1141
243.3553 0.1139
243.7175 0.1135
244.0794 0.1133
244.4346 0.1130
244.7978 0.1126
245.1527 0.1124
245.5149 0.1120
245.8771 0.1117
246.2322 0.1114
246.5954 0.1110
246.9503 0.1107
247.3126 0.1103
247.6750 0.1101
248.0299 0.1097
248.3932 0.1093
248.7483 0.1090
249.1105 0.1085
249.4730 0.1083
249.8279 0.1078
250.1912 0.1075
250.5467 0.1071
250.9086 0.1066
251.2712 0.1063
251.6261 0.1059
251.9895 0.1055
252.3453 0.1052
252.7069 0.1047
253.0696 0.1044
253.4245 0.1039
253.7879 0.1035
254.1442 0.1032
254.5055 0.1026
254.8682 0.1023
255.2232 0.1019
255.5866 0.1014
255.9434 0.1011
256.3043 0.1005
256.6671 0.1002
257.0221 0.0998
257.3856 0.0993
257.7429 0.0989
258.1033 0.0984
258.4662 0.0981
258.8212 0.0976
259.1848 0.0972
259.5426 0.0968
259.9025 0.0963
260.2656 0.0959
260.6205 0.0955
260.9841 0.0950
261.3427 0.0946
261.7020 0.0941
262.0650 0.0938
262.4200 0.0933
262.7836 0.0928
263.1427 0.0925
263.5014 0.0920
263.8645 0.0916
264.2195 0.0912
264.5831 0.0907
264.9427 0.0903
265.3009 0.0898
265.6640 0.0894
266.0190 0.0890
266.3826 0.0885
266.7427 0.0882
267.1004 0.0877
267.4635 0.0873
267.8185 0.0869
268.1820 0.0863
268.5426 0.0860
268.8999 0.0855
269.2631 0.0851
269.6180 0.0847
269.9815 0.0842
270.3426 0.0839
270.6993 0.0834
271.0626 0.0830
271.4176 0.0826
271.7810 0.0820
272.1424 0.0817
272.4988 0.0812
272.8621 0.0808
273.2175 0.0804
273.5805 0.0799
273.9419 0.0795
274.2983 0.0791
274.6616 0.0786
275.0173 0.0782
275.3800 0.0777
275.7415 0.0774
276.0978 0.0769
276.4611 0.0765
276.8171 0.0761
277.1795 0.0756
277.5410 0.0752
277.8973 0.0748
278.2607 0.0743
278.6169 0.0739
278.9790 0.0734
279.3406 0.0731
279.6969 0.0726
280.0602 0.0722
280.4167 0.0718
280.7785 0.0713
281.1401 0.0709
281.4964 0.0704
281.8597 0.0700
282.2165 0.0696
282.5781 0.0691
282.9397 0.0688
283.2959 0.0683
283.6593 0.0679
284.0162 0.0675
284.3776 0.0670
284.7392 0.0666
285.0955 0.0661
285.4588 0.0657
285.8159 0.0653
286.1771 0.0648
286.5388 0.0644
286.8950 0.0640
287.2584 0.0635
287.6157 0.0632
287.9767 0.0626
288.3384 0.0623
288.6945 0.0618
289.0579 0.0614
289.4153 0.0610
289.7762 0.0605
290.1379 0.0601
290.4941 0.0597
290.8575 0.0592
291.2150 0.0588
291.5758 0.0583
291.9375 0.0580
292.2937 0.0575
292.6570 0.0571
293.0147 0.0567
293.3754 0.0562
293.7371 0.0558
294.0932 0.0554
294.4566 0.0549
294.8143 0.0545
295.1749 0.0540
295.5367 0.0537
295.8928 0.0532
296.2562 0.0527
296.6139 0.0524
296.9745 0.0519
297.3362 0.0515
297.6924 0.0510
298.0558 0.0506
298.4135 0.0502
298.7741 0.0497
299.1358 0.0493
299.4920 0.0489
299.8553 0.0484
300.2131 0.0481
300.5737 0.0475
300.9354 0.0472
301.2915 0.0467
301.6549 0.0463
302.0127 0.0459
302.3732 0.0454
302.7350 0.0450
303.0911 0.0446
303.4545 0.0441
303.8122 0.0437
304.1728 0.0432
304.5346 0.0429
304.8907 0.0424
305.2541 0.0420
305.6118 0.0416
305.9724 0.0411
306.3342 0.0407
306.6903 0.0403
307.0537 0.0398
307.4113 0.0394
307.7721 0.0389
308.1337 0.0386
308.4900 0.0381
308.8533 0.0376
309.2108 0.0373
309.5717 0.0368
309.9333 0.0364
310.2896 0.0359
310.6529 0.0355
311.0102 0.0351
311.3713 0.0346
311.7329 0.0342
312.0892 0.0338
312.4525 0.0333
312.8097 0.0330
313.1709 0.0324
313.5325 0.0321
313.8888 0.0316
314.2521 0.0312
314.6091 0.0308
314.9705 0.0303
315.3321 0.0299
315.6885 0.0295
316.0518 0.0290
316.4086 0.0286
316.7702 0.0281
317.1318 0.0278
317.4882 0.0273
317.8516 0.0269
318.2082 0.0265
318.5701 0.0260
318.9317 0.0256
319.2882 0.0252
319.6516 0.0247
320.0082 0.0244
320.3703 0.0238
320.7319 0.0235
321.0885 0.0231
321.4519 0.0226
321.8084 0.0223
322.1707 0.0218
322.5324 0.0214
322.8890 0.0210
323.2525 0.0206
323.6090 0.0202
323.9713 0.0197
324.3331 0.0194
324.6897 0.0190
325.0533 0.0186
325.4098 0.0183
325.7723 0.0178
326.1341 0.0175
326.4907 0.0171
326.8544 0.0167
327.2110 0.0164
327.5734 0.0159
327.9353 0.0157
328.2920 0.0153
328.6556 0.0149
329.0122 0.0146
329.3747 0.0142
329.7365 0.0139
330.0933 0.0135
330.4569 0.0132
330.8135 0.0129
331.1760 0.0125
331.5378 0.0123
331.8946 0.0119
332.2582 0.0116
332.6148 0.0114
332.9773 0.0110
333.3392 0.0108
333.6959 0.0104
334.0595 0.0101
334.4161 0.0099
334.7787 0.0095
335.1405 0.0093
335.4973 0.0090
335.8609 0.0087
336.2174 0.0085
336.5800 0.0082
336.9419 0.0080
337.2986 0.0077
337.6623 0.0075
338.0187 0.0073
338.3814 0.0069
338.7432 0.0068
339.1000 0.0065
339.4637 0.0063
339.8200 0.0061
340.1828 0.0058
340.5446 0.0057
340.9015 0.0054
341.2651 0.0052
341.6213 0.0050
341.9843 0.0047
342.3461 0.0046
342.7029 0.0044
343.0665 0.0042
343.4226 0.0041
343.7857 0.0038
344.1475 0.0037
344.5044 0.0035
344.8680 0.0034
345.2240 0.0032
345.5872 0.0030
345.9490 0.0029
346.3059 0.0027
346.6695 0.0026
347.0253 0.0025
347.3888 0.0022
347.7505 0.0022
348.1074 0.0020
348.4710 0.0019
348.8267 0.0018
349.1903 0.0016
349.5520 0.0016
349.9090 0.0014
350.2725 0.0014
350.6280 0.0013
350.9918 0.0011
351.3535 0.0011
351.7106 0.0010
352.0741 0.0009
352.4296 0.0008
352.7934 0.0007
353.1549 0.0007
353.5122 0.0006
353.8757 0.0006
354.2312 0.0005
354.5950 0.0004
354.9563 0.0004
355.3138 0.0003
355.6773 0.0003
356.0328 0.0003
356.3967 0.0002
356.7576 0.0002
357.1154 0.0001
357.4789 0.0002
357.8344 0.0001
358.1983 0.0001
358.5590 0.0001
358.9171 0.0001
359.2806 0.0001
359.6361 0.0001
360.0000 0.0000
