0.0000 0.0000
0.2500 0.0001
0.5000 0.0007
0.7500 0.0018
1.0000 0.0034
1.2500 0.0055
1.5000 0.0081
1.7500 0.0112
2.0000 0.0148
2.2500 0.0189
2.5000 0.0235
2.7500 0.0286
3.0000 0.0342
3.2500 0.0404
3.5000 0.0470
3.7500 0.0541
4.0000 0.0618
4.2500 0.0699
4.5000 0.0786
4.7500 0.0877
5.0000 0.0974
5.2500 0.1076
5.5000 0.1182
5.7500 0.1294
6.0000 0.1411
6.2500 0.1534
6.5000 0.1661
6.7500 0.1793
7.0000 0.1931
7.2500 0.2073
7.5000 0.2221
7.7500 0.2374
8.0000 0.2532
8.2500 0.2695
8.5000 0.2863
8.7500 0.3096
9.0000 0.3215
9.2500 0.3399
9.5000 0.3588
9.7500 0.3782
10.0000 0.3981
10.2500 0.4185
10.5000 0.4395
10.7500 0.4609
11.0000 0.4829
11.2500 0.5054
11.5000 0.5285
11.7500 0.5520
12.0000 0.5761
12.2500 0.6007
12.5000 0.6258
12.7500 0.6514
13.0000 0.6776
13.2500 0.7043
13.5000 0.7314
13.7500 0.7592
14.0000 0.7874
14.2500 0.8162
14.5000 0.8455
14.7500 0.8753
15.0000 0.9056
15.2500 0.9365
15.5000 0.9679
15.7500 0.9998
16.0000 1.0322
16.2500 1.0652
16.5000 1.0986
16.7500 1.1327
17.0000 1.1672
17.2500 1.2023
17.5000 1.2379
17.7500 1.2740
18.0000 1.3106
18.2500 1.3478
18.5000 1.3855
18.7500 1.4237
19.0000 1.4625
19.2500 1.5018
19.5000 1.5416
19.7500 1.5819
20.0000 1.6228
20.2500 1.6642
20.5000 1.7061
20.7500 1.7486
21.0000 1.7916
21.2500 1.8351
21.5000 1.8791
21.7500 1.9237
22.0000 1.9688
22.2500 2.0144
22.5000 2.0606
22.7500 2.1073
23.0000 2.1545
23.2500 2.2022
23.5000 2.2505
23.7500 2.2993
24.0000 2.3487
24.2500 2.3985
24.5000 2.4489
24.7500 2.4998
25.0000 2.5512
25.2500 2.6032
25.5000 2.6557
25.7500 2.7087
26.0000 2.7622
26.2500 2.8163
26.5000 2.8709
26.7500 2.9260
27.0000 2.9817
27.2500 3.0378
27.5000 3.0945
27.7500 3.1517
28.0000 3.2095
28.2500 3.2677
28.5000 3.3265
28.7500 3.3858
29.0000 3.4456
29.2500 3.5060
29.5000 3.5668
29.7500 3.6282
30.0000 3.6901
30.2500 3.7525
30.5000 3.8154
30.7500 3.8789
31.0000 3.9428
31.2500 4.0073
31.5000 4.0723
31.7500 4.1378
32.0000 4.2038
32.2500 4.2703
32.5000 4.3373
32.7500 4.4049
33.0000 4.4729
33.2500 4.5414
33.5000 4.6105
33.7500 4.6800
34.0000 4.7501
34.2500 4.8207
34.5000 4.8917
34.7500 4.9632
35.0000 5.0353
35.2500 5.1078
35.5000 5.1809
35.7500 5.2544
36.0000 5.3284
36.2500 5.4029
36.5000 5.4779
36.7500 5.5534
37.0000 5.6293
37.2500 5.7058
37.5000 5.7827
37.7500 5.8601
38.0000 5.9380
38.2500 6.0163
38.5000 6.0951
38.7500 6.1744
39.0000 6.2542
39.2500 6.3344
39.5000 6.4151
39.7500 6.4962
40.0000 6.5778
40.2500 6.6599
40.5000 6.7424
40.7500 6.8254
41.0000 6.9088
41.2500 6.9927
41.5000 7.0770
41.7500 7.1618
42.0000 7.2470
42.2500 7.3326
42.5000 7.4187
42.7500 7.5052
43.0000 7.5921
43.2500 7.6794
43.5000 7.7672
43.7500 7.8554
44.0000 7.9440
44.2500 8.0331
44.5000 8.1225
44.7500 8.2123
45.0000 8.3026
45.2500 8.3932
45.5000 8.4843
45.7500 8.5757
46.0000 8.6676
46.2500 8.7598
46.5000 8.8524
46.7500 8.9454
47.0000 9.0387
47.2500 9.1324
47.5000 9.2265
47.7500 9.3210
48.0000 9.4158
48.2500 9.5110
48.5000 9.6065
48.7500 9.7024
49.0000 9.7986
49.2500 9.8952
49.5000 9.9921
49.7500 10.0893
50.0000 10.1869
50.2500 10.2848
50.5000 10.3830
50.7500 10.4815
51.0000 10.5804
51.2500 10.6795
51.5000 10.7789
51.7500 10.8787
52.0000 10.9787
52.2500 11.0790
52.5000 11.1796
52.7500 11.2805
53.0000 11.3816
53.2500 11.4830
53.5000 11.5847
53.7500 11.6866
54.0000 11.7888
54.2500 11.8912
54.5000 11.9939
54.7500 12.0968
55.0000 12.1999
55.2500 12.3033
55.5000 12.4069
55.7500 12.5106
56.0000 12.6146
56.2500 12.7188
56.5000 12.8232
56.7500 12.9278
57.0000 13.0326
57.2500 13.1376
57.5000 13.2427
57.7500 13.3480
58.0000 13.4535
58.2500 13.5591
58.5000 13.6649
58.7500 13.7708
59.0000 13.8768
59.2500 13.9830
59.5000 14.0893
59.7500 14.1958
60.0000 14.3023
60.2500 14.4090
60.5000 14.5158
60.7500 14.6226
61.0000 14.7296
61.2500 14.8366
61.5000 14.9437
61.7500 15.0509
62.0000 15.1581
62.2500 15.2654
62.5000 15.3727
62.7500 15.4801
63.0000 15.5876
63.2500 15.6950
63.5000 15.8025
63.7500 15.9100
64.0000 16.0175
64.2500 16.1250
64.5000 16.2325
64.7500 16.3400
65.0000 16.4475
65.2500 16.5550
65.5000 16.6624
65.7500 16.7698
66.0000 16.8772
66.2500 16.9845
66.5000 17.0899
66.7500 17.1989
67.0000 17.3060
67.2500 17.4130
67.5000 17.5200
67.7500 17.6268
68.0000 17.7336
68.2500 17.8402
68.5000 17.9468
68.7500 18.0532
69.0000 18.1595
69.2500 18.2656
69.5000 18.3716
69.7500 18.4775
70.0000 18.5832
70.2500 18.6888
70.5000 18.7942
70.7500 18.8994
71.0000 19.0044
71.2500 19.1093
71.5000 19.2139
71.7500 19.3183
72.0000 19.4226
72.2500 19.5266
72.5000 19.6304
72.7500 19.7339
73.0000 19.8372
73.2500 19.9403
73.5000 20.0431
73.7500 20.1457
74.0000 20.2480
74.2500 20.3500
74.5000 20.4518
74.7500 20.5532
75.0000 20.6544
75.2500 20.7553
75.5000 20.8558
75.7500 20.9561
76.0000 21.0560
76.2500 21.1556
76.5000 21.2549
76.7500 21.3538
77.0000 21.4524
77.2500 21.5507
77.5000 21.6485
77.7500 21.7460
78.0000 21.8432
78.2500 21.9400
78.5000 22.0363
78.7500 22.1323
79.0000 22.2279
79.2500 22.3231
79.5000 22.4179
79.7500 22.5122
80.0000 22.6062
80.2500 22.6997
80.5000 22.7928
80.7500 22.8854
81.0000 22.9776
81.2500 23.0694
81.5000 23.1607
81.7500 23.2515
82.0000 23.3419
82.2500 23.4317
82.5000 23.5212
82.7500 23.6101
83.0000 23.6985
83.2500 23.7864
83.5000 23.8739
83.7500 23.9608
84.0000 24.0472
84.2500 24.1331
84.5000 24.2184
84.7500 24.3033
85.0000 24.3876
85.2500 24.4714
85.5000 24.5546
85.7500 24.6373
86.0000 24.7194
86.2500 24.8010
86.5000 24.8820
86.7500 24.9624
87.0000 25.0423
87.2500 25.1216
87.5000 25.2003
87.7500 25.2785
88.0000 25.3560
88.2500 25.4330
88.5000 25.5093
88.7500 25.5851
89.0000 25.6603
89.2500 25.7348
89.5000 25.8088
89.7500 25.8821
90.0000 25.9548
90.2500 26.0269
90.5000 26.0983
90.7500 26.1692
91.0000 26.2394
91.2500 26.3090
91.5000 26.3779
91.7500 26.4462
92.0000 26.5139
92.2500 26.5809
92.5000 26.6472
92.7500 26.7130
93.0000 26.7780
93.2500 26.8424
93.5000 26.9062
93.7500 26.9693
94.0000 27.0317
94.2500 27.0935
94.5000 27.1546
94.7500 27.2150
95.0000 27.2748
95.2500 27.3339
95.5000 27.3924
95.7500 27.4501
96.0000 27.5072
96.2500 27.5637
96.5000 27.6194
96.7500 27.6745
97.0000 27.7289
97.2500 27.7826
97.5000 27.8357
97.7500 27.8880
98.0000 27.9397
98.2500 27.9908
98.5000 28.0411
98.7500 28.0908
99.0000 28.1398
99.2500 28.1881
99.5000 28.2357
99.7500 28.2827
100.0000 28.3290
100.2500 28.3746
100.5000 28.4196
100.7500 28.4639
101.0000 28.5075
101.2500 28.5504
101.5000 28.5927
101.7500 28.6343
102.0000 28.6753
102.2500 28.7156
102.5000 28.7552
102.7500 28.7942
103.0000 28.8326
103.2500 28.8702
103.5000 28.9073
103.7500 28.9437
104.0000 28.9794
104.2500 29.0145
104.5000 29.0490
104.7500 29.0828
105.0000 29.1160
105.2500 29.1486
105.5000 29.1805
105.7500 29.2118
106.0000 29.2426
106.2500 29.2727
106.5000 29.3021
106.7500 29.3310
107.0000 29.3593
107.2500 29.3870
107.5000 29.4141
107.7500 29.4406
108.0000 29.4665
108.2500 29.4919
108.5000 29.5167
108.7500 29.5409
109.0000 29.5645
109.2500 29.5876
109.5000 29.6101
109.7500 29.6321
110.0000 29.6536
110.2500 29.6745
110.5000 29.6949
110.7500 29.7147
111.0000 29.7341
111.2500 29.7529
111.5000 29.7712
111.7500 29.7890
112.0000 29.8064
112.2500 29.8232
112.5000 29.8396
112.7500 29.8555
113.0000 29.8709
113.2500 29.8858
113.5000 29.9003
113.7500 29.9144
114.0000 29.9280
114.2500 29.9412
114.5000 29.9539
114.7500 29.9662
115.0000 29.9782
115.2500 29.9897
115.5000 30.0008
115.7500 30.0115
116.0000 30.0218
116.2500 30.0318
116.5000 30.0414
116.7500 30.0506
117.0000 30.0594
117.2500 30.0680
117.5000 30.0761
117.7500 30.0840
118.0000 30.0915
118.2500 30.0987
118.5000 30.1056
118.7500 30.1122
119.0000 30.1185
119.2500 30.1245
119.5000 30.1302
119.7500 30.1357
120.0000 30.1409
120.2500 30.1458
120.5000 30.1505
120.7500 30.1549
121.0000 30.1591
121.2500 30.1631
121.5000 30.1668
121.7500 30.1704
122.0000 30.1737
122.2500 30.1768
122.5000 30.1798
122.7500 30.1825
123.0000 30.1851
123.2500 30.1875
123.5000 30.1898
123.7500 30.1919
124.0000 30.1938
124.2500 30.1956
124.5000 30.1973
124.7500 30.1988
125.0000 30.2002
125.2500 30.2015
125.5000 30.2027
125.7500 30.2038
126.0000 30.2047
126.2500 30.2056
126.5000 30.2064
126.7500 30.2071
127.0000 30.2077
127.2500 30.2083
127.5000 30.2088
127.7500 30.2092
128.0000 30.2096
128.2500 30.2099
128.5000 30.2102
128.7500 30.2105
129.0000 30.2107
129.2500 30.2108
129.5000 30.2110
129.7500 30.2111
130.0000 30.2112
130.2500 30.2113
130.5000 30.2113
130.7500 30.2114
131.0000 30.2114
131.2500 30.2114
131.5000 30.2114
131.7500 30.2114
132.0000 30.2114
132.2500 30.2114
132.5000 30.2114
132.7500 30.2114
133.0000 30.2114
133.2500 30.2114
133.5000 30.2114
133.7500 30.2114
134.0000 30.2114
134.2500 30.2114
134.5000 30.2114
134.7500 30.2114
135.0000 30.2114
135.2500 30.2114
135.5000 30.2114
135.7500 30.2114
136.0000 30.2114
136.2500 30.2114
136.5000 30.2114
136.7500 30.2114
137.0000 30.2114
137.2500 30.2114
137.5000 30.2114
137.7500 30.2114
138.0000 30.2114
138.2500 30.2114
138.5000 30.2114
138.7500 30.2114
139.0000 30.2114
139.2500 30.2114
139.5000 30.2114
139.7500 30.2114
140.0000 30.2114
140.2500 30.2114
140.5000 30.2114
140.7500 30.2114
141.0000 30.2114
141.2500 30.2114
141.5000 30.2114
141.7500 30.2114
142.0000 30.2114
142.2500 30.2114
142.5000 30.2114
142.7500 30.2114
143.0000 30.2114
143.2500 30.2114
143.5000 30.2114
143.7500 30.2114
144.0000 30.2114
144.2500 30.2114
144.5000 30.2114
144.7500 30.2114
145.0000 30.2114
145.2500 30.2114
145.5000 30.2114
145.7500 30.2114
146.0000 30.2114
146.2500 30.2114
146.5000 30.2114
146.7500 30.2114
147.0000 30.2114
147.2500 30.2114
147.5000 30.2114
147.7500 30.2114
148.0000 30.2114
148.2500 30.2114
148.5000 30.2114
148.7500 30.2114
149.0000 30.2114
149.2500 30.2114
149.5000 30.2114
149.7500 30.2114
150.0000 30.2114
150.2500 30.2114
150.5000 30.2114
150.7500 30.2114
151.0000 30.2114
151.2500 30.2114
151.5000 30.2114
151.7500 30.2114
152.0000 30.2114
152.2500 30.2114
152.5000 30.2114
152.7500 30.2114
153.0000 30.2114
153.2500 30.2114
153.5000 30.2114
153.7500 30.2114
154.0000 30.2114
154.2500 30.2114
154.5000 30.2114
154.7500 30.2114
155.0000 30.2114
155.2500 30.2114
155.5000 30.2114
155.7500 30.2114
156.0000 30.2114
156.2500 30.2114
156.5000 30.2114
156.7500 30.2114
157.0000 30.2114
157.2500 30.2114
157.5000 30.2114
157.7500 30.2114
158.0000 30.2114
158.2500 30.2114
158.5000 30.2114
158.7500 30.2114
159.0000 30.2114
159.2500 30.2114
159.5000 30.2114
159.7500 30.2114
160.0000 30.2114
160.2500 30.2114
160.5000 30.2114
160.7500 30.2114
161.0000 30.2114
161.2500 30.2114
161.5000 30.2114
161.7500 30.2114
162.0000 30.2114
162.2500 30.2114
162.5000 30.2114
162.7500 30.2114
163.0000 30.2114
163.2500 30.2114
163.5000 30.2114
163.7500 30.2114
164.0000 30.2114
164.2500 30.2114
164.5000 30.2114
164.7500 30.2114
165.0000 30.2114
165.2500 30.2114
165.5000 30.2114
165.7500 30.2114
166.0000 30.2114
166.2500 30.2114
166.5000 30.2114
166.7500 30.2114
167.0000 30.2114
167.2500 30.2114
167.5000 30.2114
167.7500 30.2114
168.0000 30.2114
168.2500 30.2114
168.5000 30.2114
168.7500 30.2114
169.0000 30.2114
169.2500 30.2114
169.5000 30.2114
169.7500 30.2114
170.0000 30.2114
170.2500 30.2114
170.5000 30.2114
170.7500 30.2114
171.0000 30.2114
171.2500 30.2114
171.5000 30.2114
171.7500 30.2114
172.0000 30.2114
172.2500 30.2114
172.5000 30.2114
172.7500 30.2114
173.0000 30.2114
173.2500 30.2114
173.5000 30.2114
173.7500 30.2114
174.0000 30.2114
174.2500 30.2114
174.5000 30.2114
174.7500 30.2114
175.0000 30.2114
175.2500 30.2114
175.5000 30.2114
175.7500 30.2114
176.0000 30.2114
176.2500 30.2114
176.5000 30.2114
176.7500 30.2114
177.0000 30.2114
177.2500 30.2114
177.5000 30.2114
177.7500 30.2114
178.0000 30.2114
178.2500 30.2114
178.5000 30.2114
178.7500 30.2114
179.0000 30.2114
179.2500 30.2114
179.5000 30.2114
179.7500 30.2114
180.0000 30.2114
180.2500 30.2114
180.5000 30.2114
180.7500 30.2114
181.0000 30.2114
181.2500 30.2114
181.5000 30.2114
181.7500 30.2114
182.0000 30.2114
182.2500 30.2114
182.5000 30.2114
182.7500 30.2114
183.0000 30.2114
183.2500 30.2114
183.5000 30.2114
183.7500 30.2114
184.0000 30.2114
184.2500 30.2114
184.5000 30.2114
184.7500 30.2114
185.0000 30.2114
185.2500 30.2114
185.5000 30.2114
185.7500 30.2114
186.0000 30.2114
186.2500 30.2114
186.5000 30.2114
186.7500 30.2114
187.0000 30.2114
187.2500 30.2114
187.5000 30.2114
187.7500 30.2114
188.0000 30.2114
188.2500 30.2114
188.5000 30.2114
188.7500 30.2114
189.0000 30.2114
189.2500 30.2114
189.5000 30.2114
189.7500 30.2114
190.0000 30.2114
190.2500 30.2114
190.5000 30.2114
190.7500 30.2114
191.0000 30.2114
191.2500 30.2114
191.5000 30.2114
191.7500 30.2114
192.0000 30.2114
192.2500 30.2114
192.5000 30.2114
192.7500 30.2114
193.0000 30.2114
193.2500 30.2114
193.5000 30.2114
193.7500 30.2114
194.0000 30.2114
194.2500 30.2114
194.5000 30.2114
194.7500 30.2114
195.0000 30.2114
195.2500 30.2114
195.5000 30.2114
195.7500 30.2114
196.0000 30.2114
196.2500 30.2114
196.5000 30.2114
196.7500 30.2114
197.0000 30.2114
197.2500 30.2114
197.5000 30.2114
197.7500 30.2114
198.0000 30.2114
198.2500 30.2114
198.5000 30.2114
198.7500 30.2114
199.0000 30.2114
199.2500 30.2114
199.5000 30.2114
199.7500 30.2114
200.0000 30.2114
200.2500 30.2114
200.5000 30.2114
200.7500 30.2114
201.0000 30.2114
201.2500 30.2114
201.5000 30.2114
201.7500 30.2114
202.0000 30.2114
202.2500 30.2114
202.5000 30.2114
202.7500 30.2114
203.0000 30.2114
203.2500 30.2114
203.5000 30.2114
203.7500 30.2114
204.0000 30.2114
204.2500 30.2114
204.5000 30.2114
204.7500 30.2114
205.0000 30.2114
205.2500 30.2114
205.5000 30.2114
205.7500 30.2114
206.0000 30.2114
206.2500 30.2114
206.5000 30.2114
206.7500 30.2114
207.0000 30.2114
207.2500 30.2114
207.5000 30.2114
207.7500 30.2114
208.0000 30.2114
208.2500 30.2114
208.5000 30.2114
208.7500 30.2114
209.0000 30.2114
209.2500 30.2114
209.5000 30.2114
209.7500 30.2114
210.0000 30.2114
210.2500 30.2114
210.5000 30.2114
210.7500 30.2114
211.0000 30.2114
211.2500 30.2114
211.5000 30.2114
211.7500 30.2114
212.0000 30.2114
212.2500 30.2114
212.5000 30.2114
212.7500 30.2114
213.0000 30.2114
213.2500 30.2114
213.5000 30.2114
213.7500 30.2114
214.0000 30.2114
214.2500 30.2114
214.5000 30.2114
214.7500 30.2114
215.0000 30.2114
215.2500 30.2114
215.5000 30.2114
215.7500 30.2114
216.0000 30.2114
216.2500 30.2114
216.5000 30.2114
216.7500 30.2114
217.0000 30.2114
217.2500 30.2114
217.5000 30.2114
217.7500 30.2114
218.0000 30.2114
218.2500 30.2114
218.5000 30.2114
218.7500 30.2114
219.0000 30.2114
219.2500 30.2114
219.5000 30.2114
219.7500 30.2114
220.0000 30.2114
220.2500 30.2114
220.5000 30.2114
220.7500 30.2114
221.0000 30.2114
221.2500 30.2114
221.5000 30.2114
221.7500 30.2114
222.0000 30.2114
222.2500 30.2114
222.5000 30.2114
222.7500 30.2114
223.0000 30.2114
223.2500 30.2114
223.5000 30.2114
223.7500 30.2114
224.0000 30.2114
224.2500 30.2114
224.5000 30.2114
224.7500 30.2114
225.0000 30.2114
225.2500 30.2114
225.5000 30.2113
225.7500 30.2113
226.0000 30.2112
226.2500 30.2111
226.5000 30.2110
226.7500 30.2108
227.0000 30.2107
227.2500 30.2104
227.5000 30.2102
227.7500 30.2099
228.0000 30.2096
228.2500 30.2092
228.5000 30.2087
228.7500 30.2082
229.0000 30.2076
229.2500 30.2070
229.5000 30.2063
229.7500 30.2055
230.0000 30.2046
230.2500 30.2036
230.5000 30.2025
230.7500 30.2013
231.0000 30.2000
231.2500 30.1986
231.5000 30.1970
231.7500 30.1953
232.0000 30.1935
232.2500 30.1915
232.5000 30.1894
232.7500 30.1871
233.0000 30.1847
233.2500 30.1821
233.5000 30.1793
233.7500 30.1763
234.0000 30.1738
234.2500 30.1698
234.5000 30.1662
234.7500 30.1624
235.0000 30.1584
235.2500 30.1542
235.5000 30.1497
235.7500 30.1450
236.0000 30.1400
236.2500 30.1348
236.5000 30.1293
236.7500 30.1235
237.0000 30.1174
237.2500 30.1111
237.5000 30.1044
237.7500 30.0975
238.0000 30.0902
238.2500 30.0826
238.5000 30.0747
238.7500 30.0665
239.0000 30.0579
239.2500 30.0489
239.5000 30.0396
239.7500 30.0300
240.0000 30.0199
240.2500 30.0095
240.5000 29.9987
240.7500 29.9875
241.0000 29.9759
241.2500 29.9639
241.5000 29.9515
241.7500 29.9387
242.0000 29.9254
242.2500 29.9117
242.5000 29.8975
242.7500 29.8829
243.0000 29.8678
243.2500 29.8523
243.5000 29.8363
243.7500 29.8198
244.0000 29.8029
244.2500 29.7854
244.5000 29.7674
244.7500 29.7490
245.0000 29.7300
245.2500 29.7105
245.5000 29.6905
245.7500 29.6700
246.0000 29.6489
246.2500 29.6273
246.5000 29.6051
246.7500 29.5824
247.0000 29.5592
247.2500 29.5353
247.5000 29.5109
247.7500 29.4860
248.0000 29.4604
248.2500 29.4343
248.5000 29.4076
248.7500 29.3803
249.0000 29.3524
249.2500 29.3239
249.5000 29.2948
249.7500 29.2651
250.0000 29.2348
250.2500 29.2038
250.5000 29.1723
250.7500 29.1401
251.0000 29.1073
251.2500 29.0738
251.5000 29.0397
251.7500 29.0050
252.0000 28.9697
252.2500 28.9337
252.5000 28.8970
252.7500 28.8597
253.0000 28.8218
253.2500 28.7832
253.5000 28.7439
253.7500 28.7040
254.0000 28.6634
254.2500 28.6222
254.5000 28.5803
254.7500 28.5377
255.0000 28.4945
255.2500 28.4506
255.5000 28.4060
255.7500 28.3608
256.0000 28.3148
256.2500 28.2682
256.5000 28.2210
256.7500 28.1731
257.0000 28.1244
257.2500 28.0752
257.5000 28.0252
257.7500 27.9746
258.0000 27.9233
258.2500 27.8713
258.5000 27.8187
258.7500 27.7654
259.0000 27.7114
259.2500 27.6567
259.5000 27.6014
259.7500 27.5454
260.0000 27.4888
260.2500 27.4315
260.5000 27.3735
260.7500 27.3148
261.0000 27.2555
261.2500 27.1956
261.5000 27.1350
261.7500 27.0737
262.0000 27.0117
262.2500 26.9492
262.5000 26.8860
262.7500 26.8221
263.0000 26.7576
263.2500 26.6925
263.5000 26.6267
263.7500 26.5603
264.0000 26.4933
264.2500 26.4256
264.5000 26.3573
264.7500 26.2884
265.0000 26.2189
265.2500 26.1488
265.5000 26.0780
265.7500 26.0067
266.0000 25.9348
266.2500 25.8622
266.5000 25.7891
266.7500 25.7154
267.0000 25.6411
267.2500 25.5663
267.5000 25.4908
267.7500 25.4148
268.0000 25.3383
268.2500 25.2611
268.5000 25.1835
268.7500 25.1052
269.0000 25.0265
269.2500 24.9472
269.5000 24.8655
269.7500 24.7870
270.0000 24.7061
270.2500 24.6247
270.5000 24.5427
270.7500 24.4603
271.0000 24.3774
271.2500 24.2940
271.5000 24.2101
271.7500 24.1257
272.0000 24.0408
272.2500 23.9555
272.5000 23.8697
272.7500 23.7835
273.0000 23.6968
273.2500 23.6096
273.5000 23.5220
273.7500 23.4340
274.0000 23.3455
274.2500 23.2567
274.5000 23.1674
274.7500 23.0777
275.0000 22.9876
275.2500 22.8971
275.5000 22.8062
275.7500 22.7150
276.0000 22.6233
276.2500 22.5313
276.5000 22.4389
276.7500 22.3462
277.0000 22.2531
277.2500 22.1597
277.5000 22.0659
277.7500 21.9718
278.0000 21.8774
278.2500 21.7827
278.5000 21.6877
278.7500 21.5923
279.0000 21.4967
279.2500 21.4008
279.5000 21.3046
279.7500 21.2081
280.0000 21.1113
280.2500 21.0143
280.5000 20.9170
280.7500 20.8195
281.0000 20.7217
281.2500 20.6237
281.5000 20.5255
281.7500 20.4271
282.0000 20.3284
282.2500 20.2295
282.5000 20.1304
282.7500 20.0312
283.0000 19.9317
283.2500 19.8320
283.5000 19.7322
283.7500 19.6322
284.0000 19.5321
284.2500 19.4318
284.5000 19.3313
284.7500 19.2307
285.0000 19.1300
285.2500 19.0291
285.5000 18.9281
285.7500 18.8270
286.0000 18.7257
286.2500 18.6244
286.5000 18.5230
286.7500 18.4215
287.0000 18.3199
287.2500 18.2182
287.5000 18.1164
287.7500 18.0146
288.0000 17.9127
288.2500 17.8107
288.5000 17.7087
288.7500 17.6067
289.0000 17.5046
289.2500 17.4025
289.5000 17.3004
289.7500 17.1983
290.0000 17.0961
290.2500 16.9939
290.5000 16.8917
290.7500 16.7896
291.0000 16.6874
291.2500 16.5853
291.5000 16.4831
291.7500 16.3810
292.0000 16.2790
292.2500 16.1769
292.5000 16.0750
292.7500 15.9730
293.0000 15.8711
293.2500 15.7693
293.5000 15.6675
293.7500 15.5659
294.0000 15.4642
294.2500 15.3627
294.5000 15.2612
294.7500 15.1599
295.0000 15.0586
295.2500 14.9574
295.5000 14.8564
295.7500 14.7554
296.0000 14.6546
296.2500 14.5539
296.5000 14.4533
296.7500 14.3528
297.0000 14.2525
297.2500 14.1523
297.5000 14.0522
297.7500 13.9523
298.0000 13.8526
298.2500 13.7530
298.5000 13.6535
298.7500 13.5543
299.0000 13.4552
299.2500 13.3562
299.5000 13.2575
299.7500 13.1589
300.0000 13.0605
300.2500 12.9623
300.5000 12.8643
300.7500 12.7665
301.0000 12.6689
301.2500 12.5715
301.5000 12.4744
301.7500 12.3774
302.0000 12.2806
302.2500 12.1841
302.5000 12.0878
302.7500 11.9917
303.0000 11.8959
303.2500 11.8003
303.5000 11.7049
303.7500 11.6098
304.0000 11.5149
304.2500 11.4203
304.5000 11.3259
304.7500 11.2318
305.0000 11.1379
305.2500 11.0443
305.5000 10.9510
305.7500 10.8579
306.0000 10.7651
306.2500 10.6726
306.5000 10.5804
306.7500 10.4884
307.0000 10.3968
307.2500 10.3054
307.5000 10.2143
307.7500 10.1235
308.0000 10.0330
308.2500 9.9428
308.5000 9.8529
308.7500 9.7633
309.0000 9.6740
309.2500 9.5850
309.5000 9.4964
309.7500 9.4080
310.0000 9.3200
310.2500 9.2323
310.5000 9.1449
310.7500 9.0578
311.0000 8.9711
311.2500 8.8847
311.5000 8.7986
311.7500 8.7129
312.0000 8.6275
312.2500 8.5424
312.5000 8.4577
312.7500 8.3733
313.0000 8.2892
313.2500 8.2055
313.5000 8.1222
313.7500 8.0392
314.0000 7.9566
314.2500 7.8743
314.5000 7.7924
314.7500 7.7108
315.0000 7.6296
315.2500 7.5488
315.5000 7.4683
315.7500 7.3882
316.0000 7.3085
316.2500 7.2291
316.5000 7.1501
316.7500 7.0715
317.0000 6.9933
317.2500 6.9154
317.5000 6.8380
317.7500 6.7609
318.0000 6.6841
318.2500 6.6078
318.5000 6.5319
318.7500 6.4563
319.0000 6.3811
319.2500 6.3064
319.5000 6.2320
319.7500 6.1580
320.0000 6.0844
320.2500 6.0112
320.5000 5.9384
320.7500 5.8660
321.0000 5.7939
321.2500 5.7223
321.5000 5.6511
321.7500 5.5803
322.0000 5.5100
322.2500 5.4400
322.5000 5.3704
322.7500 5.3012
323.0000 5.2324
323.2500 5.1641
323.5000 5.0962
323.7500 5.0286
324.0000 4.9615
324.2500 4.8948
324.5000 4.8286
324.7500 4.7627
325.0000 4.6973
325.2500 4.6322
325.5000 4.5676
325.7500 4.5035
326.0000 4.4397
326.2500 4.3764
326.5000 4.3135
326.7500 4.2510
327.0000 4.1890
327.2500 4.1273
327.5000 4.0661
327.7500 4.0054
328.0000 3.9450
328.2500 3.8851
328.5000 3.8257
328.7500 3.7666
329.0000 3.7080
329.2500 3.6499
329.5000 3.5921
329.7500 3.5348
330.0000 3.4777
330.2500 3.4215
330.5000 3.3655
330.7500 3.3100
331.0000 3.2549
331.2500 3.2002
331.5000 3.1460
331.7500 3.0922
332.0000 3.0389
332.2500 2.9860
332.5000 2.9335
332.7500 2.8815
333.0000 2.8300
333.2500 2.7789
333.5000 2.7282
333.7500 2.6780
334.0000 2.6282
334.2500 2.5789
334.5000 2.5300
334.7500 2.4816
335.0000 2.4336
335.2500 2.3861
335.5000 2.3390
335.7500 2.2924
336.0000 2.2463
336.2500 2.2006
336.5000 2.1553
336.7500 2.1105
337.0000 2.0662
337.2500 2.0223
337.5000 1.9788
337.7500 1.9359
338.0000 1.8933
338.2500 1.8513
338.5000 1.8097
338.7500 1.7686
339.0000 1.7306
339.2500 1.6877
339.5000 1.6479
339.7500 1.6086
340.0000 1.5697
340.2500 1.5314
340.5000 1.4935
340.7500 1.4560
341.0000 1.4190
341.2500 1.3825
341.5000 1.3465
341.7500 1.3109
342.0000 1.2757
342.2500 1.2411
342.5000 1.2069
342.7500 1.1732
343.0000 1.1399
343.2500 1.1071
343.5000 1.0748
343.7500 1.0429
344.0000 1.0115
344.2500 0.9806
344.5000 0.9502
344.7500 0.9202
345.0000 0.8907
345.2500 0.8617
345.5000 0.8331
345.7500 0.8050
346.0000 0.7774
346.2500 0.7503
346.5000 0.7236
346.7500 0.6974
347.0000 0.6717
347.2500 0.6465
347.5000 0.6217
347.7500 0.5974
348.0000 0.5736
348.2500 0.5503
348.5000 0.5274
348.7500 0.5050
349.0000 0.4831
349.2500 0.4617
349.5000 0.4408
349.7500 0.4203
350.0000 0.4003
350.2500 0.3808
350.5000 0.3618
350.7500 0.3433
351.0000 0.3252
351.2500 0.3076
351.5000 0.2905
351.7500 0.2739
352.0000 0.2578
352.2500 0.2422
352.5000 0.2270
352.7500 0.2124
353.0000 0.1982
353.2500 0.1845
353.5000 0.1713
353.7500 0.1585
354.0000 0.1463
354.2500 0.1345
354.5000 0.1233
354.7500 0.1125
355.0000 0.1022
355.2500 0.0924
355.5000 0.0831
355.7500 0.0743
356.0000 0.0660
356.2500 0.0582
356.5000 0.0508
356.7500 0.0440
357.0000 0.0376
357.2500 0.0318
357.5000 0.0264
357.7500 0.0215
358.0000 0.0171
358.2500 0.0133
358.5000 0.0099
358.7500 0.0070
359.0000 0.0046
359.2500 0.0027
359.5000 0.0013
359.7500 0.0004
