0.0000 0.0000
0.5000 0.0007
1.0000 0.0034
1.5000 0.0081
2.0000 0.0148
2.5000 0.0235
3.0000 0.0342
3.5000 0.0470
4.0000 0.0618
4.5000 0.0786
5.0000 0.0974
5.5000 0.1182
6.0000 0.1411
6.5000 0.1661
7.0000 0.1931
7.5000 0.2221
8.0000 0.2532
8.5000 0.2863
9.0000 0.3215
9.5000 0.3588
10.0000 0.3981
10.5000 0.4395
11.0000 0.4829
11.5000 0.5285
12.0000 0.5761
12.5000 0.6258
13.0000 0.6776
13.5000 0.7314
14.0000 0.7874
14.5000 0.8455
15.0000 0.9056
15.5000 0.9679
16.0000 1.0322
16.5000 1.0986
17.0000 1.1672
17.5000 1.2379
18.0000 1.3106
18.5000 1.3855
19.0000 1.4625
19.5000 1.5416
20.0000 1.6228
20.5000 1.7061
21.0000 1.7916
21.5000 1.8791
22.0000 1.9688
22.5000 2.0606
23.0000 2.1545
23.5000 2.2505
24.0000 2.3487
24.5000 2.4489
25.0000 2.5512
25.5000 2.6557
26.0000 2.7622
26.5000 2.8709
27.0000 2.9817
27.5000 3.0945
28.0000 3.2095
28.5000 3.3265
29.0000 3.4456
29.5000 3.5668
30.0000 3.6901
30.5000 3.8154
31.0000 3.9428
31.5000 4.0723
32.0000 4.2038
32.5000 4.3373
33.0000 4.4729
33.5000 4.6105
34.0000 4.7501
34.5000 4.8917
35.0000 5.0353
35.5000 5.1809
36.0000 5.3284
36.5000 5.4779
37.0000 5.6293
37.5000 5.7827
38.0000 5.9380
38.5000 6.0951
39.0000 6.2542
39.5000 6.4151
40.0000 6.5778
40.5000 6.7424
41.0000 6.9088
41.5000 7.0770
42.0000 7.2470
42.5000 7.4187
43.0000 7.5921
43.5000 7.7672
44.0000 7.9440
44.5000 8.1225
45.0000 8.3026
45.5000 8.4843
46.0000 8.6676
46.5000 8.8524
47.0000 9.0387
47.5000 9.2265
48.0000 9.4158
48.5000 9.6065
49.0000 9.7986
49.5000 9.9921
50.0000 10.1869
50.5000 10.3830
51.0000 10.5804
51.5000 10.7789
52.0000 10.9787
52.5000 11.1796
53.0000 11.3816
53.5000 11.5847
54.0000 11.7888
54.5000 11.9939
55.0000 12.1999
55.5000 12.4069
56.0000 12.6146
56.5000 12.8232
57.0000 13.0326
57.5000 13.2427
58.0000 13.4535
58.5000 13.6649
59.0000 13.8768
59.5000 14.0893
60.0000 14.3023
60.5000 14.5158
61.0000 14.7296
61.5000 14.9437
62.0000 15.1581
62.5000 15.3727
63.0000 15.5876
63.5000 15.8025
64.0000 16.0175
64.5000 16.2325
65.0000 16.4475
65.5000 16.6624
66.0000 16.8772
66.5000 17.0899
67.0000 17.3060
67.5000 17.5200
68.0000 17.7336
68.5000 17.9468
69.0000 18.1595
69.5000 18.3716
70.0000 18.5832
70.5000 18.7942
71.0000 19.0044
71.5000 19.2139
72.0000 19.4226
72.5000 19.6304
73.0000 19.8372
73.5000 20.0431
74.0000 20.2480
74.5000 20.4518
75.0000 20.6544
75.5000 20.8558
76.0000 21.0560
76.5000 21.2549
77.0000 21.4524
77.5000 21.6485
78.0000 21.8432
78.5000 22.0363
79.0000 22.2279
79.5000 22.4179
80.0000 22.6062
80.5000 22.7928
81.0000 22.9776
81.5000 23.1607
82.0000 23.3419
82.5000 23.5212
83.0000 23.6985
83.5000 23.8739
84.0000 24.0472
84.5000 24.2184
85.0000 24.3876
85.5000 24.5546
86.0000 24.7194
86.5000 24.8820
87.0000 25.0423
87.5000 25.2003
88.0000 25.3560
88.5000 25.5093
89.0000 25.6603
89.5000 25.8088
90.0000 25.9548
90.5000 26.0983
91.0000 26.2394
91.5000 26.3779
92.0000 26.5139
92.5000 26.6472
93.0000 26.7780
93.5000 26.9062
94.0000 27.0317
94.5000 27.1546
95.0000 27.2748
95.5000 27.3924
96.0000 27.5072
96.5000 27.6194
97.0000 27.7289
97.5000 27.8357
98.0000 27.9397
98.5000 28.0411
99.0000 28.1398
99.5000 28.2357
100.0000 28.3290
100.5000 28.4196
101.0000 28.5075
101.5000 28.5927
102.0000 28.6753
102.5000 28.7552
103.0000 28.8326
103.5000 28.9073
104.0000 28.9794
104.5000 29.0490
105.0000 29.1160
105.5000 29.1805
106.0000 29.2426
106.5000 29.3021
107.0000 29.3593
107.5000 29.4141
108.0000 29.4665
108.5000 29.5167
109.0000 29.5645
109.5000 29.6101
110.0000 29.6536
110.5000 29.6949
111.0000 29.7341
111.5000 29.7712
112.0000 29.8064
112.5000 29.8396
113.0000 29.8709
113.5000 29.9003
114.0000 29.9280
114.5000 29.9539
115.0000 29.9782
115.5000 30.0008
116.0000 30.0218
116.5000 30.0414
117.0000 30.0594
117.5000 30.0761
118.0000 30.0915
118.5000 30.1056
119.0000 30.1185
119.5000 30.1302
120.0000 30.1409
120.5000 30.1505
121.0000 30.1591
121.5000 30.1668
122.0000 30.1737
122.5000 30.1798
123.0000 30.1851
123.5000 30.1898
124.0000 30.1938
124.5000 30.1973
125.0000 30.2002
125.5000 30.2027
126.0000 30.2047
126.5000 30.2064
127.0000 30.2077
127.5000 30.2088
128.0000 30.2096
128.5000 30.2102
129.0000 30.2107
129.5000 30.2110
130.0000 30.2112
130.5000 30.2113
131.0000 30.2114
131.5000 30.2114
132.0000 30.2114
132.5000 30.2114
133.0000 30.2114
133.5000 30.2114
134.0000 30.2114
134.5000 30.2114
135.0000 30.2114
135.5000 30.2114
136.0000 30.2114
136.5000 30.2114
137.0000 30.2114
137.5000 30.2114
138.0000 30.2114
138.5000 30.2114
139.0000 30.2114
139.5000 30.2114
140.0000 30.2114
140.5000 30.2114
141.0000 30.2114
141.5000 30.2114
142.0000 30.2114
142.5000 30.2114
143.0000 30.2114
143.5000 30.2114
144.0000 30.2114
144.5000 30.2114
145.0000 30.2114
145.5000 30.2114
146.0000 30.2114
146.5000 30.2114
147.0000 30.2114
147.5000 30.2114
148.0000 30.2114
148.5000 30.2114
149.0000 30.2114
149.5000 30.2114
150.0000 30.2114
150.5000 30.2114
151.0000 30.2114
151.5000 30.2114
152.0000 30.2114
152.5000 30.2114
153.0000 30.2114
153.5000 30.2114
154.0000 30.2114
154.5000 30.2114
155.0000 30.2114
155.5000 30.2114
156.0000 30.2114
156.5000 30.2114
157.0000 30.2114
157.5000 30.2114
158.0000 30.2114
158.5000 30.2114
159.0000 30.2114
159.5000 30.2114
160.0000 30.2114
160.5000 30.2114
161.0000 30.2114
161.5000 30.2114
162.0000 30.2114
162.5000 30.2114
163.0000 30.2114
163.5000 30.2114
164.0000 30.2114
164.5000 30.2114
165.0000 30.2114
165.5000 30.2114
166.0000 30.2114
166.5000 30.2114
167.0000 30.2114
167.5000 30.2114
168.0000 30.2114
168.5000 30.2114
169.0000 30.2114
169.5000 30.2114
170.0000 30.2114
170.5000 30.2114
171.0000 30.2114
171.5000 30.2114
172.0000 30.2114
172.5000 30.2114
173.0000 30.2114
173.5000 30.2114
174.0000 30.2114
174.5000 30.2114
175.0000 30.2114
175.5000 30.2114
176.0000 30.2114
176.5000 30.2114
177.0000 30.2114
177.5000 30.2114
178.0000 30.2114
178.5000 30.2114
179.0000 30.2114
179.5000 30.2114
180.0000 30.2114
180.5000 30.2114
181.0000 30.2114
181.5000 30.2114
182.0000 30.2114
182.5000 30.2114
183.0000 30.2114
183.5000 30.2114
184.0000 30.2114
184.5000 30.2114
185.0000 30.2114
185.5000 30.2114
186.0000 30.2114
186.5000 30.2114
187.0000 30.2114
187.5000 30.2114
188.0000 30.2114
188.5000 30.2114
189.0000 30.2114
189.5000 30.2114
190.0000 30.2114
190.5000 30.2114
191.0000 30.2114
191.5000 30.2114
192.0000 30.2114
192.5000 30.2114
193.0000 30.2114
193.5000 30.2114
194.0000 30.2114
194.5000 30.2114
195.0000 30.2114
195.5000 30.2114
196.0000 30.2114
196.5000 30.2114
197.0000 30.2114
197.5000 30.2114
198.0000 30.2114
198.5000 30.2114
199.0000 30.2114
199.5000 30.2114
200.0000 30.2114
200.5000 30.2114
201.0000 30.2114
201.5000 30.2114
202.0000 30.2114
202.5000 30.2114
203.0000 30.2114
203.5000 30.2114
204.0000 30.2114
204.5000 30.2114
205.0000 30.2114
205.5000 30.2114
206.0000 30.2114
206.5000 30.2114
207.0000 30.2114
207.5000 30.2114
208.0000 30.2114
208.5000 30.2114
209.0000 30.2114
209.5000 30.2114
210.0000 30.2114
210.5000 30.2114
211.0000 30.2114
211.5000 30.2114
212.0000 30.2114
212.5000 30.2114
213.0000 30.2114
213.5000 30.2114
214.0000 30.2114
214.5000 30.2114
215.0000 30.2114
215.5000 30.2114
216.0000 30.2114
216.5000 30.2114
217.0000 30.2114
217.5000 30.2114
218.0000 30.2114
218.5000 30.2114
219.0000 30.2114
219.5000 30.2114
220.0000 30.2114
220.5000 30.2114
221.0000 30.2114
221.5000 30.2114
222.0000 30.2114
222.5000 30.2114
223.0000 30.2114
223.5000 30.2114
224.0000 30.2114
224.5000 30.2114
225.0000 30.2114
225.5000 30.2113
226.0000 30.2112
226.5000 30.2110
227.0000 30.2107
227.5000 30.2102
228.0000 30.2096
228.5000 30.2087
229.0000 30.2076
229.5000 30.2063
230.0000 30.2046
230.5000 30.2025
231.0000 30.2000
231.5000 30.1970
232.0000 30.1935
232.5000 30.1894
233.0000 30.1847
233.5000 30.1793
234.0000 30.1738
234.5000 30.1662
235.0000 30.1584
235.5000 30.1497
236.0000 30.1400
236.5000 30.1293
237.0000 30.1174
237.5000 30.1044
238.0000 30.0902
238.5000 30.0747
239.0000 30.0579
239.5000 30.0396
240.0000 30.0199
240.5000 29.9987
241.0000 29.9759
241.5000 29.9515
242.0000 29.9254
242.5000 29.8975
243.0000 29.8678
243.5000 29.8363
244.0000 29.8029
244.5000 29.7674
245.0000 29.7300
245.5000 29.6905
246.0000 29.6489
246.5000 29.6051
247.0000 29.5592
247.5000 29.5109
248.0000 29.4604
248.5000 29.4076
249.0000 29.3524
249.5000 29.2948
250.0000 29.2348
250.5000 29.1723
251.0000 29.1073
251.5000 29.0397
252.0000 28.9697
252.5000 28.8970
253.0000 28.8218
253.5000 28.7439
254.0000 28.6634
254.5000 28.5803
255.0000 28.4945
255.5000 28.4060
256.0000 28.3148
256.5000 28.2210
257.0000 28.1244
257.5000 28.0252
258.0000 27.9233
258.5000 27.8187
259.0000 27.7114
259.5000 27.6014
260.0000 27.4888
260.5000 27.3735
261.0000 27.2555
261.5000 27.1350
262.0000 27.0117
262.5000 26.8860
263.0000 26.7576
263.5000 26.6267
264.0000 26.4933
264.5000 26.3573
265.0000 26.2189
265.5000 26.0780
266.0000 25.9348
266.5000 25.7891
267.0000 25.6411
267.5000 25.4908
268.0000 25.3383
268.5000 25.1835
269.0000 25.0265
269.5000 24.8655
270.0000 24.7061
270.5000 24.5427
271.0000 24.3774
271.5000 24.2101
272.0000 24.0408
272.5000 23.8697
273.0000 23.6968
273.5000 23.5220
274.0000 23.3455
274.5000 23.1674
275.0000 22.9876
275.5000 22.8062
276.0000 22.6233
276.5000 22.4389
277.0000 22.2531
277.5000 22.0659
278.0000 21.8774
278.5000 21.6877
279.0000 21.4967
279.5000 21.3046
280.0000 21.1113
280.5000 20.9170
281.0000 20.7217
281.5000 20.5255
282.0000 20.3284
282.5000 20.1304
283.0000 19.9317
283.5000 19.7322
284.0000 19.5321
284.5000 19.3313
285.0000 19.1300
285.5000 18.9281
286.0000 18.7257
286.5000 18.5230
287.0000 18.3199
287.5000 18.1164
288.0000 17.9127
288.5000 17.7087
289.0000 17.5046
289.5000 17.3004
290.0000 17.0961
290.5000 16.8917
291.0000 16.6874
291.5000 16.4831
292.0000 16.2790
292.5000 16.0750
293.0000 15.8711
293.5000 15.6675
294.0000 15.4642
294.5000 15.2612
295.0000 15.0586
295.5000 14.8564
296.0000 14.6546
296.5000 14.4533
297.0000 14.2525
297.5000 14.0522
298.0000 13.8526
298.5000 13.6535
299.0000 13.4552
299.5000 13.2575
300.0000 13.0605
300.5000 12.8643
301.0000 12.6689
301.5000 12.4744
302.0000 12.2806
302.5000 12.0878
303.0000 11.8959
303.5000 11.7049
304.0000 11.5149
304.5000 11.3259
305.0000 11.1379
305.5000 10.9510
306.0000 10.7651
306.5000 10.5804
307.0000 10.3968
307.5000 10.2143
308.0000 10.0330
308.5000 9.8529
309.0000 9.6740
309.5000 9.4964
310.0000 9.3200
310.5000 9.1449
311.0000 8.9711
311.5000 8.7986
312.0000 8.6275
312.5000 8.4577
313.0000 8.2892
313.5000 8.1222
314.0000 7.9566
314.5000 7.7924
315.0000 7.6296
315.5000 7.4683
316.0000 7.3085
316.5000 7.1501
317.0000 6.9933
317.5000 6.8380
318.0000 6.6841
318.5000 6.5319
319.0000 6.3811
319.5000 6.2320
320.0000 6.0844
320.5000 5.9384
321.0000 5.7939
321.5000 5.6511
322.0000 5.5100
322.5000 5.3704
323.0000 5.2324
323.5000 5.0962
324.0000 4.9615
324.5000 4.8286
325.0000 4.6973
325.5000 4.5676
326.0000 4.4397
326.5000 4.3135
327.0000 4.1890
327.5000 4.0661
328.0000 3.9450
328.5000 3.8257
329.0000 3.7080
329.5000 3.5921
330.0000 3.4777
330.5000 3.3655
331.0000 3.2549
331.5000 3.1460
332.0000 3.0389
332.5000 2.9335
333.0000 2.8300
333.5000 2.7282
334.0000 2.6282
334.5000 2.5300
335.0000 2.4336
335.5000 2.3390
336.0000 2.2463
336.5000 2.1553
337.0000 2.0662
337.5000 1.9788
338.0000 1.8933
338.5000 1.8097
339.0000 1.7306
339.5000 1.6479
340.0000 1.5697
340.5000 1.4935
341.0000 1.4190
341.5000 1.3465
342.0000 1.2757
342.5000 1.2069
343.0000 1.1399
343.5000 1.0748
344.0000 1.0115
344.5000 0.9502
345.0000 0.8907
345.5000 0.8331
346.0000 0.7774
346.5000 0.7236
347.0000 0.6717
347.5000 0.6217
348.0000 0.5736
348.5000 0.5274
349.0000 0.4831
349.5000 0.4408
350.0000 0.4003
350.5000 0.3618
351.0000 0.3252
351.5000 0.2905
352.0000 0.2578
352.5000 0.2270
353.0000 0.1982
353.5000 0.1713
354.0000 0.1463
354.5000 0.1233
355.0000 0.1022
355.5000 0.0831
356.0000 0.0660
356.5000 0.0508
357.0000 0.0376
357.5000 0.0264
358.0000 0.0171
358.5000 0.0099
359.0000 0.0046
359.5000 0.0013
