0.0000 1.8933
0.2500 1.8513
0.5000 1.8097
0.7500 1.7686
1.0000 1.7306
1.2500 1.6877
1.5000 1.6479
1.7500 1.6086
2.0000 1.5697
2.2500 1.5314
2.5000 1.4935
2.7500 1.4560
3.0000 1.4190
3.2500 1.3825
3.5000 1.3465
3.7500 1.3109
4.0000 1.2757
4.2500 1.2411
4.5000 1.2069
4.7500 1.1732
5.0000 1.1399
5.2500 1.1071
5.5000 1.0748
5.7500 1.0429
6.0000 1.0115
6.2500 0.9806
6.5000 0.9502
6.7500 0.9202
7.0000 0.8907
7.2500 0.8617
7.5000 0.8331
7.7500 0.8050
8.0000 0.7774
8.2500 0.7503
8.5000 0.7236
8.7500 0.6974
9.0000 0.6717
9.2500 0.6465
9.5000 0.6217
9.7500 0.5974
10.0000 0.5736
10.2500 0.5503
10.5000 0.5274
10.7500 0.5050
11.0000 0.4831
11.2500 0.4617
11.5000 0.4408
11.7500 0.4203
12.0000 0.4003
12.2500 0.3808
12.5000 0.3618
12.7500 0.3433
13.0000 0.3252
13.2500 0.3076
13.5000 0.2905
13.7500 0.2739
14.0000 0.2578
14.2500 0.2422
14.5000 0.2270
14.7500 0.2124
15.0000 0.1982
15.2500 0.1845
15.5000 0.1713
15.7500 0.1585
16.0000 0.1463
16.2500 0.1346
16.5000 0.1233
16.7500 0.1125
17.0000 0.1022
17.2500 0.0924
17.5000 0.0831
17.7500 0.0743
18.0000 0.0660
18.2500 0.0582
18.5000 0.0508
18.7500 0.0440
19.0000 0.0376
19.2500 0.0318
19.5000 0.0264
19.7500 0.0215
20.0000 0.0172
20.2500 0.0133
20.5000 0.0099
20.7500 0.0070
21.0000 0.0046
21.2500 0.0027
21.5000 0.0013
21.7500 0.0004
22.0000 0.0000
22.2500 0.0001
22.5000 0.0007
22.7500 0.0018
23.0000 0.0034
23.2500 0.0055
23.5000 0.0081
23.7500 0.0112
24.0000 0.0148
24.2500 0.0189
24.5000 0.0235
24.7500 0.0286
25.0000 0.0342
25.2500 0.0404
25.5000 0.0470
25.7500 0.0541
26.0000 0.0618
26.2500 0.0699
26.5000 0.0786
26.7500 0.0877
27.0000 0.0974
27.2500 0.1076
27.5000 0.1182
27.7500 0.1294
28.0000 0.1411
28.2500 0.1534
28.5000 0.1661
28.7500 0.1793
29.0000 0.1931
29.2500 0.2073
29.5000 0.2221
29.7500 0.2374
30.0000 0.2532
30.2500 0.2695
30.5000 0.2863
30.7500 0.3096
31.0000 0.3215
31.2500 0.3399
31.5000 0.3588
31.7500 0.3782
32.0000 0.3981
32.2500 0.4185
32.5000 0.4395
32.7500 0.4609
33.0000 0.4829
33.2500 0.5054
33.5000 0.5285
33.7500 0.5520
34.0000 0.5761
34.2500 0.6007
34.5000 0.6258
34.7500 0.6514
35.0000 0.6776
35.2500 0.7043
35.5000 0.7314
35.7500 0.7592
36.0000 0.7874
36.2500 0.8162
36.5000 0.8455
36.7500 0.8753
37.0000 0.9056
37.2500 0.9365
37.5000 0.9679
37.7500 0.9998
38.0000 1.0322
38.2500 1.0652
38.5000 1.0986
38.7500 1.1327
39.0000 1.1672
39.2500 1.2023
39.5000 1.2379
39.7500 1.2740
40.0000 1.3106
40.2500 1.3478
40.5000 1.3855
40.7500 1.4237
41.0000 1.4625
41.2500 1.5018
41.5000 1.5416
41.7500 1.5820
42.0000 1.6228
42.2500 1.6642
42.5000 1.7062
42.7500 1.7486
43.0000 1.7916
43.2500 1.8351
43.5000 1.8792
43.7500 1.9237
44.0000 1.9688
44.2500 2.0144
44.5000 2.0606
44.7500 2.1073
45.0000 2.1545
45.2500 2.2023
45.5000 2.2505
45.7500 2.2993
46.0000 2.3487
46.2500 2.3985
46.5000 2.4489
46.7500 2.4998
47.0000 2.5512
47.2500 2.6032
47.5000 2.6557
47.7500 2.7087
48.0000 2.7622
48.2500 2.8163
48.5000 2.8709
48.7500 2.9260
49.0000 2.9817
49.2500 3.0378
49.5000 3.0945
49.7500 3.1517
50.0000 3.2095
50.2500 3.2677
50.5000 3.3265
50.7500 3.3858
51.0000 3.4456
51.2500 3.5060
51.5000 3.5668
51.7500 3.6282
52.0000 3.6901
52.2500 3.7525
52.5000 3.8154
52.7500 3.8789
53.0000 3.9429
53.2500 4.0073
53.5000 4.0723
53.7500 4.1378
54.0000 4.2038
54.2500 4.2703
54.5000 4.3373
54.7500 4.4049
55.0000 4.4729
55.2500 4.5414
55.5000 4.6105
55.7500 4.6801
56.0000 4.7501
56.2500 4.8207
56.5000 4.8917
56.7500 4.9632
57.0000 5.0353
57.2500 5.1078
57.5000 5.1809
57.7500 5.2544
58.0000 5.3284
58.2500 5.4029
58.5000 5.4779
58.7500 5.5534
59.0000 5.6293
59.2500 5.7058
59.5000 5.7827
59.7500 5.8601
60.0000 5.9380
60.2500 6.0163
60.5000 6.0951
60.7500 6.1744
61.0000 6.2542
61.2500 6.3344
61.5000 6.4151
61.7500 6.4962
62.0000 6.5778
62.2500 6.6599
62.5000 6.7424
62.7500 6.8254
63.0000 6.9088
63.2500 6.9927
63.5000 7.0770
63.7500 7.1618
64.0000 7.2470
64.2500 7.3326
64.5000 7.4187
64.7500 7.5052
65.0000 7.5921
65.2500 7.6794
65.5000 7.7672
65.7500 7.8554
66.0000 7.9440
66.2500 8.0331
66.5000 8.1225
66.7500 8.2123
67.0000 8.3026
67.2500 8.3932
67.5000 8.4843
67.7500 8.5757
68.0000 8.6676
68.2500 8.7598
68.5000 8.8524
68.7500 8.9454
69.0000 9.0387
69.2500 9.1324
69.5000 9.2265
69.7500 9.3210
70.0000 9.4158
70.2500 9.5110
70.5000 9.6065
70.7500 9.7024
71.0000 9.7986
71.2500 9.8952
71.5000 9.9921
71.7500 10.0893
72.0000 10.1869
72.2500 10.2848
72.5000 10.3830
72.7500 10.4815
73.0000 10.5804
73.2500 10.6795
73.5000 10.7789
73.7500 10.8787
74.0000 10.9787
74.2500 11.0790
74.5000 11.1796
74.7500 11.2805
75.0000 11.3816
75.2500 11.4830
75.5000 11.5847
75.7500 11.6866
76.0000 11.7888
76.2500 11.8912
76.5000 11.9939
76.7500 12.0968
77.0000 12.1999
77.2500 12.3033
77.5000 12.4069
77.7500 12.5106
78.0000 12.6146
78.2500 12.7188
78.5000 12.8232
78.7500 12.9278
79.0000 13.0326
79.2500 13.1376
79.5000 13.2427
79.7500 13.3480
80.0000 13.4535
80.2500 13.5591
80.5000 13.6649
80.7500 13.7708
81.0000 13.8768
81.2500 13.9830
81.5000 14.0893
81.7500 14.1958
82.0000 14.3023
82.2500 14.4090
82.5000 14.5158
82.7500 14.6226
83.0000 14.7296
83.2500 14.8366
83.5000 14.9437
83.7500 15.0509
84.0000 15.1581
84.2500 15.2654
84.5000 15.3728
84.7500 15.4801
85.0000 15.5876
85.2500 15.6950
85.5000 15.8025
85.7500 15.9100
86.0000 16.0175
86.2500 16.1250
86.5000 16.2325
86.7500 16.3400
87.0000 16.4475
87.2500 16.5550
87.5000 16.6624
87.7500 16.7698
88.0000 16.8772
88.2500 16.9845
88.5000 17.0899
88.7500 17.1989
89.0000 17.3060
89.2500 17.4130
89.5000 17.5200
89.7500 17.6268
90.0000 17.7336
90.2500 17.8402
90.5000 17.9468
90.7500 18.0532
91.0000 18.1595
91.2500 18.2656
91.5000 18.3717
91.7500 18.4775
92.0000 18.5832
92.2500 18.6888
92.5000 18.7942
92.7500 18.8994
93.0000 19.0044
93.2500 19.1093
93.5000 19.2139
93.7500 19.3183
94.0000 19.4226
94.2500 19.5266
94.5000 19.6304
94.7500 19.7339
95.0000 19.8372
95.2500 19.9403
95.5000 20.0431
95.7500 20.1457
96.0000 20.2480
96.2500 20.3500
96.5000 20.4518
96.7500 20.5532
97.0000 20.6544
97.2500 20.7553
97.5000 20.8558
97.7500 20.9561
98.0000 21.0560
98.2500 21.1556
98.5000 21.2549
98.7500 21.3538
99.0000 21.4524
99.2500 21.5507
99.5000 21.6485
99.7500 21.7460
100.0000 21.8432
100.2500 21.9400
100.5000 22.0363
100.7500 22.1323
101.0000 22.2279
101.2500 22.3231
101.5000 22.4179
101.7500 22.5122
102.0000 22.6062
102.2500 22.6997
102.5000 22.7928
102.7500 22.8854
103.0000 22.9776
103.2500 23.0694
103.5000 23.1607
103.7500 23.2515
104.0000 23.3419
104.2500 23.4317
104.5000 23.5212
104.7500 23.6101
105.0000 23.6985
105.2500 23.7864
105.5000 23.8739
105.7500 23.9608
106.0000 24.0472
106.2500 24.1331
106.5000 24.2185
106.7500 24.3033
107.0000 24.3876
107.2500 24.4714
107.5000 24.5546
107.7500 24.6373
108.0000 24.7194
108.2500 24.8010
108.5000 24.8820
108.7500 24.9624
109.0000 25.0423
109.2500 25.1216
109.5000 25.2003
109.7500 25.2785
110.0000 25.3560
110.2500 25.4330
110.5000 25.5093
110.7500 25.5851
111.0000 25.6603
111.2500 25.7348
111.5000 25.8088
111.7500 25.8821
112.0000 25.9548
112.2500 26.0269
112.5000 26.0983
112.7500 26.1692
113.0000 26.2394
113.2500 26.3090
113.5000 26.3779
113.7500 26.4462
114.0000 26.5139
114.2500 26.5809
114.5000 26.6472
114.7500 26.7130
115.0000 26.7780
115.2500 26.8424
115.5000 26.9062
115.7500 26.9693
116.0000 27.0317
116.2500 27.0935
116.5000 27.1546
116.7500 27.2151
117.0000 27.2748
117.2500 27.3339
117.5000 27.3924
117.7500 27.4501
118.0000 27.5072
118.2500 27.5637
118.5000 27.6194
118.7500 27.6745
119.0000 27.7289
119.2500 27.7826
119.5000 27.8357
119.7500 27.8880
120.0000 27.9397
120.2500 27.9908
120.5000 28.0411
120.7500 28.0908
121.0000 28.1398
121.2500 28.1881
121.5000 28.2357
121.7500 28.2827
122.0000 28.3290
122.2500 28.3746
122.5000 28.4196
122.7500 28.4639
123.0000 28.5075
123.2500 28.5504
123.5000 28.5927
123.7500 28.6343
124.0000 28.6753
124.2500 28.7156
124.5000 28.7552
124.7500 28.7942
125.0000 28.8326
125.2500 28.8702
125.5000 28.9073
125.7500 28.9437
126.0000 28.9794
126.2500 29.0145
126.5000 29.0490
126.7500 29.0828
127.0000 29.1160
127.2500 29.1486
127.5000 29.1805
127.7500 29.2118
128.0000 29.2426
128.2500 29.2727
128.5000 29.3021
128.7500 29.3310
129.0000 29.3593
129.2500 29.3870
129.5000 29.4141
129.7500 29.4406
130.0000 29.4665
130.2500 29.4919
130.5000 29.5167
130.7500 29.5409
131.0000 29.5645
131.2500 29.5876
131.5000 29.6101
131.7500 29.6321
132.0000 29.6536
132.2500 29.6745
132.5000 29.6949
132.7500 29.7147
133.0000 29.7341
133.2500 29.7529
133.5000 29.7712
133.7500 29.7891
134.0000 29.8064
134.2500 29.8232
134.5000 29.8396
134.7500 29.8555
135.0000 29.8709
135.2500 29.8858
135.5000 29.9003
135.7500 29.9144
136.0000 29.9280
136.2500 29.9412
136.5000 29.9539
136.7500 29.9662
137.0000 29.9782
137.2500 29.9897
137.5000 30.0008
137.7500 30.0115
138.0000 30.0218
138.2500 30.0318
138.5000 30.0414
138.7500 30.0506
139.0000 30.0594
139.2500 30.0680
139.5000 30.0761
139.7500 30.0840
140.0000 30.0915
140.2500 30.0987
140.5000 30.1056
140.7500 30.1122
141.0000 30.1185
141.2500 30.1245
141.5000 30.1302
141.7500 30.1357
142.0000 30.1409
142.2500 30.1458
142.5000 30.1505
142.7500 30.1549
143.0000 30.1591
143.2500 30.1631
143.5000 30.1668
143.7500 30.1704
144.0000 30.1737
144.2500 30.1769
144.5000 30.1798
144.7500 30.1825
145.0000 30.1851
145.2500 30.1875
145.5000 30.1898
145.7500 30.1919
146.0000 30.1938
146.2500 30.1956
146.5000 30.1973
146.7500 30.1988
147.0000 30.2002
147.2500 30.2015
147.5000 30.2027
147.7500 30.2037
148.0000 30.2047
148.2500 30.2056
148.5000 30.2064
148.7500 30.2071
149.0000 30.2077
149.2500 30.2083
149.5000 30.2088
149.7500 30.2092
150.0000 30.2096
150.2500 30.2100
150.5000 30.2102
150.7500 30.2105
151.0000 30.2107
151.2500 30.2108
151.5000 30.2110
151.7500 30.2111
152.0000 30.2112
152.2500 30.2113
152.5000 30.2113
152.7500 30.2114
153.0000 30.2114
153.2500 30.2114
153.5000 30.2114
153.7500 30.2114
154.0000 30.2114
154.2500 30.2114
154.5000 30.2114
154.7500 30.2114
155.0000 30.2114
155.2500 30.2114
155.5000 30.2114
155.7500 30.2114
156.0000 30.2114
156.2500 30.2114
156.5000 30.2114
156.7500 30.2114
157.0000 30.2114
157.2500 30.2114
157.5000 30.2114
157.7500 30.2114
158.0000 30.2114
158.2500 30.2114
158.5000 30.2114
158.7500 30.2114
159.0000 30.2114
159.2500 30.2114
159.5000 30.2114
159.7500 30.2114
160.0000 30.2114
160.2500 30.2114
160.5000 30.2114
160.7500 30.2114
161.0000 30.2114
161.2500 30.2114
161.5000 30.2114
161.7500 30.2114
162.0000 30.2114
162.2500 30.2114
162.5000 30.2114
162.7500 30.2114
163.0000 30.2114
163.2500 30.2114
163.5000 30.2114
163.7500 30.2114
164.0000 30.2114
164.2500 30.2114
164.5000 30.2114
164.7500 30.2114
165.0000 30.2114
165.2500 30.2114
165.5000 30.2114
165.7500 30.2114
166.0000 30.2114
166.2500 30.2114
166.5000 30.2114
166.7500 30.2114
167.0000 30.2114
167.2500 30.2114
167.5000 30.2114
167.7500 30.2114
168.0000 30.2114
168.2500 30.2114
168.5000 30.2114
168.7500 30.2114
169.0000 30.2114
169.2500 30.2114
169.5000 30.2114
169.7500 30.2114
170.0000 30.2114
170.2500 30.2114
170.5000 30.2114
170.7500 30.2114
171.0000 30.2114
171.2500 30.2114
171.5000 30.2114
171.7500 30.2114
172.0000 30.2114
172.2500 30.2114
172.5000 30.2114
172.7500 30.2114
173.0000 30.2114
173.2500 30.2114
173.5000 30.2114
173.7500 30.2114
174.0000 30.2114
174.2500 30.2114
174.5000 30.2114
174.7500 30.2114
175.0000 30.2114
175.2500 30.2114
175.5000 30.2114
175.7500 30.2114
176.0000 30.2114
176.2500 30.2114
176.5000 30.2114
176.7500 30.2114
177.0000 30.2114
177.2500 30.2114
177.5000 30.2114
177.7500 30.2114
178.0000 30.2114
178.2500 30.2114
178.5000 30.2114
178.7500 30.2114
179.0000 30.2114
179.2500 30.2114
179.5000 30.2114
179.7500 30.2114
180.0000 30.2114
180.2500 30.2114
180.5000 30.2114
180.7500 30.2114
181.0000 30.2114
181.2500 30.2114
181.5000 30.2114
181.7500 30.2114
182.0000 30.2114
182.2500 30.2114
182.5000 30.2114
182.7500 30.2114
183.0000 30.2114
183.2500 30.2114
183.5000 30.2114
183.7500 30.2114
184.0000 30.2114
184.2500 30.2114
184.5000 30.2114
184.7500 30.2114
185.0000 30.2114
185.2500 30.2114
185.5000 30.2114
185.7500 30.2114
186.0000 30.2114
186.2500 30.2114
186.5000 30.2114
186.7500 30.2114
187.0000 30.2114
187.2500 30.2114
187.5000 30.2114
187.7500 30.2114
188.0000 30.2114
188.2500 30.2114
188.5000 30.2114
188.7500 30.2114
189.0000 30.2114
189.2500 30.2114
189.5000 30.2114
189.7500 30.2114
190.0000 30.2114
190.2500 30.2114
190.5000 30.2114
190.7500 30.2114
191.0000 30.2114
191.2500 30.2114
191.5000 30.2114
191.7500 30.2114
192.0000 30.2114
192.2500 30.2114
192.5000 30.2114
192.7500 30.2114
193.0000 30.2114
193.2500 30.2114
193.5000 30.2114
193.7500 30.2114
194.0000 30.2114
194.2500 30.2114
194.5000 30.2114
194.7500 30.2114
195.0000 30.2114
195.2500 30.2114
195.5000 30.2114
195.7500 30.2114
196.0000 30.2114
196.2500 30.2114
196.5000 30.2114
196.7500 30.2114
197.0000 30.2114
197.2500 30.2114
197.5000 30.2114
197.7500 30.2114
198.0000 30.2114
198.2500 30.2114
198.5000 30.2114
198.7500 30.2114
199.0000 30.2114
199.2500 30.2114
199.5000 30.2114
199.7500 30.2114
200.0000 30.2114
200.2500 30.2114
200.5000 30.2114
200.7500 30.2114
201.0000 30.2114
201.2500 30.2114
201.5000 30.2114
201.7500 30.2114
202.0000 30.2114
202.2500 30.2114
202.5000 30.2114
202.7500 30.2114
203.0000 30.2114
203.2500 30.2114
203.5000 30.2114
203.7500 30.2114
204.0000 30.2114
204.2500 30.2114
204.5000 30.2114
204.7500 30.2114
205.0000 30.2114
205.2500 30.2114
205.5000 30.2114
205.7500 30.2114
206.0000 30.2114
206.2500 30.2114
206.5000 30.2114
206.7500 30.2114
207.0000 30.2114
207.2500 30.2114
207.5000 30.2114
207.7500 30.2114
208.0000 30.2114
208.2500 30.2114
208.5000 30.2114
208.7500 30.2114
209.0000 30.2114
209.2500 30.2114
209.5000 30.2114
209.7500 30.2114
210.0000 30.2114
210.2500 30.2114
210.5000 30.2114
210.7500 30.2114
211.0000 30.2114
211.2500 30.2114
211.5000 30.2114
211.7500 30.2114
212.0000 30.2114
212.2500 30.2114
212.5000 30.2114
212.7500 30.2114
213.0000 30.2114
213.2500 30.2114
213.5000 30.2114
213.7500 30.2114
214.0000 30.2114
214.2500 30.2114
214.5000 30.2114
214.7500 30.2114
215.0000 30.2114
215.2500 30.2114
215.5000 30.2114
215.7500 30.2114
216.0000 30.2114
216.2500 30.2114
216.5000 30.2114
216.7500 30.2114
217.0000 30.2114
217.2500 30.2114
217.5000 30.2114
217.7500 30.2114
218.0000 30.2114
218.2500 30.2114
218.5000 30.2114
218.7500 30.2114
219.0000 30.2114
219.2500 30.2114
219.5000 30.2114
219.7500 30.2114
220.0000 30.2114
220.2500 30.2114
220.5000 30.2114
220.7500 30.2114
221.0000 30.2114
221.2500 30.2114
221.5000 30.2114
221.7500 30.2114
222.0000 30.2114
222.2500 30.2114
222.5000 30.2114
222.7500 30.2114
223.0000 30.2114
223.2500 30.2114
223.5000 30.2114
223.7500 30.2114
224.0000 30.2114
224.2500 30.2114
224.5000 30.2114
224.7500 30.2114
225.0000 30.2114
225.2500 30.2114
225.5000 30.2114
225.7500 30.2114
226.0000 30.2114
226.2500 30.2114
226.5000 30.2114
226.7500 30.2114
227.0000 30.2114
227.2500 30.2114
227.5000 30.2114
227.7500 30.2114
228.0000 30.2114
228.2500 30.2114
228.5000 30.2114
228.7500 30.2114
229.0000 30.2114
229.2500 30.2114
229.5000 30.2114
229.7500 30.2114
230.0000 30.2114
230.2500 30.2114
230.5000 30.2114
230.7500 30.2114
231.0000 30.2114
231.2500 30.2114
231.5000 30.2114
231.7500 30.2114
232.0000 30.2114
232.2500 30.2114
232.5000 30.2114
232.7500 30.2114
233.0000 30.2114
233.2500 30.2114
233.5000 30.2114
233.7500 30.2114
234.0000 30.2114
234.2500 30.2114
234.5000 30.2114
234.7500 30.2114
235.0000 30.2114
235.2500 30.2114
235.5000 30.2114
235.7500 30.2114
236.0000 30.2114
236.2500 30.2114
236.5000 30.2114
236.7500 30.2114
237.0000 30.2114
237.2500 30.2114
237.5000 30.2114
237.7500 30.2114
238.0000 30.2114
238.2500 30.2114
238.5000 30.2114
238.7500 30.2114
239.0000 30.2114
239.2500 30.2114
239.5000 30.2114
239.7500 30.2114
240.0000 30.2114
240.2500 30.2114
240.5000 30.2114
240.7500 30.2114
241.0000 30.2114
241.2500 30.2114
241.5000 30.2114
241.7500 30.2114
242.0000 30.2114
242.2500 30.2114
242.5000 30.2114
242.7500 30.2114
243.0000 30.2114
243.2500 30.2114
243.5000 30.2114
243.7500 30.2114
244.0000 30.2114
244.2500 30.2114
244.5000 30.2114
244.7500 30.2114
245.0000 30.2114
245.2500 30.2114
245.5000 30.2114
245.7500 30.2114
246.0000 30.2114
246.2500 30.2114
246.5000 30.2114
246.7500 30.2114
247.0000 30.2114
247.2500 30.2114
247.5000 30.2113
247.7500 30.2113
248.0000 30.2112
248.2500 30.2111
248.5000 30.2110
248.7500 30.2108
249.0000 30.2107
249.2500 30.2104
249.5000 30.2102
249.7500 30.2099
250.0000 30.2096
250.2500 30.2092
250.5000 30.2087
250.7500 30.2082
251.0000 30.2076
251.2500 30.2070
251.5000 30.2063
251.7500 30.2055
252.0000 30.2046
252.2500 30.2036
252.5000 30.2025
252.7500 30.2013
253.0000 30.2000
253.2500 30.1986
253.5000 30.1970
253.7500 30.1953
254.0000 30.1935
254.2500 30.1915
254.5000 30.1894
254.7500 30.1871
255.0000 30.1847
255.2500 30.1821
255.5000 30.1793
255.7500 30.1763
256.0000 30.1738
256.2500 30.1698
256.5000 30.1662
256.7500 30.1624
257.0000 30.1584
257.2500 30.1542
257.5000 30.1497
257.7500 30.1450
258.0000 30.1400
258.2500 30.1348
258.5000 30.1293
258.7500 30.1235
259.0000 30.1174
259.2500 30.1111
259.5000 30.1044
259.7500 30.0975
260.0000 30.0902
260.2500 30.0826
260.5000 30.0747
260.7500 30.0665
261.0000 30.0579
261.2500 30.0489
261.5000 30.0396
261.7500 30.0300
262.0000 30.0199
262.2500 30.0095
262.5000 29.9987
262.7500 29.9875
263.0000 29.9759
263.2500 29.9639
263.5000 29.9515
263.7500 29.9387
264.0000 29.9254
264.2500 29.9117
264.5000 29.8975
264.7500 29.8829
265.0000 29.8678
265.2500 29.8523
265.5000 29.8363
265.7500 29.8198
266.0000 29.8029
266.2500 29.7854
266.5000 29.7674
266.7500 29.7490
267.0000 29.7300
267.2500 29.7105
267.5000 29.6905
267.7500 29.6700
268.0000 29.6489
268.2500 29.6273
268.5000 29.6051
268.7500 29.5824
269.0000 29.5592
269.2500 29.5353
269.5000 29.5109
269.7500 29.4860
270.0000 29.4604
270.2500 29.4343
270.5000 29.4076
270.7500 29.3803
271.0000 29.3524
271.2500 29.3239
271.5000 29.2948
271.7500 29.2651
272.0000 29.2348
272.2500 29.2038
272.5000 29.1723
272.7500 29.1401
273.0000 29.1073
273.2500 29.0738
273.5000 29.0397
273.7500 29.0050
274.0000 28.9697
274.2500 28.9337
274.5000 28.8970
274.7500 28.8597
275.0000 28.8218
275.2500 28.7832
275.5000 28.7439
275.7500 28.7040
276.0000 28.6634
276.2500 28.6222
276.5000 28.5803
276.7500 28.5377
277.0000 28.4945
277.2500 28.4506
277.5000 28.4060
277.7500 28.3607
278.0000 28.3148
278.2500 28.2682
278.5000 28.2210
278.7500 28.1731
279.0000 28.1244
279.2500 28.0752
279.5000 28.0252
279.7500 27.9746
280.0000 27.9233
280.2500 27.8713
280.5000 27.8187
280.7500 27.7654
281.0000 27.7114
281.2500 27.6567
281.5000 27.6014
281.7500 27.5454
282.0000 27.4888
282.2500 27.4315
282.5000 27.3735
282.7500 27.3148
283.0000 27.2555
283.2500 27.1956
283.5000 27.1350
283.7500 27.0737
284.0000 27.0118
284.2500 26.9492
284.5000 26.8860
284.7500 26.8221
285.0000 26.7576
285.2500 26.6925
285.5000 26.6267
285.7500 26.5603
286.0000 26.4933
286.2500 26.4256
286.5000 26.3573
286.7500 26.2884
287.0000 26.2189
287.2500 26.1488
287.5000 26.0780
287.7500 26.0067
288.0000 25.9348
288.2500 25.8622
288.5000 25.7891
288.7500 25.7154
289.0000 25.6411
289.2500 25.5663
289.5000 25.4908
289.7500 25.4148
290.0000 25.3383
290.2500 25.2611
290.5000 25.1835
290.7500 25.1052
291.0000 25.0265
291.2500 24.9472
291.5000 24.8655
291.7500 24.7870
292.0000 24.7061
292.2500 24.6247
292.5000 24.5427
292.7500 24.4603
293.0000 24.3774
293.2500 24.2940
293.5000 24.2101
293.7500 24.1257
294.0000 24.0408
294.2500 23.9555
294.5000 23.8697
294.7500 23.7835
295.0000 23.6968
295.2500 23.6096
295.5000 23.5220
295.7500 23.4340
296.0000 23.3455
296.2500 23.2567
296.5000 23.1674
296.7500 23.0777
297.0000 22.9876
297.2500 22.8971
297.5000 22.8062
297.7500 22.7150
298.0000 22.6233
298.2500 22.5313
298.5000 22.4389
298.7500 22.3462
299.0000 22.2531
299.2500 22.1597
299.5000 22.0659
299.7500 21.9719
300.0000 21.8774
300.2500 21.7827
300.5000 21.6877
300.7500 21.5923
301.0000 21.4967
301.2500 21.4008
301.5000 21.3046
301.7500 21.2081
302.0000 21.1113
302.2500 21.0143
302.5000 20.9170
302.7500 20.8195
303.0000 20.7217
303.2500 20.6237
303.5000 20.5255
303.7500 20.4271
304.0000 20.3284
304.2500 20.2295
304.5000 20.1304
304.7500 20.0312
305.0000 19.9317
305.2500 19.8320
305.5000 19.7322
305.7500 19.6322
306.0000 19.5321
306.2500 19.4318
306.5000 19.3313
306.7500 19.2307
307.0000 19.1300
307.2500 19.0291
307.5000 18.9281
307.7500 18.8270
308.0000 18.7257
308.2500 18.6244
308.5000 18.5230
308.7500 18.4215
309.0000 18.3199
309.2500 18.2182
309.5000 18.1164
309.7500 18.0146
310.0000 17.9127
310.2500 17.8107
310.5000 17.7088
310.7500 17.6067
311.0000 17.5046
311.2500 17.4025
311.5000 17.3004
311.7500 17.1983
312.0000 17.0961
312.2500 16.9939
312.5000 16.8917
312.7500 16.7896
313.0000 16.6874
313.2500 16.5853
313.5000 16.4831
313.7500 16.3810
314.0000 16.2790
314.2500 16.1769
314.5000 16.0750
314.7500 15.9730
315.0000 15.8711
315.2500 15.7693
315.5000 15.6675
315.7500 15.5659
316.0000 15.4642
316.2500 15.3627
316.5000 15.2613
316.7500 15.1599
317.0000 15.0586
317.2500 14.9574
317.5000 14.8564
317.7500 14.7554
318.0000 14.6546
318.2500 14.5539
318.5000 14.4533
318.7500 14.3528
319.0000 14.2525
319.2500 14.1523
319.5000 14.0522
319.7500 13.9523
320.0000 13.8526
320.2500 13.7530
320.5000 13.6535
320.7500 13.5543
321.0000 13.4552
321.2500 13.3562
321.5000 13.2575
321.7500 13.1589
322.0000 13.0605
322.2500 12.9623
322.5000 12.8643
322.7500 12.7665
323.0000 12.6689
323.2500 12.5715
323.5000 12.4744
323.7500 12.3774
324.0000 12.2806
324.2500 12.1841
324.5000 12.0878
324.7500 11.9917
325.0000 11.8959
325.2500 11.8003
325.5000 11.7049
325.7500 11.6098
326.0000 11.5149
326.2500 11.4203
326.5000 11.3259
326.7500 11.2318
327.0000 11.1379
327.2500 11.0443
327.5000 10.9510
327.7500 10.8579
328.0000 10.7651
328.2500 10.6726
328.5000 10.5804
328.7500 10.4884
329.0000 10.3968
329.2500 10.3054
329.5000 10.2143
329.7500 10.1235
330.0000 10.0330
330.2500 9.9428
330.5000 9.8529
330.7500 9.7633
331.0000 9.6740
331.2500 9.5850
331.5000 9.4964
331.7500 9.4080
332.0000 9.3200
332.2500 9.2323
332.5000 9.1449
332.7500 9.0578
333.0000 8.9711
333.2500 8.8847
333.5000 8.7986
333.7500 8.7129
334.0000 8.6275
334.2500 8.5424
334.5000 8.4577
334.7500 8.3733
335.0000 8.2892
335.2500 8.2055
335.5000 8.1222
335.7500 8.0392
336.0000 7.9566
336.2500 7.8743
336.5000 7.7924
336.7500 7.7108
337.0000 7.6296
337.2500 7.5488
337.5000 7.4683
337.7500 7.3882
338.0000 7.3085
338.2500 7.2291
338.5000 7.1501
338.7500 7.0715
339.0000 6.9933
339.2500 6.9154
339.5000 6.8380
339.7500 6.7609
340.0000 6.6842
340.2500 6.6078
340.5000 6.5319
340.7500 6.4563
341.0000 6.3811
341.2500 6.3064
341.5000 6.2320
341.7500 6.1580
342.0000 6.0844
342.2500 6.0112
342.5000 5.9384
342.7500 5.8660
343.0000 5.7940
343.2500 5.7223
343.5000 5.6511
343.7500 5.5803
344.0000 5.5100
344.2500 5.4400
344.5000 5.3704
344.7500 5.3012
345.0000 5.2324
345.2500 5.1641
345.5000 5.0962
345.7500 5.0286
346.0000 4.9615
346.2500 4.8948
346.5000 4.8286
346.7500 4.7627
347.0000 4.6973
347.2500 4.6322
347.5000 4.5677
347.7500 4.5035
348.0000 4.4397
348.2500 4.3764
348.5000 4.3135
348.7500 4.2510
349.0000 4.1890
349.2500 4.1273
349.5000 4.0661
349.7500 4.0054
350.0000 3.9450
350.2500 3.8851
350.5000 3.8257
350.7500 3.7666
351.0000 3.7080
351.2500 3.6499
351.5000 3.5921
351.7500 3.5348
352.0000 3.4777
352.2500 3.4215
352.5000 3.3656
352.7500 3.3100
353.0000 3.2549
353.2500 3.2002
353.5000 3.1460
353.7500 3.0922
354.0000 3.0389
354.2500 2.9860
354.5000 2.9335
354.7500 2.8815
355.0000 2.8300
355.2500 2.7789
355.5000 2.7282
355.7500 2.6780
356.0000 2.6282
356.2500 2.5789
356.5000 2.5300
356.7500 2.4816
357.0000 2.4336
357.2500 2.3861
357.5000 2.3390
357.7500 2.2924
358.0000 2.2463
358.2500 2.2006
358.5000 2.1553
358.7500 2.1105
359.0000 2.0662
359.2500 2.0223
359.5000 1.9788
359.7500 1.9359
