0.0000 1.8933
0.5000 1.8097
1.0000 1.7306
1.5000 1.6479
2.0000 1.5697
2.5000 1.4935
3.0000 1.4190
3.5000 1.3465
4.0000 1.2757
4.5000 1.2069
5.0000 1.1399
5.5000 1.0748
6.0000 1.0115
6.5000 0.9502
7.0000 0.8907
7.5000 0.8331
8.0000 0.7774
8.5000 0.7236
9.0000 0.6717
9.5000 0.6217
10.0000 0.5736
10.5000 0.5274
11.0000 0.4831
11.5000 0.4408
12.0000 0.4003
12.5000 0.3618
13.0000 0.3252
13.5000 0.2905
14.0000 0.2578
14.5000 0.2270
15.0000 0.1982
15.5000 0.1713
16.0000 0.1463
16.5000 0.1233
17.0000 0.1022
17.5000 0.0831
18.0000 0.0660
18.5000 0.0508
19.0000 0.0376
19.5000 0.0264
20.0000 0.0172
20.5000 0.0099
21.0000 0.0046
21.5000 0.0013
22.0000 0.0000
22.5000 0.0007
23.0000 0.0034
23.5000 0.0081
24.0000 0.0148
24.5000 0.0235
25.0000 0.0342
25.5000 0.0470
26.0000 0.0618
26.5000 0.0786
27.0000 0.0974
27.5000 0.1182
28.0000 0.1411
28.5000 0.1661
29.0000 0.1931
29.5000 0.2221
30.0000 0.2532
30.5000 0.2863
31.0000 0.3215
31.5000 0.3588
32.0000 0.3981
32.5000 0.4395
33.0000 0.4829
33.5000 0.5285
34.0000 0.5761
34.5000 0.6258
35.0000 0.6776
35.5000 0.7314
36.0000 0.7874
36.5000 0.8455
37.0000 0.9056
37.5000 0.9679
38.0000 1.0322
38.5000 1.0986
39.0000 1.1672
39.5000 1.2379
40.0000 1.3106
40.5000 1.3855
41.0000 1.4625
41.5000 1.5416
42.0000 1.6228
42.5000 1.7062
43.0000 1.7916
43.5000 1.8792
44.0000 1.9688
44.5000 2.0606
45.0000 2.1545
45.5000 2.2505
46.0000 2.3487
46.5000 2.4489
47.0000 2.5512
47.5000 2.6557
48.0000 2.7622
48.5000 2.8709
49.0000 2.9817
49.5000 3.0945
50.0000 3.2095
50.5000 3.3265
51.0000 3.4456
51.5000 3.5668
52.0000 3.6901
52.5000 3.8154
53.0000 3.9429
53.5000 4.0723
54.0000 4.2038
54.5000 4.3373
55.0000 4.4729
55.5000 4.6105
56.0000 4.7501
56.5000 4.8917
57.0000 5.0353
57.5000 5.1809
58.0000 5.3284
58.5000 5.4779
59.0000 5.6293
59.5000 5.7827
60.0000 5.9380
60.5000 6.0951
61.0000 6.2542
61.5000 6.4151
62.0000 6.5778
62.5000 6.7424
63.0000 6.9088
63.5000 7.0770
64.0000 7.2470
64.5000 7.4187
65.0000 7.5921
65.5000 7.7672
66.0000 7.9440
66.5000 8.1225
67.0000 8.3026
67.5000 8.4843
68.0000 8.6676
68.5000 8.8524
69.0000 9.0387
69.5000 9.2265
70.0000 9.4158
70.5000 9.6065
71.0000 9.7986
71.5000 9.9921
72.0000 10.1869
72.5000 10.3830
73.0000 10.5804
73.5000 10.7789
74.0000 10.9787
74.5000 11.1796
75.0000 11.3816
75.5000 11.5847
76.0000 11.7888
76.5000 11.9939
77.0000 12.1999
77.5000 12.4069
78.0000 12.6146
78.5000 12.8232
79.0000 13.0326
79.5000 13.2427
80.0000 13.4535
80.5000 13.6649
81.0000 13.8768
81.5000 14.0893
82.0000 14.3023
82.5000 14.5158
83.0000 14.7296
83.5000 14.9437
84.0000 15.1581
84.5000 15.3728
85.0000 15.5876
85.5000 15.8025
86.0000 16.0175
86.5000 16.2325
87.0000 16.4475
87.5000 16.6624
88.0000 16.8772
88.5000 17.0899
89.0000 17.3060
89.5000 17.5200
90.0000 17.7336
90.5000 17.9468
91.0000 18.1595
91.5000 18.3717
92.0000 18.5832
92.5000 18.7942
93.0000 19.0044
93.5000 19.2139
94.0000 19.4226
94.5000 19.6304
95.0000 19.8372
95.5000 20.0431
96.0000 20.2480
96.5000 20.4518
97.0000 20.6544
97.5000 20.8558
98.0000 21.0560
98.5000 21.2549
99.0000 21.4524
99.5000 21.6485
100.0000 21.8432
100.5000 22.0363
101.0000 22.2279
101.5000 22.4179
102.0000 22.6062
102.5000 22.7928
103.0000 22.9776
103.5000 23.1607
104.0000 23.3419
104.5000 23.5212
105.0000 23.6985
105.5000 23.8739
106.0000 24.0472
106.5000 24.2185
107.0000 24.3876
107.5000 24.5546
108.0000 24.7194
108.5000 24.8820
109.0000 25.0423
109.5000 25.2003
110.0000 25.3560
110.5000 25.5093
111.0000 25.6603
111.5000 25.8088
112.0000 25.9548
112.5000 26.0983
113.0000 26.2394
113.5000 26.3779
114.0000 26.5139
114.5000 26.6472
115.0000 26.7780
115.5000 26.9062
116.0000 27.0317
116.5000 27.1546
117.0000 27.2748
117.5000 27.3924
118.0000 27.5072
118.5000 27.6194
119.0000 27.7289
119.5000 27.8357
120.0000 27.9397
120.5000 28.0411
121.0000 28.1398
121.5000 28.2357
122.0000 28.3290
122.5000 28.4196
123.0000 28.5075
123.5000 28.5927
124.0000 28.6753
124.5000 28.7552
125.0000 28.8326
125.5000 28.9073
126.0000 28.9794
126.5000 29.0490
127.0000 29.1160
127.5000 29.1805
128.0000 29.2426
128.5000 29.3021
129.0000 29.3593
129.5000 29.4141
130.0000 29.4665
130.5000 29.5167
131.0000 29.5645
131.5000 29.6101
132.0000 29.6536
132.5000 29.6949
133.0000 29.7341
133.5000 29.7712
134.0000 29.8064
134.5000 29.8396
135.0000 29.8709
135.5000 29.9003
136.0000 29.9280
136.5000 29.9539
137.0000 29.9782
137.5000 30.0008
138.0000 30.0218
138.5000 30.0414
139.0000 30.0594
139.5000 30.0761
140.0000 30.0915
140.5000 30.1056
141.0000 30.1185
141.5000 30.1302
142.0000 30.1409
142.5000 30.1505
143.0000 30.1591
143.5000 30.1668
144.0000 30.1737
144.5000 30.1798
145.0000 30.1851
145.5000 30.1898
146.0000 30.1938
146.5000 30.1973
147.0000 30.2002
147.5000 30.2027
148.0000 30.2047
148.5000 30.2064
149.0000 30.2077
149.5000 30.2088
150.0000 30.2096
150.5000 30.2102
151.0000 30.2107
151.5000 30.2110
152.0000 30.2112
152.5000 30.2113
153.0000 30.2114
153.5000 30.2114
154.0000 30.2114
154.5000 30.2114
155.0000 30.2114
155.5000 30.2114
156.0000 30.2114
156.5000 30.2114
157.0000 30.2114
157.5000 30.2114
158.0000 30.2114
158.5000 30.2114
159.0000 30.2114
159.5000 30.2114
160.0000 30.2114
160.5000 30.2114
161.0000 30.2114
161.5000 30.2114
162.0000 30.2114
162.5000 30.2114
163.0000 30.2114
163.5000 30.2114
164.0000 30.2114
164.5000 30.2114
165.0000 30.2114
165.5000 30.2114
166.0000 30.2114
166.5000 30.2114
167.0000 30.2114
167.5000 30.2114
168.0000 30.2114
168.5000 30.2114
169.0000 30.2114
169.5000 30.2114
170.0000 30.2114
170.5000 30.2114
171.0000 30.2114
171.5000 30.2114
172.0000 30.2114
172.5000 30.2114
173.0000 30.2114
173.5000 30.2114
174.0000 30.2114
174.5000 30.2114
175.0000 30.2114
175.5000 30.2114
176.0000 30.2114
176.5000 30.2114
177.0000 30.2114
177.5000 30.2114
178.0000 30.2114
178.5000 30.2114
179.0000 30.2114
179.5000 30.2114
180.0000 30.2114
180.5000 30.2114
181.0000 30.2114
181.5000 30.2114
182.0000 30.2114
182.5000 30.2114
183.0000 30.2114
183.5000 30.2114
184.0000 30.2114
184.5000 30.2114
185.0000 30.2114
185.5000 30.2114
186.0000 30.2114
186.5000 30.2114
187.0000 30.2114
187.5000 30.2114
188.0000 30.2114
188.5000 30.2114
189.0000 30.2114
189.5000 30.2114
190.0000 30.2114
190.5000 30.2114
191.0000 30.2114
191.5000 30.2114
192.0000 30.2114
192.5000 30.2114
193.0000 30.2114
193.5000 30.2114
194.0000 30.2114
194.5000 30.2114
195.0000 30.2114
195.5000 30.2114
196.0000 30.2114
196.5000 30.2114
197.0000 30.2114
197.5000 30.2114
198.0000 30.2114
198.5000 30.2114
199.0000 30.2114
199.5000 30.2114
200.0000 30.2114
200.5000 30.2114
201.0000 30.2114
201.5000 30.2114
202.0000 30.2114
202.5000 30.2114
203.0000 30.2114
203.5000 30.2114
204.0000 30.2114
204.5000 30.2114
205.0000 30.2114
205.5000 30.2114
206.0000 30.2114
206.5000 30.2114
207.0000 30.2114
207.5000 30.2114
208.0000 30.2114
208.5000 30.2114
209.0000 30.2114
209.5000 30.2114
210.0000 30.2114
210.5000 30.2114
211.0000 30.2114
211.5000 30.2114
212.0000 30.2114
212.5000 30.2114
213.0000 30.2114
213.5000 30.2114
214.0000 30.2114
214.5000 30.2114
215.0000 30.2114
215.5000 30.2114
216.0000 30.2114
216.5000 30.2114
217.0000 30.2114
217.5000 30.2114
218.0000 30.2114
218.5000 30.2114
219.0000 30.2114
219.5000 30.2114
220.0000 30.2114
220.5000 30.2114
221.0000 30.2114
221.5000 30.2114
222.0000 30.2114
222.5000 30.2114
223.0000 30.2114
223.5000 30.2114
224.0000 30.2114
224.5000 30.2114
225.0000 30.2114
225.5000 30.2114
226.0000 30.2114
226.5000 30.2114
227.0000 30.2114
227.5000 30.2114
228.0000 30.2114
228.5000 30.2114
229.0000 30.2114
229.5000 30.2114
230.0000 30.2114
230.5000 30.2114
231.0000 30.2114
231.5000 30.2114
232.0000 30.2114
232.5000 30.2114
233.0000 30.2114
233.5000 30.2114
234.0000 30.2114
234.5000 30.2114
235.0000 30.2114
235.5000 30.2114
236.0000 30.2114
236.5000 30.2114
237.0000 30.2114
237.5000 30.2114
238.0000 30.2114
238.5000 30.2114
239.0000 30.2114
239.5000 30.2114
240.0000 30.2114
240.5000 30.2114
241.0000 30.2114
241.5000 30.2114
242.0000 30.2114
242.5000 30.2114
243.0000 30.2114
243.5000 30.2114
244.0000 30.2114
244.5000 30.2114
245.0000 30.2114
245.5000 30.2114
246.0000 30.2114
246.5000 30.2114
247.0000 30.2114
247.5000 30.2113
248.0000 30.2112
248.5000 30.2110
249.0000 30.2107
249.5000 30.2102
250.0000 30.2096
250.5000 30.2087
251.0000 30.2076
251.5000 30.2063
252.0000 30.2046
252.5000 30.2025
253.0000 30.2000
253.5000 30.1970
254.0000 30.1935
254.5000 30.1894
255.0000 30.1847
255.5000 30.1793
256.0000 30.1738
256.5000 30.1662
257.0000 30.1584
257.5000 30.1497
258.0000 30.1400
258.5000 30.1293
259.0000 30.1174
259.5000 30.1044
260.0000 30.0902
260.5000 30.0747
261.0000 30.0579
261.5000 30.0396
262.0000 30.0199
262.5000 29.9987
263.0000 29.9759
263.5000 29.9515
264.0000 29.9254
264.5000 29.8975
265.0000 29.8678
265.5000 29.8363
266.0000 29.8029
266.5000 29.7674
267.0000 29.7300
267.5000 29.6905
268.0000 29.6489
268.5000 29.6051
269.0000 29.5592
269.5000 29.5109
270.0000 29.4604
270.5000 29.4076
271.0000 29.3524
271.5000 29.2948
272.0000 29.2348
272.5000 29.1723
273.0000 29.1073
273.5000 29.0397
274.0000 28.9697
274.5000 28.8970
275.0000 28.8218
275.5000 28.7439
276.0000 28.6634
276.5000 28.5803
277.0000 28.4945
277.5000 28.4060
278.0000 28.3148
278.5000 28.2210
279.0000 28.1244
279.5000 28.0252
280.0000 27.9233
280.5000 27.8187
281.0000 27.7114
281.5000 27.6014
282.0000 27.4888
282.5000 27.3735
283.0000 27.2555
283.5000 27.1350
284.0000 27.0118
284.5000 26.8860
285.0000 26.7576
285.5000 26.6267
286.0000 26.4933
286.5000 26.3573
287.0000 26.2189
287.5000 26.0780
288.0000 25.9348
288.5000 25.7891
289.0000 25.6411
289.5000 25.4908
290.0000 25.3383
290.5000 25.1835
291.0000 25.0265
291.5000 24.8655
292.0000 24.7061
292.5000 24.5427
293.0000 24.3774
293.5000 24.2101
294.0000 24.0408
294.5000 23.8697
295.0000 23.6968
295.5000 23.5220
296.0000 23.3455
296.5000 23.1674
297.0000 22.9876
297.5000 22.8062
298.0000 22.6233
298.5000 22.4389
299.0000 22.2531
299.5000 22.0659
300.0000 21.8774
300.5000 21.6877
301.0000 21.4967
301.5000 21.3046
302.0000 21.1113
302.5000 20.9170
303.0000 20.7217
303.5000 20.5255
304.0000 20.3284
304.5000 20.1304
305.0000 19.9317
305.5000 19.7322
306.0000 19.5321
306.5000 19.3313
307.0000 19.1300
307.5000 18.9281
308.0000 18.7257
308.5000 18.5230
309.0000 18.3199
309.5000 18.1164
310.0000 17.9127
310.5000 17.7088
311.0000 17.5046
311.5000 17.3004
312.0000 17.0961
312.5000 16.8917
313.0000 16.6874
313.5000 16.4831
314.0000 16.2790
314.5000 16.0750
315.0000 15.8711
315.5000 15.6675
316.0000 15.4642
316.5000 15.2613
317.0000 15.0586
317.5000 14.8564
318.0000 14.6546
318.5000 14.4533
319.0000 14.2525
319.5000 14.0522
320.0000 13.8526
320.5000 13.6535
321.0000 13.4552
321.5000 13.2575
322.0000 13.0605
322.5000 12.8643
323.0000 12.6689
323.5000 12.4744
324.0000 12.2806
324.5000 12.0878
325.0000 11.8959
325.5000 11.7049
326.0000 11.5149
326.5000 11.3259
327.0000 11.1379
327.5000 10.9510
328.0000 10.7651
328.5000 10.5804
329.0000 10.3968
329.5000 10.2143
330.0000 10.0330
330.5000 9.8529
331.0000 9.6740
331.5000 9.4964
332.0000 9.3200
332.5000 9.1449
333.0000 8.9711
333.5000 8.7986
334.0000 8.6275
334.5000 8.4577
335.0000 8.2892
335.5000 8.1222
336.0000 7.9566
336.5000 7.7924
337.0000 7.6296
337.5000 7.4683
338.0000 7.3085
338.5000 7.1501
339.0000 6.9933
339.5000 6.8380
340.0000 6.6842
340.5000 6.5319
341.0000 6.3811
341.5000 6.2320
342.0000 6.0844
342.5000 5.9384
343.0000 5.7940
343.5000 5.6511
344.0000 5.5100
344.5000 5.3704
345.0000 5.2324
345.5000 5.0962
346.0000 4.9615
346.5000 4.8286
347.0000 4.6973
347.5000 4.5677
348.0000 4.4397
348.5000 4.3135
349.0000 4.1890
349.5000 4.0661
350.0000 3.9450
350.5000 3.8257
351.0000 3.7080
351.5000 3.5921
352.0000 3.4777
352.5000 3.3656
353.0000 3.2549
353.5000 3.1460
354.0000 3.0389
354.5000 2.9335
355.0000 2.8300
355.5000 2.7282
356.0000 2.6282
356.5000 2.5300
357.0000 2.4336
357.5000 2.3390
358.0000 2.2463
358.5000 2.1553
359.0000 2.0662
359.5000 1.9788
